0	-1000
1	-1000
2	-1000
3	-1000
4	-1000
5	-1000
6	-1000
7	-1000
8	-1000
9	-1000
10	-1000
11	-1000
12	-1000
13	-1000
14	-1000
15	-1000
16	-1000
17	-1000
18	-1000
19	-1000
20	-1000
21	-1000
22	-1000
23	-1000
24	-1000
25	-1000
26	-1000
27	-1000
28	-1000
29	-1000
30	-1000
31	-1000
32	-1000
33	-1000
34	-1000
35	-1000
36	-1000
37	-1000
38	-1000
39	-1000
40	-1000
41	-1000
42	-1000
43	-1000
44	-1000
45	-1000
46	-1000
47	-1000
48	-1000
49	-1000
50	-1000
51	-1000
52	-1000
53	-1000
54	-1000
55	-1000
56	-1000
57	-1000
58	-1000
59	-1000
60	-1000
61	-1000
62	-1000
63	-1000
64	-1000
65	-1000
66	-1000
67	-1000
68	-1000
69	-1000
70	-1000
71	-1000
72	-1000
73	-1000
74	-1000
75	-1000
76	-1000
77	-1000
78	-1000
79	-1000
80	-1000
81	-1000
82	-1000
83	-1000
84	-1000
85	-1000
86	-1000
87	-1000
88	-1000
89	-1000
90	-1000
91	-1000
92	-1000
93	-1000
94	-1000
95	-1000
96	-1000
97	-1000
98	-1000
99	-1000
100	-1000
101	-1000
102	-1000
103	-1000
104	-1000
105	-1000
106	-1000
107	-1000
108	-1000
109	-1000
110	-1000
111	-1000
112	-1000
113	-1000
114	-1000
115	-1000
116	-1000
117	-1000
118	-1000
119	-1000
120	-1000
121	-1000
122	-1000
123	-1000
124	-1000
125	-1000
126	-1000
127	-1000
128	-1000
129	-1000
130	-1000
131	-1000
132	-1000
133	-1000
134	-1000
135	-1000
136	-1000
137	-1000
138	-1000
139	-1000
140	-1000
141	-1000
142	-1000
143	-1000
144	-1000
145	-1000
146	-1000
147	-1000
148	-1000
149	-1000
150	-1000
151	-1000
152	-1000
153	-1000
154	-1000
155	-1000
156	-1000
157	-1000
158	-1000
159	-1000
160	-1000
161	-1000
162	-1000
163	-1000
164	-1000
165	-1000
166	-1000
167	-1000
168	-1000
169	-1000
170	-1000
171	-1000
172	-1000
173	-1000
174	-1000
175	-1000
176	-1000
177	-1000
178	-1000
179	-1000
180	-1000
181	-1000
182	-1000
183	-1000
184	-1000
185	-1000
186	-1000
187	-1000
188	-1000
189	-1000
190	-1000
191	-1000
192	-1000
193	-1000
194	-1000
195	-1000
196	-1000
197	-1000
198	-1000
199	-1000
200	-1000
201	-1000
202	-1000
203	-1000
204	-1000
205	-1000
206	-1000
207	-1000
208	-1000
209	-1000
210	-1000
211	-1000
212	-1000
213	-1000
214	-1000
215	-1000
216	-1000
217	-1000
218	-1000
219	-1000
220	-1000
221	-1000
222	-1000
223	-1000
224	-1000
225	-1000
226	-1000
227	-1000
228	-1000
229	-1000
230	-1000
231	-1000
232	-1000
233	-1000
234	-1000
235	-1000
236	-1000
237	-1000
238	-1000
239	-1000
240	-1000
241	-1000
242	-1000
243	-1000
244	-1000
245	-1000
246	-1000
247	-1000
248	-1000
249	-1000
250	-1000
251	-1000
252	-1000
253	-1000
254	-1000
255	-1000
256	-1000
257	-1000
258	-1000
259	-1000
260	-1000
261	-1000
262	-1000
263	-1000
264	-1000
265	-1000
266	-1000
267	-1000
268	-1000
269	-1000
270	-1000
271	-1000
272	-1000
273	-1000
274	-1000
275	-1000
276	-1000
277	-1000
278	-1000
279	-1000
280	-1000
281	-1000
282	-1000
283	-1000
284	-1000
285	-1000
286	-1000
287	-1000
288	-1000
289	-1000
290	-1000
291	-1000
292	-1000
293	-1000
294	-1000
295	-1000
296	-1000
297	-1000
298	-1000
299	-1000
300	-1000
301	-1000
302	-1000
303	-1000
304	-1000
305	-1000
306	-1000
307	-1000
308	-1000
309	-1000
310	-1000
311	-1000
312	-1000
313	-1000
314	-1000
315	-1000
316	-1000
317	-1000
318	-1000
319	-1000
320	-1000
321	-1000
322	-1000
323	-1000
324	-1000
325	-1000
326	-1000
327	-1000
328	-1000
329	-1000
330	-1000
331	-1000
332	-1000
333	-1000
334	-1000
335	-1000
336	-1000
337	-1000
338	-1000
339	-1000
340	-1000
341	-1000
342	-1000
343	-1000
344	-1000
345	-1000
346	-1000
347	-1000
348	-1000
349	-1000
350	-1000
351	-1000
352	-1000
353	-1000
354	-1000
355	-1000
356	-1000
357	-1000
358	-1000
359	-1000
360	-1000
361	-1000
362	-1000
363	-1000
364	-1000
365	-1000
366	-1000
367	-1000
368	-1000
369	-1000
370	-1000
371	-1000
372	-1000
373	-1000
374	-1000
375	-1000
376	-1000
377	-1000
378	-1000
379	-1000
380	-1000
381	-1000
382	-1000
383	-1000
384	-1000
385	-1000
386	-1000
387	-1000
388	-1000
389	-1000
390	-1000
391	-1000
392	-1000
393	-1000
394	-1000
395	-1000
396	-1000
397	-1000
398	-1000
399	-1000
400	-1000
401	-1000
402	-1000
403	-1000
404	-1000
405	-1000
406	-1000
407	-1000
408	-1000
409	-1000
410	-1000
411	-1000
412	-1000
413	-1000
414	-1000
415	-1000
416	-1000
417	-1000
418	-1000
419	-1000
420	-1000
421	-1000
422	-1000
423	-1000
424	-1000
425	-1000
426	-1000
427	-1000
428	-1000
429	-1000
430	-1000
431	-1000
432	-1000
433	-1000
434	-1000
435	-1000
436	-1000
437	-1000
438	-1000
439	-1000
440	-1000
441	-1000
442	-1000
443	-1000
444	-1000
445	-1000
446	-1000
447	-1000
448	-1000
449	-1000
450	-1000
451	-1000
452	-1000
453	-1000
454	-1000
455	-1000
456	-1000
457	-1000
458	-1000
459	-1000
460	-1000
461	-1000
462	-1000
463	-1000
464	-1000
465	-1000
466	-1000
467	-1000
468	-1000
469	-1000
470	-1000
471	-1000
472	-1000
473	-1000
474	-1000
475	-1000
476	-1000
477	-1000
478	-1000
479	-1000
480	-1000
481	-1000
482	-1000
483	-1000
484	-1000
485	-1000
486	-1000
487	-1000
488	-1000
489	-1000
490	-1000
491	-1000
492	-1000
493	-1000
494	-1000
495	-1000
496	-1000
497	-1000
498	-1000
499	-1000
500	-1000
501	-1000
502	-1000
503	-1000
504	-1000
505	-1000
506	-1000
507	-1000
508	-1000
509	-1000
510	-1000
511	-1000
512	-1000
513	-1000
514	-1000
515	-1000
516	-1000
517	-1000
518	-1000
519	-1000
520	-1000
521	-1000
522	-1000
523	-1000
524	-1000
525	-1000
526	-1000
527	-1000
528	-1000
529	-1000
530	-1000
531	-1000
532	-1000
533	-1000
534	-1000
535	-1000
536	-1000
537	-1000
538	-1000
539	-1000
540	-1000
541	-1000
542	-1000
543	-1000
544	-1000
545	-1000
546	-1000
547	-1000
548	-1000
549	-1000
550	-1000
551	-1000
552	-1000
553	-1000
554	-1000
555	-1000
556	-1000
557	-1000
558	-1000
559	-1000
560	-1000
561	-1000
562	-1000
563	-1000
564	-1000
565	-1000
566	-1000
567	-1000
568	-1000
569	-1000
570	-1000
571	-1000
572	-1000
573	-1000
574	-1000
575	-1000
576	-1000
577	-1000
578	-1000
579	-1000
580	-1000
581	-1000
582	-1000
583	-1000
584	-1000
585	-1000
586	5
587	5
588	5
589	5
590	5
591	5
592	5
593	5
594	5
595	5
596	5
597	5
598	5
599	5
600	5
601	5
602	5
603	5
604	5
605	-1000
606	-1000
607	-1000
608	-1000
609	-1000
610	-1000
611	-1000
612	-1000
613	-1000
614	-1000
615	-1000
616	-1000
617	-1000
618	-1000
619	-1000
620	-1000
621	-1000
622	-1000
623	-1000
624	-1000
625	-1000
626	-1000
627	-1000
628	-1000
629	-1000
630	-1000
631	-1000
632	-1000
633	-1000
634	-1000
635	-1000
636	-1000
637	-1000
638	-1000
639	-1000
640	-1000
641	-1000
642	-1000
643	-1000
644	-1000
645	-1000
646	-1000
647	-1000
648	-1000
649	-1000
650	-1000
651	-1000
652	-1000
653	-1000
654	-1000
655	-1000
656	-1000
657	-1000
658	-1000
659	-1000
660	-1000
661	-1000
662	-1000
663	-1000
664	-1000
665	-1000
666	-1000
667	-1000
668	-1000
669	-1000
670	-1000
671	-1000
672	-1000
673	-1000
674	-1000
675	-1000
676	-1000
677	-1000
678	-1000
679	-1000
680	-1000
681	-1000
682	-1000
683	-1000
684	-1000
685	-1000
686	-1000
687	-1000
688	-1000
689	-1000
690	-1000
691	-1000
692	-1000
693	-1000
694	-1000
695	-1000
696	-1000
697	-1000
698	-1000
699	-1000
700	-1000
701	-1000
702	-1000
703	-1000
704	-1000
705	-1000
706	-1000
707	-1000
708	-1000
709	-1000
710	-1000
711	-1000
712	-1000
713	-1000
714	-1000
715	-1000
716	-1000
717	-1000
718	-1000
719	-1000
720	-1000
721	-1000
722	-1000
723	-1000
724	-1000
725	-1000
726	-1000
727	-1000
728	-1000
729	-1000
730	-1000
731	-1000
732	-1000
733	-1000
734	-1000
735	-1000
736	-1000
737	-1000
738	-1000
739	-1000
740	-1000
741	-1000
742	-1000
743	-1000
744	-1000
745	-1000
746	-1000
747	-1000
748	-1000
749	-1000
750	-1000
751	-1000
752	-1000
753	-1000
754	-1000
755	-1000
756	-1000
757	-1000
758	-1000
759	-1000
760	-1000
761	-1000
762	-1000
763	-1000
764	-1000
765	-1000
766	-1000
767	-1000
768	-1000
769	-1000
770	-1000
771	-1000
772	-1000
773	-1000
774	-1000
775	-1000
776	-1000
777	-1000
778	-1000
779	-1000
780	-1000
781	-1000
782	-1000
783	-1000
784	-1000
785	-1000
786	-1000
787	-1000
788	-1000
789	-1000
790	-1000
791	-1000
792	-1000
793	-1000
794	-1000
795	-1000
796	-1000
797	-1000
798	-1000
799	-1000
800	-1000
801	-1000
802	-1000
803	-1000
804	-1000
805	-1000
806	-1000
807	-1000
808	-1000
809	-1000
810	-1000
811	-1000
812	-1000
813	-1000
814	-1000
815	-1000
816	-1000
817	-1000
818	-1000
819	-1000
820	-1000
821	-1000
822	-1000
823	-1000
824	-1000
825	-1000
826	-1000
827	-1000
828	-1000
829	-1000
830	-1000
831	-1000
832	-1000
833	-1000
834	-1000
835	-1000
836	-1000
837	-1000
838	-1000
839	-1000
840	-1000
841	-1000
842	-1000
843	-1000
844	-1000
845	-1000
846	-1000
847	-1000
848	-1000
849	-1000
850	-1000
851	-1000
852	-1000
853	-1000
854	-1000
855	-1000
856	-1000
857	-1000
858	-1000
859	-1000
860	-1000
861	-1000
862	-1000
863	-1000
864	-1000
865	-1000
866	-1000
867	-1000
868	-1000
869	-1000
870	-1000
871	-1000
872	-1000
873	-1000
874	-1000
875	-1000
876	-1000
877	-1000
878	-1000
879	-1000
880	-1000
881	-1000
882	-1000
883	-1000
884	-1000
885	-1000
886	-1000
887	-1000
888	-1000
889	-1000
890	-1000
891	-1000
892	-1000
893	-1000
894	-1000
895	-1000
896	-1000
897	-1000
898	-1000
899	-1000
900	-1000
901	-1000
902	-1000
903	-1000
904	-1000
905	-1000
906	-1000
907	-1000
908	-1000
909	-1000
910	-1000
911	-1000
912	-1000
913	-1000
914	-1000
915	-1000
916	-1000
917	-1000
918	-1000
919	-1000
920	-1000
921	-1000
922	-1000
923	-1000
924	-1000
925	-1000
926	-1000
927	-1000
928	-1000
929	-1000
930	-1000
931	-1000
932	-1000
933	-1000
934	-1000
935	-1000
936	-1000
937	-1000
938	-1000
939	-1000
940	-1000
941	-1000
942	-1000
943	-1000
944	-1000
945	-1000
946	-1000
947	-1000
948	-1000
949	-1000
950	-1000
951	-1000
952	-1000
953	-1000
954	-1000
955	-1000
956	-1000
957	-1000
958	-1000
959	-1000
960	-1000
961	-1000
962	-1000
963	-1000
964	-1000
965	-1000
966	-1000
967	-1000
968	-1000
969	-1000
970	-1000
971	-1000
972	-1000
973	-1000
974	-1000
975	-1000
976	-1000
977	-1000
978	-1000
979	-1000
980	-1000
981	-1000
982	-1000
983	-1000
984	-1000
985	-1000
986	-1000
987	-1000
988	-1000
989	-1000
990	-1000
991	-1000
992	-1000
993	-1000
994	-1000
995	-1000
996	-1000
997	-1000
998	-1000
999	-1000
1000	-1000
1001	-1000
1002	-1000
1003	-1000
1004	-1000
1005	-1000
1006	-1000
1007	-1000
1008	-1000
1009	-1000
1010	-1000
1011	-1000
1012	-1000
1013	-1000
1014	-1000
1015	-1000
1016	-1000
1017	-1000
1018	-1000
1019	-1000
1020	-1000
1021	-1000
1022	-1000
1023	-1000
1024	-1000
1025	-1000
1026	-1000
1027	-1000
1028	-1000
1029	-1000
1030	-1000
1031	-1000
1032	-1000
1033	-1000
1034	-1000
1035	-1000
1036	-1000
1037	-1000
1038	-1000
1039	-1000
1040	-1000
1041	-1000
1042	-1000
1043	-1000
1044	-1000
1045	-1000
1046	-1000
1047	-1000
1048	-1000
1049	-1000
1050	-1000
1051	-1000
1052	-1000
1053	-1000
1054	-1000
1055	-1000
1056	-1000
1057	-1000
1058	-1000
1059	-1000
1060	-1000
1061	-1000
1062	-1000
1063	-1000
1064	-1000
1065	-1000
1066	-1000
1067	-1000
1068	-1000
1069	-1000
1070	-1000
1071	-1000
1072	-1000
1073	-1000
1074	-1000
1075	-1000
1076	-1000
1077	-1000
1078	-1000
1079	-1000
1080	-1000
1081	-1000
1082	-1000
1083	-1000
1084	-1000
1085	-1000
1086	-1000
1087	-1000
1088	-1000
1089	-1000
1090	-1000
1091	-1000
1092	-1000
1093	-1000
1094	-1000
1095	-1000
1096	-1000
1097	-1000
1098	-1000
1099	-1000
1100	-1000
1101	-1000
1102	-1000
1103	-1000
1104	-1000
1105	-1000
1106	-1000
1107	-1000
1108	-1000
1109	-1000
1110	-1000
1111	-1000
1112	-1000
1113	-1000
1114	-1000
1115	-1000
1116	-1000
1117	-1000
1118	-1000
1119	-1000
1120	-1000
1121	-1000
1122	-1000
1123	-1000
1124	-1000
1125	-1000
1126	-1000
1127	-1000
1128	-1000
1129	-1000
1130	-1000
1131	-1000
1132	-1000
1133	-1000
1134	-1000
1135	-1000
1136	-1000
1137	-1000
1138	-1000
1139	-1000
1140	-1000
1141	-1000
1142	-1000
1143	-1000
1144	-1000
1145	-1000
1146	-1000
1147	-1000
1148	-1000
1149	-1000
1150	-1000
1151	-1000
1152	-1000
1153	-1000
1154	-1000
1155	-1000
1156	-1000
1157	-1000
1158	-1000
1159	-1000
1160	-1000
1161	-1000
1162	-1000
1163	-1000
1164	-1000
1165	-1000
1166	-1000
1167	-1000
1168	-1000
1169	-1000
1170	-1000
1171	-1000
1172	-1000
1173	-1000
1174	-1000
1175	-1000
1176	-1000
1177	-1000
1178	-1000
1179	-1000
1180	-1000
1181	-1000
1182	-1000
1183	-1000
1184	-1000
1185	-1000
1186	-1000
1187	-1000
1188	-1000
1189	-1000
1190	-1000
1191	-1000
1192	-1000
1193	-1000
1194	-1000
1195	-1000
1196	-1000
1197	-1000
1198	-1000
1199	-1000
1200	-1000
1201	-1000
1202	-1000
1203	-1000
1204	-1000
1205	-1000
1206	-1000
1207	-1000
1208	-1000
1209	-1000
1210	-1000
1211	-1000
1212	-1000
1213	-1000
1214	-1000
1215	-1000
1216	-1000
1217	-1000
1218	-1000
1219	-1000
1220	-1000
1221	-1000
1222	-1000
1223	-1000
1224	-1000
1225	-1000
1226	-1000
1227	-1000
1228	-1000
1229	-1000
1230	-1000
1231	-1000
1232	-1000
1233	-1000
1234	-1000
1235	-1000
1236	-1000
1237	-1000
1238	-1000
1239	-1000
1240	-1000
1241	-1000
1242	-1000
1243	-1000
1244	-1000
1245	-1000
1246	-1000
1247	-1000
1248	-1000
1249	-1000
1250	-1000
1251	-1000
1252	-1000
1253	-1000
1254	-1000
1255	-1000
1256	-1000
1257	-1000
1258	-1000
1259	-1000
1260	-1000
1261	-1000
1262	-1000
1263	-1000
1264	-1000
1265	-1000
1266	-1000
1267	-1000
1268	-1000
1269	-1000
1270	-1000
1271	-1000
1272	-1000
1273	-1000
1274	-1000
1275	-1000
1276	-1000
1277	-1000
1278	-1000
1279	-1000
1280	-1000
1281	-1000
1282	-1000
1283	-1000
1284	-1000
1285	-1000
1286	-1000
1287	-1000
1288	-1000
1289	-1000
1290	-1000
1291	-1000
1292	-1000
1293	-1000
1294	-1000
1295	-1000
1296	-1000
1297	-1000
1298	-1000
1299	-1000
1300	-1000
1301	-1000
1302	-1000
1303	-1000
1304	-1000
1305	-1000
1306	-1000
1307	-1000
1308	-1000
1309	-1000
1310	-1000
1311	-1000
1312	-1000
1313	-1000
1314	-1000
1315	-1000
1316	-1000
1317	-1000
1318	-1000
1319	-1000
1320	-1000
1321	-1000
1322	-1000
1323	-1000
1324	-1000
1325	-1000
1326	-1000
1327	-1000
1328	-1000
1329	-1000
1330	-1000
1331	-1000
1332	-1000
1333	-1000
1334	-1000
1335	-1000
1336	-1000
1337	-1000
1338	-1000
1339	-1000
1340	-1000
1341	-1000
1342	-1000
1343	-1000
1344	-1000
1345	-1000
1346	-1000
1347	-1000
1348	-1000
1349	-1000
1350	-1000
1351	-1000
1352	-1000
1353	-1000
1354	-1000
1355	-1000
1356	-1000
1357	-1000
1358	-1000
1359	-1000
1360	-1000
1361	-1000
1362	-1000
1363	-1000
1364	-1000
1365	-1000
1366	-1000
1367	-1000
1368	-1000
1369	-1000
1370	-1000
1371	-1000
1372	-1000
1373	-1000
1374	-1000
1375	-1000
1376	-1000
1377	-1000
1378	-1000
1379	-1000
1380	-1000
1381	-1000
1382	-1000
1383	-1000
1384	-1000
1385	-1000
1386	-1000
1387	-1000
1388	-1000
1389	-1000
1390	-1000
1391	-1000
1392	-1000
1393	-1000
1394	-1000
1395	-1000
1396	-1000
1397	-1000
1398	-1000
1399	-1000
1400	-1000
1401	-1000
1402	-1000
1403	-1000
1404	-1000
1405	-1000
1406	-1000
1407	-1000
1408	-1000
1409	-1000
1410	-1000
1411	-1000
1412	-1000
1413	-1000
1414	-1000
1415	-1000
1416	-1000
1417	-1000
1418	-1000
1419	-1000
1420	-1000
1421	-1000
1422	-1000
1423	-1000
1424	-1000
1425	-1000
1426	-1000
1427	-1000
1428	-1000
1429	-1000
1430	-1000
1431	-1000
1432	-1000
1433	-1000
1434	-1000
1435	-1000
1436	-1000
1437	-1000
1438	-1000
1439	-1000
1440	-1000
1441	-1000
1442	-1000
1443	-1000
1444	-1000
1445	-1000
1446	-1000
1447	-1000
1448	-1000
1449	-1000
1450	-1000
1451	-1000
1452	-1000
1453	-1000
1454	-1000
1455	-1000
1456	-1000
1457	-1000
1458	-1000
1459	-1000
1460	-1000
1461	-1000
1462	-1000
1463	-1000
1464	-1000
1465	-1000
1466	-1000
1467	-1000
1468	-1000
1469	-1000
1470	-1000
1471	-1000
1472	-1000
1473	-1000
1474	-1000
1475	-1000
1476	-1000
1477	-1000
1478	-1000
1479	-1000
1480	-1000
1481	-1000
1482	-1000
1483	-1000
1484	-1000
1485	-1000
1486	-1000
1487	-1000
1488	-1000
1489	-1000
1490	-1000
1491	-1000
1492	-1000
1493	-1000
1494	-1000
1495	-1000
1496	-1000
1497	-1000
1498	-1000
1499	-1000
1500	-1000
1501	-1000
1502	-1000
1503	-1000
1504	-1000
1505	-1000
1506	-1000
1507	-1000
1508	-1000
1509	-1000
1510	-1000
1511	-1000
1512	-1000
1513	-1000
1514	-1000
1515	-1000
1516	-1000
1517	-1000
1518	-1000
1519	-1000
1520	-1000
1521	-1000
1522	-1000
1523	-1000
1524	-1000
1525	-1000
1526	-1000
1527	-1000
1528	-1000
1529	-1000
1530	-1000
1531	-1000
1532	-1000
1533	-1000
1534	-1000
1535	-1000
1536	-1000
1537	-1000
1538	-1000
1539	-1000
1540	-1000
1541	-1000
1542	-1000
1543	-1000
1544	-1000
1545	-1000
1546	-1000
1547	-1000
1548	-1000
1549	-1000
1550	-1000
1551	-1000
1552	-1000
1553	-1000
1554	-1000
1555	-1000
1556	-1000
1557	-1000
1558	-1000
1559	-1000
1560	-1000
1561	-1000
1562	-1000
1563	-1000
1564	-1000
1565	-1000
1566	-1000
1567	-1000
1568	-1000
1569	-1000
1570	-1000
1571	-1000
1572	-1000
1573	-1000
1574	-1000
1575	-1000
1576	-1000
1577	-1000
1578	-1000
1579	-1000
1580	-1000
1581	-1000
1582	-1000
1583	-1000
1584	-1000
1585	-1000
1586	-1000
1587	-1000
1588	-1000
1589	-1000
1590	-1000
1591	-1000
1592	-1000
1593	-1000
1594	-1000
1595	-1000
1596	-1000
1597	-1000
1598	-1000
1599	-1000
1600	-1000
1601	-1000
1602	-1000
1603	-1000
1604	-1000
1605	-1000
1606	-1000
1607	-1000
1608	-1000
1609	-1000
1610	-1000
1611	-1000
1612	-1000
1613	-1000
1614	-1000
1615	-1000
1616	-1000
1617	-1000
1618	-1000
1619	-1000
1620	-1000
1621	-1000
1622	-1000
1623	-1000
1624	-1000
1625	-1000
1626	-1000
1627	-1000
1628	-1000
1629	-1000
1630	-1000
1631	-1000
1632	-1000
1633	-1000
1634	-1000
1635	-1000
1636	-1000
1637	-1000
1638	-1000
1639	-1000
1640	-1000
1641	-1000
1642	-1000
1643	-1000
1644	-1000
1645	-1000
1646	-1000
1647	-1000
1648	-1000
1649	-1000
1650	-1000
1651	-1000
1652	-1000
1653	-1000
1654	-1000
1655	-1000
1656	-1000
1657	-1000
1658	-1000
1659	-1000
1660	-1000
1661	-1000
1662	-1000
1663	-1000
1664	-1000
1665	-1000
1666	-1000
1667	-1000
1668	-1000
1669	-1000
1670	-1000
1671	-1000
1672	-1000
1673	-1000
1674	-1000
1675	-1000
1676	-1000
1677	-1000
1678	-1000
1679	-1000
1680	-1000
1681	-1000
1682	-1000
1683	-1000
1684	-1000
1685	-1000
1686	-1000
1687	-1000
1688	-1000
1689	-1000
1690	-1000
1691	-1000
1692	-1000
1693	-1000
1694	-1000
1695	-1000
1696	-1000
1697	-1000
1698	-1000
1699	-1000
1700	-1000
1701	-1000
1702	-1000
1703	-1000
1704	-1000
1705	-1000
1706	-1000
1707	-1000
1708	-1000
1709	-1000
1710	-1000
1711	-1000
1712	-1000
1713	-1000
1714	-1000
1715	-1000
1716	-1000
1717	-1000
1718	-1000
1719	-1000
1720	-1000
1721	-1000
1722	-1000
1723	-1000
1724	-1000
1725	-1000
1726	-1000
1727	-1000
1728	-1000
1729	-1000
1730	-1000
1731	-1000
1732	-1000
1733	-1000
1734	-1000
1735	-1000
1736	-1000
1737	-1000
1738	-1000
1739	-1000
1740	-1000
1741	-1000
1742	-1000
1743	-1000
1744	-1000
1745	-1000
1746	-1000
1747	-1000
1748	-1000
1749	-1000
1750	-1000
1751	-1000
1752	-1000
1753	-1000
1754	-1000
1755	-1000
1756	-1000
1757	-1000
1758	-1000
1759	-1000
1760	-1000
1761	-1000
1762	-1000
1763	-1000
1764	-1000
1765	-1000
1766	-1000
1767	-1000
1768	-1000
1769	-1000
1770	-1000
1771	-1000
1772	-1000
1773	-1000
1774	-1000
1775	-1000
1776	-1000
1777	-1000
1778	-1000
1779	-1000
1780	-1000
1781	-1000
1782	-1000
1783	-1000
1784	-1000
1785	-1000
1786	-1000
1787	-1000
1788	-1000
1789	-1000
1790	-1000
1791	-1000
1792	-1000
1793	-1000
1794	-1000
1795	-1000
1796	-1000
1797	-1000
1798	-1000
1799	-1000
1800	-1000
1801	-1000
1802	-1000
1803	-1000
1804	-1000
1805	-1000
1806	-1000
1807	-1000
1808	-1000
1809	-1000
1810	-1000
1811	-1000
1812	-1000
1813	-1000
1814	-1000
1815	-1000
1816	-1000
1817	-1000
1818	-1000
1819	-1000
1820	-1000
1821	-1000
1822	-1000
1823	-1000
1824	-1000
1825	-1000
1826	-1000
1827	-1000
1828	-1000
1829	-1000
1830	-1000
1831	-1000
1832	-1000
1833	-1000
1834	-1000
1835	-1000
1836	-1000
1837	-1000
1838	-1000
1839	-1000
1840	-1000
1841	-1000
1842	-1000
1843	-1000
1844	-1000
1845	-1000
1846	-1000
1847	-1000
1848	-1000
1849	-1000
1850	-1000
1851	-1000
1852	-1000
1853	-1000
1854	-1000
1855	-1000
1856	-1000
1857	-1000
1858	-1000
1859	-1000
1860	-1000
1861	-1000
1862	-1000
1863	-1000
1864	-1000
1865	-1000
1866	-1000
1867	-1000
1868	-1000
1869	-1000
1870	-1000
1871	-1000
1872	-1000
1873	-1000
1874	-1000
1875	-1000
1876	-1000
1877	-1000
1878	-1000
1879	-1000
1880	-1000
1881	-1000
1882	-1000
1883	-1000
1884	-1000
1885	-1000
1886	-1000
1887	-1000
1888	-1000
1889	-1000
1890	-1000
1891	-1000
1892	-1000
1893	-1000
1894	-1000
1895	-1000
1896	-1000
1897	-1000
1898	-1000
1899	-1000
1900	-1000
1901	-1000
1902	-1000
1903	-1000
1904	-1000
1905	-1000
1906	-1000
1907	-1000
1908	-1000
1909	-1000
1910	-1000
1911	-1000
1912	-1000
1913	-1000
1914	-1000
1915	-1000
1916	-1000
1917	-1000
1918	-1000
1919	-1000
1920	-1000
1921	-1000
1922	-1000
1923	-1000
1924	-1000
1925	-1000
1926	-1000
1927	-1000
1928	3
1929	3
1930	3
1931	3
1932	3
1933	3
1934	3
1935	3
1936	3
1937	3
1938	3
1939	3
1940	3
1941	3
1942	3
1943	3
1944	3
1945	3
1946	3
1947	3
1948	3
1949	3
1950	3
1951	3
1952	3
1953	3
1954	3
1955	3
1956	3
1957	3
1958	3
1959	3
1960	3
1961	3
1962	3
1963	3
1964	3
1965	3
1966	3
1967	3
1968	3
1969	3
1970	3
1971	3
1972	3
1973	3
1974	3
1975	3
1976	3
1977	3
1978	3
1979	3
1980	3
1981	3
1982	3
1983	3
1984	3
1985	3
1986	3
1987	3
1988	3
1989	3
1990	3
1991	3
1992	3
1993	3
1994	3
1995	3
1996	3
1997	3
1998	3
1999	3
2000	3
2001	3
2002	3
2003	3
2004	3
2005	3
2006	3
2007	3
2008	3
2009	3
2010	3
2011	3
2012	3
2013	3
2014	3
2015	3
2016	3
2017	3
2018	3
2019	3
2020	3
2021	3
2022	3
2023	3
2024	3
2025	3
2026	3
2027	3
2028	3
2029	3
2030	3
2031	3
2032	3
2033	3
2034	3
2035	3
2036	3
2037	3
2038	3
2039	3
2040	3
2041	3
2042	3
2043	3
2044	3
2045	3
2046	3
2047	3
2048	3
2049	3
2050	3
2051	3
2052	3
2053	3
2054	3
2055	3
2056	3
2057	3
2058	3
2059	3
2060	3
2061	3
2062	3
2063	3
2064	3
2065	3
2066	3
2067	3
2068	3
2069	3
2070	3
2071	3
2072	3
2073	3
2074	3
2075	3
2076	3
2077	3
2078	3
2079	3
2080	3
2081	3
2082	3
2083	3
2084	3
2085	3
2086	3
2087	3
2088	3
2089	3
2090	3
2091	3
2092	3
2093	3
2094	3
2095	3
2096	3
2097	3
2098	3
2099	3
2100	3
2101	3
2102	3
2103	3
2104	3
2105	3
2106	3
2107	3
2108	3
2109	3
2110	3
2111	3
2112	3
2113	3
2114	3
2115	3
2116	3
2117	3
2118	3
2119	3
2120	3
2121	3
2122	3
2123	3
2124	3
2125	3
2126	3
2127	3
2128	3
2129	3
2130	3
2131	3
2132	3
2133	3
2134	3
2135	3
2136	3
2137	3
2138	3
2139	3
2140	3
2141	3
2142	3
2143	3
2144	3
2145	3
2146	3
2147	3
2148	3
2149	3
2150	3
2151	3
2152	3
2153	3
2154	3
2155	3
2156	3
2157	3
2158	3
2159	3
2160	3
2161	3
2162	3
2163	3
2164	3
2165	3
2166	3
2167	3
2168	3
2169	3
2170	3
2171	3
2172	3
2173	3
2174	3
2175	3
2176	3
2177	3
2178	3
2179	3
2180	3
2181	3
2182	3
2183	3
2184	3
2185	3
2186	3
2187	3
2188	3
2189	3
2190	3
2191	3
2192	3
2193	3
2194	3
2195	3
2196	3
2197	3
2198	3
2199	3
2200	3
2201	3
2202	3
2203	3
2204	3
2205	3
2206	3
2207	3
2208	3
2209	3
2210	3
2211	3
2212	3
2213	3
2214	3
2215	3
2216	3
2217	3
2218	3
2219	3
2220	3
2221	3
2222	3
2223	3
2224	3
2225	3
2226	3
2227	3
2228	3
2229	3
2230	3
2231	3
2232	3
2233	3
2234	3
2235	3
2236	3
2237	3
2238	3
2239	3
2240	3
2241	3
2242	3
2243	3
2244	3
2245	3
2246	3
2247	3
2248	3
2249	3
2250	3
2251	3
2252	3
2253	3
2254	3
2255	3
2256	3
2257	3
2258	3
2259	3
2260	3
2261	3
2262	3
2263	3
2264	3
2265	3
2266	3
2267	3
2268	3
2269	3
2270	3
2271	3
2272	3
2273	3
2274	3
2275	3
2276	3
2277	3
2278	3
2279	3
2280	3
2281	3
2282	3
2283	3
2284	3
2285	3
2286	3
2287	3
2288	3
2289	3
2290	3
2291	3
2292	3
2293	3
2294	3
2295	3
2296	3
2297	3
2298	3
2299	3
2300	3
2301	3
2302	3
2303	3
2304	3
2305	3
2306	3
2307	3
2308	3
2309	3
2310	3
2311	3
2312	3
2313	3
2314	3
2315	3
2316	3
2317	3
2318	3
2319	3
2320	3
2321	3
2322	3
2323	3
2324	3
2325	3
2326	3
2327	3
2328	3
2329	3
2330	3
2331	3
2332	3
2333	3
2334	3
2335	3
2336	3
2337	3
2338	3
2339	3
2340	3
2341	3
2342	3
2343	3
2344	3
2345	3
2346	3
2347	3
2348	3
2349	3
2350	3
2351	3
2352	3
2353	3
2354	3
2355	3
2356	3
2357	3
2358	3
2359	3
2360	3
2361	3
2362	3
2363	3
2364	3
2365	3
2366	3
2367	3
2368	3
2369	3
2370	3
2371	3
2372	3
2373	3
2374	3
2375	3
2376	3
2377	3
2378	3
2379	3
2380	3
2381	3
2382	3
2383	3
2384	3
2385	3
2386	3
2387	3
2388	3
2389	3
2390	3
2391	3
2392	3
2393	3
2394	3
2395	3
2396	3
2397	3
2398	3
2399	3
2400	3
2401	3
2402	3
2403	3
2404	3
2405	3
2406	3
2407	3
2408	3
2409	3
2410	3
2411	3
2412	3
2413	3
2414	3
2415	3
2416	3
2417	3
2418	3
2419	3
2420	3
2421	3
2422	3
2423	3
2424	3
2425	3
2426	3
2427	3
2428	3
2429	3
2430	3
2431	3
2432	3
2433	3
2434	3
2435	3
2436	3
2437	3
2438	3
2439	3
2440	3
2441	3
2442	3
2443	3
2444	3
2445	3
2446	3
2447	3
2448	3
2449	3
2450	3
2451	3
2452	3
2453	3
2454	3
2455	3
2456	3
2457	3
2458	3
2459	3
2460	3
2461	3
2462	3
2463	3
2464	3
2465	3
2466	3
2467	3
2468	3
2469	3
2470	3
2471	3
2472	3
2473	3
2474	3
2475	3
2476	3
2477	3
2478	3
2479	3
2480	3
2481	3
2482	3
2483	3
2484	3
2485	3
2486	3
2487	3
2488	3
2489	3
2490	3
2491	3
2492	3
2493	3
2494	3
2495	3
2496	3
2497	3
2498	3
2499	3
2500	3
2501	3
2502	3
2503	3
2504	3
2505	3
2506	3
2507	3
2508	3
2509	3
2510	3
2511	3
2512	3
2513	3
2514	3
2515	3
2516	3
2517	3
2518	3
2519	3
2520	3
2521	3
2522	3
2523	3
2524	3
2525	3
2526	3
2527	3
2528	3
2529	3
2530	3
2531	3
2532	3
2533	3
2534	3
2535	3
2536	3
2537	3
2538	3
2539	3
2540	3
2541	3
2542	3
2543	3
2544	3
2545	3
2546	3
2547	3
2548	3
2549	3
2550	3
2551	3
2552	3
2553	3
2554	3
2555	3
2556	3
2557	3
2558	3
2559	3
2560	3
2561	3
2562	3
2563	3
2564	3
2565	3
2566	3
2567	3
2568	3
2569	3
2570	3
2571	3
2572	3
2573	3
2574	3
2575	3
2576	3
2577	3
2578	3
2579	3
2580	3
2581	3
2582	3
2583	3
2584	3
2585	3
2586	3
2587	3
2588	3
2589	3
2590	3
2591	3
2592	3
2593	3
2594	3
2595	3
2596	3
2597	3
2598	3
2599	3
2600	3
2601	3
2602	3
2603	3
2604	3
2605	3
2606	3
2607	3
2608	3
2609	3
2610	3
2611	3
2612	3
2613	3
2614	3
2615	3
2616	3
2617	3
2618	3
2619	3
2620	3
2621	3
2622	3
2623	3
2624	3
2625	3
2626	3
2627	3
2628	3
2629	3
2630	3
2631	3
2632	3
2633	3
2634	3
2635	3
2636	3
2637	3
2638	3
2639	3
2640	3
2641	3
2642	3
2643	3
2644	3
2645	3
2646	3
2647	3
2648	3
2649	3
2650	3
2651	3
2652	3
2653	3
2654	3
2655	3
2656	3
2657	3
2658	3
2659	3
2660	3
2661	3
2662	3
2663	3
2664	3
2665	3
2666	3
2667	3
2668	3
2669	3
2670	3
2671	3
2672	3
2673	3
2674	3
2675	3
2676	3
2677	3
2678	3
2679	3
2680	3
2681	3
2682	3
2683	3
2684	3
2685	3
2686	3
2687	3
2688	3
2689	3
2690	3
2691	3
2692	3
2693	3
2694	3
2695	3
2696	3
2697	3
2698	3
2699	3
2700	3
2701	3
2702	3
2703	3
2704	3
2705	3
2706	3
2707	3
2708	3
2709	3
2710	3
2711	3
2712	3
2713	3
2714	3
2715	3
2716	3
2717	3
2718	3
2719	3
2720	3
2721	3
2722	3
2723	3
2724	3
2725	3
2726	3
2727	3
2728	3
2729	3
2730	3
2731	3
2732	3
2733	3
2734	3
2735	3
2736	3
2737	3
2738	3
2739	3
2740	3
2741	3
2742	3
2743	3
2744	3
2745	3
2746	3
2747	3
2748	3
2749	3
2750	3
2751	3
2752	3
2753	3
2754	3
2755	3
2756	3
2757	3
2758	3
2759	3
2760	3
2761	3
2762	3
2763	3
2764	3
2765	3
2766	3
2767	3
2768	3
2769	3
2770	3
2771	3
2772	3
2773	3
2774	3
2775	3
2776	3
2777	3
2778	3
2779	3
2780	3
2781	3
2782	3
2783	3
2784	3
2785	3
2786	3
2787	3
2788	3
2789	3
2790	3
2791	3
2792	3
2793	3
2794	1
2795	1
2796	1
2797	1
2798	1
2799	1
2800	1
2801	1
2802	1
2803	1
2804	1
2805	1
2806	1
2807	1
2808	1
2809	1
2810	1
2811	1
2812	1
2813	1
2814	1
2815	1
2816	1
2817	1
2818	1
2819	1
2820	1
2821	1
2822	1
2823	1
2824	1
2825	1
2826	1
2827	1
2828	1
2829	1
2830	1
2831	1
2832	1
2833	1
2834	1
2835	1
2836	1
2837	1
2838	1
2839	1
2840	1
2841	1
2842	1
2843	1
2844	1
2845	1
2846	1
2847	1
2848	1
2849	1
2850	1
2851	1
2852	1
2853	1
2854	1
2855	1
2856	1
2857	1
2858	1
2859	1
2860	1
2861	1
2862	1
2863	1
2864	1
2865	1
2866	1
2867	1
2868	1
2869	1
2870	1
2871	1
2872	1
2873	1
2874	1
2875	1
2876	1
2877	1
2878	1
2879	1
2880	1
2881	1
2882	1
2883	1
2884	1
2885	1
2886	1
2887	1
2888	1
2889	1
2890	1
2891	1
2892	1
2893	1
2894	1
2895	1
2896	1
2897	1
2898	1
2899	1
2900	1
2901	1
2902	1
2903	1
2904	1
2905	1
2906	1
2907	1
2908	1
2909	1
2910	1
2911	1
2912	1
2913	1
2914	1
2915	1
2916	1
2917	1
2918	1
2919	1
2920	1
2921	1
2922	1
2923	1
2924	1
2925	1
2926	1
2927	1
2928	1
2929	1
2930	1
2931	1
2932	1
2933	1
2934	1
2935	1
2936	3
2937	3
2938	3
2939	3
2940	3
2941	3
2942	3
2943	3
2944	3
2945	3
2946	3
2947	3
2948	3
2949	3
2950	3
2951	3
2952	3
2953	3
2954	3
2955	3
2956	3
2957	3
2958	3
2959	3
2960	3
2961	3
2962	3
2963	3
2964	3
2965	3
2966	3
2967	3
2968	3
2969	3
2970	1
2971	1
2972	1
2973	1
2974	1
2975	1
2976	1
2977	1
2978	1
2979	1
2980	1
2981	1
2982	1
2983	1
2984	1
2985	1
2986	1
2987	1
2988	1
2989	1
2990	1
2991	1
2992	1
2993	1
2994	1
2995	1
2996	1
2997	1
2998	1
2999	1
3000	1
3001	1
3002	1
3003	1
3004	1
3005	1
3006	1
3007	1
3008	1
3009	1
3010	1
3011	1
3012	1
3013	1
3014	1
3015	1
3016	1
3017	1
3018	1
3019	1
3020	1
3021	1
3022	1
3023	1
3024	1
3025	1
3026	1
3027	1
3028	1
3029	1
3030	1
3031	1
3032	1
3033	1
3034	1
3035	1
3036	1
3037	1
3038	1
3039	1
3040	1
3041	1
3042	1
3043	1
3044	1
3045	1
3046	1
3047	1
3048	1
3049	1
3050	1
3051	1
3052	1
3053	1
3054	1
3055	1
3056	1
3057	1
3058	1
3059	1
3060	1
3061	1
3062	1
3063	1
3064	1
3065	1
3066	1
3067	1
3068	1
3069	1
3070	1
3071	1
3072	1
3073	1
3074	1
3075	1
3076	1
3077	1
3078	1
3079	1
3080	1
3081	1
3082	1
3083	1
3084	1
3085	1
3086	1
3087	1
3088	1
3089	1
3090	1
3091	1
3092	1
3093	1
3094	3
3095	3
3096	3
3097	3
3098	3
3099	3
3100	3
3101	3
3102	3
3103	3
3104	3
3105	3
3106	3
3107	3
3108	3
3109	3
3110	3
3111	3
3112	3
3113	3
3114	3
3115	3
3116	3
3117	3
3118	3
3119	3
3120	3
3121	3
3122	3
3123	3
3124	3
3125	3
3126	3
3127	3
3128	3
3129	3
3130	3
3131	3
3132	3
3133	3
3134	3
3135	3
3136	3
3137	3
3138	3
3139	3
3140	3
3141	3
3142	3
3143	3
3144	3
3145	3
3146	3
3147	3
3148	3
3149	3
3150	3
3151	3
3152	3
3153	3
3154	3
3155	3
3156	3
3157	3
3158	3
3159	3
3160	3
3161	3
3162	3
3163	3
3164	3
3165	3
3166	3
3167	3
3168	3
3169	3
3170	3
3171	3
3172	3
3173	3
3174	3
3175	3
3176	3
3177	3
3178	3
3179	3
3180	3
3181	3
3182	3
3183	3
3184	3
3185	3
3186	3
3187	3
3188	3
3189	3
3190	3
3191	3
3192	3
3193	3
3194	3
3195	3
3196	3
3197	3
3198	3
3199	3
3200	3
3201	3
3202	3
3203	3
3204	3
3205	3
3206	3
3207	3
3208	3
3209	3
3210	3
3211	3
3212	3
3213	3
3214	3
3215	3
3216	3
3217	3
3218	3
3219	3
3220	3
3221	3
3222	3
3223	3
3224	3
3225	3
3226	3
3227	3
3228	3
3229	3
3230	3
3231	3
3232	3
3233	3
3234	3
3235	3
3236	3
3237	3
3238	3
3239	3
3240	3
3241	3
3242	3
3243	3
3244	3
3245	3
3246	3
3247	3
3248	3
3249	3
3250	3
3251	3
3252	3
3253	3
3254	3
3255	3
3256	3
3257	3
3258	3
3259	3
3260	3
3261	3
3262	3
3263	3
3264	3
3265	3
3266	3
3267	3
3268	3
3269	3
3270	3
3271	3
3272	3
3273	3
3274	3
3275	3
3276	3
3277	3
3278	3
3279	3
3280	3
3281	3
3282	3
3283	3
3284	3
3285	3
3286	3
3287	3
3288	3
3289	3
3290	3
3291	3
3292	3
3293	3
3294	3
3295	3
3296	3
3297	3
3298	3
3299	3
3300	3
3301	3
3302	3
3303	3
3304	3
3305	3
3306	3
3307	3
3308	3
3309	3
3310	3
3311	3
3312	3
3313	3
3314	3
3315	3
3316	3
3317	3
3318	3
3319	3
3320	3
3321	3
3322	3
3323	3
3324	3
3325	3
3326	3
3327	3
3328	3
3329	3
3330	3
3331	3
3332	3
3333	3
3334	3
3335	3
3336	3
3337	3
3338	3
3339	3
3340	3
3341	3
3342	3
3343	3
3344	3
3345	3
3346	3
3347	3
3348	3
3349	3
3350	3
3351	3
3352	3
3353	3
3354	3
3355	3
3356	3
3357	3
3358	3
3359	3
3360	3
3361	3
3362	3
3363	3
3364	3
3365	3
3366	3
3367	3
3368	3
3369	3
3370	3
3371	3
3372	3
3373	3
3374	3
3375	3
3376	3
3377	3
3378	3
3379	3
3380	3
3381	3
3382	3
3383	3
3384	3
3385	3
3386	3
3387	3
3388	3
3389	3
3390	3
3391	3
3392	3
3393	3
3394	3
3395	3
3396	3
3397	3
3398	3
3399	3
3400	3
3401	3
3402	3
3403	3
3404	3
3405	3
3406	3
3407	3
3408	3
3409	3
3410	3
3411	3
3412	3
3413	3
3414	3
3415	3
3416	3
3417	3
3418	3
3419	3
3420	3
3421	3
3422	3
3423	3
3424	3
3425	3
3426	3
3427	3
3428	3
3429	3
3430	3
3431	3
3432	3
3433	7
3434	7
3435	7
3436	7
3437	7
3438	7
3439	7
3440	7
3441	7
3442	7
3443	7
3444	7
3445	7
3446	7
3447	7
3448	7
3449	7
3450	7
3451	7
3452	7
3453	7
3454	7
3455	7
3456	7
3457	7
3458	7
3459	7
3460	7
3461	7
3462	7
3463	7
3464	7
3465	7
3466	7
3467	7
3468	7
3469	7
3470	7
3471	7
3472	7
3473	7
3474	7
3475	7
3476	7
3477	7
3478	7
3479	7
3480	7
3481	7
3482	7
3483	7
3484	7
3485	7
3486	7
3487	7
3488	7
3489	7
3490	7
3491	7
3492	7
3493	7
3494	7
3495	7
3496	7
3497	7
3498	7
3499	7
3500	7
3501	7
3502	7
3503	7
3504	7
3505	7
3506	7
3507	7
3508	7
3509	7
3510	7
3511	7
3512	7
3513	7
3514	7
3515	7
3516	7
3517	7
3518	7
3519	7
3520	7
3521	7
3522	7
3523	7
3524	7
3525	7
3526	7
3527	7
3528	7
3529	7
3530	7
3531	7
3532	7
3533	7
3534	7
3535	7
3536	7
3537	7
3538	7
3539	7
3540	7
3541	7
3542	7
3543	7
3544	7
3545	7
3546	7
3547	7
3548	7
3549	7
3550	7
3551	7
3552	7
3553	7
3554	7
3555	7
3556	7
3557	7
3558	7
3559	7
3560	7
3561	7
3562	7
3563	7
3564	7
3565	7
3566	7
3567	7
3568	7
3569	7
3570	7
3571	7
3572	7
3573	7
3574	7
3575	7
3576	7
3577	7
3578	7
3579	7
3580	7
3581	7
3582	7
3583	7
3584	7
3585	7
3586	7
3587	7
3588	7
3589	7
3590	7
3591	7
3592	7
3593	7
3594	7
3595	7
3596	7
3597	7
3598	7
3599	7
3600	7
3601	7
3602	7
3603	7
3604	7
3605	7
3606	7
3607	7
3608	7
3609	7
3610	7
3611	7
3612	7
3613	7
3614	7
3615	7
3616	7
3617	7
3618	7
3619	7
3620	7
3621	7
3622	7
3623	7
3624	7
3625	7
3626	7
3627	7
3628	7
3629	7
3630	7
3631	7
3632	7
3633	7
3634	7
3635	7
3636	7
3637	7
3638	7
3639	7
3640	7
3641	7
3642	7
3643	7
3644	7
3645	7
3646	7
3647	7
3648	7
3649	7
3650	7
3651	7
3652	7
3653	7
3654	7
3655	7
3656	7
3657	7
3658	7
3659	7
3660	7
3661	7
3662	7
3663	7
3664	7
3665	7
3666	7
3667	7
3668	7
3669	7
3670	7
3671	7
3672	7
3673	7
3674	7
3675	7
3676	7
3677	7
3678	7
3679	7
3680	7
3681	7
3682	7
3683	7
3684	7
3685	7
3686	7
3687	7
3688	7
3689	7
3690	7
3691	7
3692	7
3693	7
3694	7
3695	7
3696	7
3697	7
3698	7
3699	7
3700	7
3701	7
3702	7
3703	7
3704	7
3705	7
3706	7
3707	7
3708	7
3709	7
3710	7
3711	7
3712	7
3713	7
3714	7
3715	7
3716	7
3717	7
3718	7
3719	7
3720	7
3721	7
3722	7
3723	7
3724	7
3725	7
3726	7
3727	7
3728	7
3729	7
3730	7
3731	7
3732	7
3733	7
3734	7
3735	7
3736	7
3737	7
3738	7
3739	7
3740	7
3741	7
3742	7
3743	7
3744	7
3745	7
3746	7
3747	7
3748	7
3749	7
3750	7
3751	7
3752	7
3753	7
3754	7
3755	7
3756	7
3757	7
3758	7
3759	7
3760	7
3761	7
3762	7
3763	7
3764	7
3765	7
3766	7
3767	7
3768	7
3769	7
3770	7
3771	7
3772	7
3773	7
3774	7
3775	7
3776	7
3777	7
3778	7
3779	7
3780	7
3781	7
3782	7
3783	7
3784	7
3785	7
3786	7
3787	7
3788	7
3789	7
3790	7
3791	7
3792	7
3793	7
3794	7
3795	7
3796	7
3797	7
3798	7
3799	7
3800	7
3801	7
3802	7
3803	7
3804	7
3805	7
3806	7
3807	7
3808	7
3809	7
3810	7
3811	7
3812	7
3813	7
3814	7
3815	7
3816	7
3817	7
3818	7
3819	7
3820	7
3821	7
3822	7
3823	7
3824	7
3825	7
3826	7
3827	7
3828	7
3829	7
3830	7
3831	7
3832	7
3833	7
3834	7
3835	7
3836	7
3837	7
3838	7
3839	7
3840	7
3841	7
3842	7
3843	7
3844	7
3845	7
3846	7
3847	7
3848	7
3849	7
3850	7
3851	7
3852	7
3853	7
3854	7
3855	7
3856	7
3857	7
3858	7
3859	7
3860	7
3861	7
3862	7
3863	7
3864	7
3865	7
3866	7
3867	7
3868	7
3869	7
3870	7
3871	7
3872	7
3873	7
3874	7
3875	7
3876	7
3877	7
3878	7
3879	7
3880	7
3881	7
3882	7
3883	7
3884	7
3885	7
3886	7
3887	7
3888	7
3889	7
3890	7
3891	7
3892	7
3893	7
3894	7
3895	7
3896	7
3897	7
3898	7
3899	7
3900	7
3901	7
3902	7
3903	7
3904	7
3905	7
3906	7
3907	7
3908	7
3909	7
3910	7
3911	7
3912	7
3913	7
3914	7
3915	7
3916	7
3917	7
3918	7
3919	7
3920	7
3921	7
3922	7
3923	7
3924	7
3925	7
3926	7
3927	7
3928	7
3929	7
3930	7
3931	7
3932	7
3933	7
3934	7
3935	7
3936	7
3937	7
3938	7
3939	7
3940	7
3941	7
3942	7
3943	7
3944	7
3945	7
3946	7
3947	7
3948	7
3949	3
3950	3
3951	3
3952	3
3953	3
3954	3
3955	3
3956	3
3957	3
3958	3
3959	3
3960	3
3961	3
3962	3
3963	3
3964	3
3965	3
3966	3
3967	3
3968	3
3969	3
3970	3
3971	3
3972	3
3973	3
3974	3
3975	3
3976	3
3977	3
3978	3
3979	3
3980	3
3981	3
3982	3
3983	3
3984	3
3985	3
3986	3
3987	3
3988	3
3989	3
3990	3
3991	3
3992	3
3993	3
3994	3
3995	3
3996	3
3997	3
3998	3
3999	3
4000	3
4001	3
4002	3
4003	3
4004	3
4005	3
4006	3
4007	3
4008	3
4009	3
4010	3
4011	3
4012	3
4013	3
4014	3
4015	3
4016	3
4017	3
4018	3
4019	3
4020	3
4021	3
4022	3
4023	3
4024	3
4025	3
4026	3
4027	3
4028	3
4029	3
4030	3
4031	3
4032	3
4033	3
4034	3
4035	3
4036	3
4037	3
4038	3
4039	3
4040	3
4041	3
4042	3
4043	3
4044	3
4045	3
4046	3
4047	3
4048	3
4049	3
4050	3
4051	3
4052	3
4053	3
4054	3
4055	3
4056	3
4057	3
4058	3
4059	3
4060	3
4061	3
4062	3
4063	3
4064	3
4065	3
4066	3
4067	3
4068	3
4069	3
4070	3
4071	3
4072	3
4073	3
4074	3
4075	3
4076	3
4077	3
4078	3
4079	3
4080	3
4081	3
4082	3
4083	3
4084	3
4085	3
4086	3
4087	3
4088	3
4089	3
4090	3
4091	3
4092	3
4093	3
4094	3
4095	3
4096	3
4097	3
4098	3
4099	3
4100	3
4101	3
4102	3
4103	3
4104	3
4105	3
4106	3
4107	3
4108	3
4109	3
4110	3
4111	3
4112	3
4113	3
4114	3
4115	3
4116	3
4117	3
4118	3
4119	3
4120	3
4121	3
4122	3
4123	3
4124	3
4125	3
4126	3
4127	3
4128	3
4129	3
4130	3
4131	3
4132	3
4133	3
4134	3
4135	3
4136	3
4137	3
4138	3
4139	3
4140	3
4141	3
4142	3
4143	3
4144	3
4145	3
4146	3
4147	3
4148	3
4149	3
4150	3
4151	3
4152	3
4153	3
4154	3
4155	3
4156	3
4157	3
4158	3
4159	3
4160	3
4161	3
4162	3
4163	3
4164	3
4165	3
4166	3
4167	3
4168	3
4169	3
4170	3
4171	3
4172	3
4173	3
4174	3
4175	3
4176	3
4177	3
4178	3
4179	3
4180	3
4181	3
4182	3
4183	3
4184	3
4185	3
4186	3
4187	3
4188	3
4189	3
4190	3
4191	3
4192	3
4193	3
4194	3
4195	3
4196	3
4197	3
4198	3
4199	3
4200	3
4201	3
4202	3
4203	3
4204	3
4205	3
4206	3
4207	3
4208	3
4209	3
4210	3
4211	3
4212	3
4213	3
4214	3
4215	3
4216	3
4217	3
4218	3
4219	3
4220	3
4221	3
4222	3
4223	3
4224	3
4225	3
4226	3
4227	3
4228	3
4229	3
4230	3
4231	3
4232	3
4233	3
4234	3
4235	3
4236	3
4237	3
4238	3
4239	3
4240	3
4241	3
4242	3
4243	3
4244	3
4245	3
4246	3
4247	3
4248	3
4249	3
4250	3
4251	3
4252	3
4253	3
4254	3
4255	3
4256	3
4257	3
4258	3
4259	3
4260	3
4261	3
4262	3
4263	3
4264	3
4265	3
4266	3
4267	3
4268	3
4269	3
4270	3
4271	3
4272	3
4273	3
4274	3
4275	3
4276	3
4277	3
4278	3
4279	3
4280	3
4281	3
4282	3
4283	3
4284	3
4285	3
4286	3
4287	3
4288	3
4289	3
4290	3
4291	3
4292	3
4293	3
4294	3
4295	3
4296	3
4297	3
4298	3
4299	3
4300	3
4301	3
4302	3
4303	3
4304	3
4305	3
4306	3
4307	3
4308	3
4309	3
4310	3
4311	3
4312	3
4313	3
4314	3
4315	3
4316	3
4317	3
4318	3
4319	3
4320	3
4321	3
4322	3
4323	3
4324	3
4325	3
4326	3
4327	3
4328	3
4329	3
4330	3
4331	3
4332	3
4333	3
4334	3
4335	3
4336	3
4337	3
4338	3
4339	3
4340	3
4341	3
4342	3
4343	3
4344	3
4345	3
4346	3
4347	3
4348	3
4349	3
4350	3
4351	3
4352	3
4353	3
4354	3
4355	3
4356	3
4357	3
4358	3
4359	3
4360	3
4361	3
4362	3
4363	3
4364	3
4365	3
4366	3
4367	3
4368	3
4369	3
4370	3
4371	3
4372	3
4373	3
4374	3
4375	3
4376	3
4377	3
4378	3
4379	3
4380	3
4381	3
4382	3
4383	3
4384	3
4385	3
4386	3
4387	3
4388	3
4389	3
4390	3
4391	3
4392	3
4393	3
4394	3
4395	3
4396	3
4397	3
4398	3
4399	3
4400	3
4401	3
4402	3
4403	3
4404	3
4405	3
4406	3
4407	3
4408	3
4409	3
4410	3
4411	3
4412	3
4413	3
4414	3
4415	3
4416	3
4417	3
4418	3
4419	3
4420	3
4421	3
4422	3
4423	3
4424	3
4425	3
4426	3
4427	3
4428	3
4429	3
4430	3
4431	3
4432	3
4433	3
4434	3
4435	3
4436	3
4437	3
4438	3
4439	3
4440	3
4441	3
4442	3
4443	3
4444	3
4445	3
4446	3
4447	3
4448	3
4449	3
4450	3
4451	3
4452	3
4453	3
4454	3
4455	3
4456	3
4457	3
4458	3
4459	3
4460	3
4461	3
4462	3
4463	3
4464	3
4465	3
4466	3
4467	3
4468	3
4469	3
4470	3
4471	3
4472	3
4473	3
4474	3
4475	3
4476	3
4477	3
4478	3
4479	3
4480	3
4481	3
4482	3
4483	3
4484	3
4485	3
4486	3
4487	3
4488	3
4489	3
4490	3
4491	3
4492	3
4493	3
4494	3
4495	3
4496	3
4497	3
4498	3
4499	3
4500	3
4501	3
4502	3
4503	3
4504	3
4505	3
4506	3
4507	3
4508	3
4509	3
4510	3
4511	3
4512	3
4513	3
4514	3
4515	3
4516	3
4517	3
4518	3
4519	3
4520	3
4521	3
4522	3
4523	3
4524	3
4525	3
4526	3
4527	3
4528	3
4529	3
4530	3
4531	3
4532	3
4533	3
4534	3
4535	3
4536	3
4537	3
4538	3
4539	3
4540	3
4541	3
4542	3
4543	3
4544	3
4545	3
4546	3
4547	3
4548	3
4549	3
4550	3
4551	3
4552	3
4553	3
4554	3
4555	3
4556	3
4557	3
4558	3
4559	3
4560	3
4561	3
4562	3
4563	3
4564	3
4565	3
4566	3
4567	3
4568	3
4569	3
4570	3
4571	3
4572	3
4573	3
4574	3
4575	3
4576	3
4577	3
4578	3
4579	3
4580	3
4581	3
4582	3
4583	3
4584	3
4585	3
4586	3
4587	3
4588	3
4589	3
4590	3
4591	3
4592	3
4593	3
4594	3
4595	3
4596	3
4597	3
4598	3
4599	3
4600	3
4601	3
4602	3
4603	3
4604	3
4605	3
4606	3
4607	3
4608	3
4609	3
4610	3
4611	3
4612	3
4613	3
4614	3
4615	3
4616	3
4617	3
4618	3
4619	3
4620	3
4621	3
4622	3
4623	3
4624	3
4625	3
4626	3
4627	3
4628	3
4629	3
4630	3
4631	3
4632	3
4633	3
4634	3
4635	3
4636	3
4637	3
4638	3
4639	3
4640	3
4641	3
4642	3
4643	3
4644	3
4645	3
4646	3
4647	3
4648	3
4649	3
4650	3
4651	3
4652	3
4653	3
4654	3
4655	3
4656	3
4657	3
4658	3
4659	3
4660	3
4661	3
4662	3
4663	3
4664	3
4665	3
4666	3
4667	3
4668	3
4669	3
4670	3
4671	3
4672	3
4673	3
4674	3
4675	3
4676	3
4677	3
4678	3
4679	3
4680	3
4681	3
4682	3
4683	3
4684	3
4685	3
4686	3
4687	3
4688	3
4689	3
4690	3
4691	3
4692	3
4693	3
4694	3
4695	3
4696	3
4697	3
4698	3
4699	3
4700	3
4701	3
4702	3
4703	3
4704	3
4705	3
4706	3
4707	3
4708	3
4709	3
4710	3
4711	3
4712	3
4713	3
4714	3
4715	3
4716	3
4717	3
4718	3
4719	3
4720	3
4721	3
4722	3
4723	3
4724	3
4725	3
4726	3
4727	3
4728	3
4729	3
4730	3
4731	3
4732	3
4733	3
4734	3
4735	3
4736	3
4737	3
4738	3
4739	3
4740	3
4741	3
4742	3
4743	3
4744	3
4745	3
4746	3
4747	3
4748	3
4749	3
4750	3
4751	3
4752	3
4753	3
4754	3
4755	3
4756	3
4757	3
4758	3
4759	3
4760	3
4761	3
4762	3
4763	3
4764	3
4765	3
4766	3
4767	3
4768	3
4769	3
4770	3
4771	3
4772	3
4773	3
4774	3
4775	3
4776	3
4777	3
4778	3
4779	3
4780	3
4781	3
4782	3
4783	3
4784	3
4785	3
4786	3
4787	3
4788	3
4789	3
4790	3
4791	3
4792	3
4793	3
4794	3
4795	3
4796	3
4797	3
4798	3
4799	3
4800	3
4801	3
4802	3
4803	3
4804	3
4805	3
4806	3
4807	3
4808	3
4809	3
4810	3
4811	3
4812	3
4813	3
4814	3
4815	3
4816	3
4817	3
4818	3
4819	3
4820	3
4821	3
4822	3
4823	3
4824	3
4825	3
4826	3
4827	3
4828	3
4829	3
4830	3
4831	3
4832	3
4833	3
4834	3
4835	3
4836	3
4837	3
4838	3
4839	3
4840	3
4841	3
4842	3
4843	3
4844	3
4845	3
4846	3
4847	3
4848	3
4849	3
4850	3
4851	3
4852	3
4853	3
4854	3
4855	3
4856	3
4857	3
4858	3
4859	3
4860	3
4861	3
4862	3
4863	3
4864	3
4865	3
4866	3
4867	3
4868	3
4869	3
4870	3
4871	3
4872	3
4873	3
4874	3
4875	3
4876	3
4877	3
4878	3
4879	3
4880	3
4881	3
4882	3
4883	3
4884	3
4885	3
4886	3
4887	3
4888	3
4889	3
4890	3
4891	3
4892	3
4893	3
4894	3
4895	3
4896	3
4897	3
4898	3
4899	3
4900	3
4901	3
4902	3
4903	3
4904	3
4905	3
4906	3
4907	3
4908	3
4909	3
4910	3
4911	3
4912	3
4913	3
4914	3
4915	3
4916	3
4917	3
4918	3
4919	3
4920	3
4921	3
4922	3
4923	3
4924	3
4925	3
4926	3
4927	3
4928	3
4929	3
4930	3
4931	3
4932	3
4933	3
4934	3
4935	3
4936	3
4937	3
4938	3
4939	3
4940	3
4941	3
4942	3
4943	3
4944	3
4945	3
4946	3
4947	3
4948	3
4949	3
4950	3
4951	3
4952	3
4953	3
4954	3
4955	3
4956	3
4957	3
4958	3
4959	3
4960	3
4961	3
4962	3
4963	3
4964	3
4965	3
4966	3
4967	3
4968	3
4969	3
4970	3
4971	3
4972	3
4973	3
4974	3
4975	3
4976	3
4977	3
4978	3
4979	3
4980	3
4981	3
4982	3
4983	3
4984	3
4985	3
4986	3
4987	3
4988	3
4989	3
4990	3
4991	3
4992	3
4993	3
4994	3
4995	3
4996	3
4997	3
4998	3
4999	3
5000	3
5001	3
5002	3
5003	3
5004	3
5005	3
5006	3
5007	3
5008	3
5009	3
5010	3
5011	3
5012	3
5013	3
5014	3
5015	3
5016	3
5017	3
5018	3
5019	3
5020	3
5021	3
5022	3
5023	3
5024	3
5025	3
5026	3
5027	3
5028	3
5029	3
5030	3
5031	3
5032	3
5033	3
5034	3
5035	3
5036	3
5037	3
5038	3
5039	3
5040	3
5041	3
5042	3
5043	3
5044	3
5045	3
5046	3
5047	3
5048	3
5049	3
5050	3
5051	3
5052	3
5053	3
5054	3
5055	3
5056	3
5057	3
5058	3
5059	3
5060	3
5061	3
5062	3
5063	3
5064	3
5065	3
5066	3
5067	3
5068	3
5069	3
5070	3
5071	3
5072	3
5073	3
5074	3
5075	3
5076	3
5077	3
5078	3
5079	3
5080	3
5081	3
5082	3
5083	3
5084	3
5085	3
5086	3
5087	3
5088	3
5089	3
5090	3
5091	3
5092	3
5093	3
5094	3
5095	3
5096	3
5097	3
5098	3
5099	3
5100	3
5101	3
5102	3
5103	3
5104	3
5105	3
5106	3
5107	3
5108	3
5109	3
5110	3
5111	3
5112	3
5113	3
5114	3
5115	3
5116	3
5117	3
5118	3
5119	3
5120	3
5121	3
5122	3
5123	3
5124	3
5125	3
5126	3
5127	3
5128	3
5129	3
5130	3
5131	3
5132	3
5133	3
5134	3
5135	3
5136	3
5137	3
5138	3
5139	3
5140	3
5141	3
5142	3
5143	3
5144	3
5145	3
5146	3
5147	3
5148	3
5149	3
5150	3
5151	3
5152	3
5153	3
5154	3
5155	3
5156	3
5157	3
5158	3
5159	3
5160	3
5161	3
5162	3
5163	3
5164	3
5165	3
5166	3
5167	3
5168	3
5169	3
5170	3
5171	3
5172	3
5173	3
5174	3
5175	3
5176	3
5177	3
5178	3
5179	3
5180	3
5181	3
5182	3
5183	3
5184	3
5185	3
5186	3
5187	3
5188	3
5189	3
5190	3
5191	3
5192	3
5193	3
5194	3
5195	3
5196	3
5197	3
5198	3
5199	3
5200	3
5201	3
5202	3
5203	3
5204	3
5205	3
5206	3
5207	3
5208	3
5209	3
5210	3
5211	3
5212	3
5213	3
5214	3
5215	3
5216	3
5217	3
5218	3
5219	3
5220	3
5221	3
5222	3
5223	3
5224	3
5225	3
5226	3
5227	3
5228	3
5229	3
5230	3
5231	3
5232	3
5233	3
5234	3
5235	3
5236	3
5237	3
5238	3
5239	3
5240	3
5241	3
5242	3
5243	3
5244	3
5245	3
5246	3
5247	3
5248	3
5249	3
5250	3
5251	3
5252	3
5253	3
5254	3
5255	3
5256	3
5257	3
5258	3
5259	3
5260	3
5261	3
5262	3
5263	3
5264	3
5265	3
5266	3
5267	3
5268	3
5269	3
5270	3
5271	3
5272	3
5273	3
5274	3
5275	3
5276	3
5277	3
5278	3
5279	3
5280	3
5281	3
5282	3
5283	3
5284	3
5285	3
5286	3
5287	3
5288	3
5289	3
5290	3
5291	3
5292	3
5293	3
5294	3
5295	3
5296	3
5297	3
5298	3
5299	3
5300	3
5301	3
5302	3
5303	3
5304	3
5305	3
5306	3
5307	3
5308	3
5309	3
5310	3
5311	3
5312	3
5313	3
5314	3
5315	3
5316	3
5317	3
5318	3
5319	3
5320	3
5321	3
5322	3
5323	3
5324	3
5325	3
5326	3
5327	3
5328	3
5329	3
5330	3
5331	3
5332	3
5333	3
5334	3
5335	3
5336	3
5337	3
5338	3
5339	3
5340	3
5341	3
5342	3
5343	3
5344	3
5345	3
5346	3
5347	3
5348	3
5349	3
5350	3
5351	3
5352	3
5353	3
5354	3
5355	3
5356	3
5357	3
5358	3
5359	3
5360	3
5361	3
5362	3
5363	3
5364	3
5365	3
5366	3
5367	3
5368	3
5369	3
5370	3
5371	3
5372	3
5373	3
5374	3
5375	3
5376	3
5377	3
5378	3
5379	3
5380	3
5381	3
5382	3
5383	3
5384	3
5385	3
5386	3
5387	3
5388	3
5389	3
5390	3
5391	3
5392	3
5393	3
5394	3
5395	3
5396	3
5397	3
5398	3
5399	3
5400	3
5401	3
5402	3
5403	3
5404	3
5405	3
5406	3
5407	3
5408	3
5409	3
5410	3
5411	3
5412	3
5413	3
5414	3
5415	3
5416	3
5417	3
5418	3
5419	3
5420	3
5421	3
5422	3
5423	3
5424	3
5425	3
5426	3
5427	3
5428	3
5429	3
5430	3
5431	3
5432	3
5433	3
5434	3
5435	3
5436	3
5437	3
5438	3
5439	3
5440	3
5441	3
5442	3
5443	3
5444	3
5445	3
5446	3
5447	3
5448	3
5449	3
5450	3
5451	3
5452	3
5453	3
5454	3
5455	3
5456	3
5457	3
5458	3
5459	3
5460	3
5461	3
5462	3
5463	3
5464	3
5465	3
5466	3
5467	3
5468	3
5469	3
5470	3
5471	3
5472	3
5473	3
5474	3
5475	3
5476	3
5477	3
5478	3
5479	3
5480	3
5481	3
5482	3
5483	3
5484	3
5485	3
5486	3
5487	3
5488	3
5489	3
5490	3
5491	3
5492	3
5493	3
5494	3
5495	3
5496	3
5497	3
5498	3
5499	3
5500	3
5501	3
5502	3
5503	3
5504	3
5505	3
5506	3
5507	3
5508	3
5509	3
5510	3
5511	3
5512	3
5513	3
5514	3
5515	3
5516	3
5517	3
5518	3
5519	3
5520	3
5521	3
5522	3
5523	3
5524	3
5525	3
5526	3
5527	3
5528	3
5529	3
5530	3
5531	3
5532	3
5533	3
5534	3
5535	3
5536	3
5537	3
5538	3
5539	3
5540	3
5541	3
5542	3
5543	3
5544	3
5545	3
5546	3
5547	3
5548	3
5549	3
5550	3
5551	3
5552	3
5553	3
5554	3
5555	3
5556	3
5557	3
5558	3
5559	3
5560	3
5561	3
5562	3
5563	3
5564	3
5565	3
5566	3
5567	3
5568	3
5569	3
5570	3
5571	3
5572	3
5573	3
5574	3
5575	3
5576	3
5577	3
5578	3
5579	3
5580	3
5581	3
5582	3
5583	3
5584	3
5585	3
5586	3
5587	3
5588	3
5589	3
5590	3
5591	3
5592	3
5593	3
5594	3
5595	3
5596	3
5597	3
5598	3
5599	3
5600	3
5601	3
5602	3
5603	3
5604	3
5605	3
5606	3
5607	3
5608	3
5609	3
5610	3
5611	3
5612	3
5613	3
5614	3
5615	3
5616	3
5617	3
5618	3
5619	3
5620	3
5621	3
5622	3
5623	3
5624	3
5625	3
5626	3
5627	3
5628	3
5629	3
5630	3
5631	3
5632	3
5633	3
5634	3
5635	3
5636	3
5637	3
5638	3
5639	3
5640	3
5641	3
5642	3
5643	3
5644	3
5645	3
5646	3
5647	3
5648	3
5649	3
5650	3
5651	3
5652	3
5653	3
5654	3
5655	3
5656	3
5657	3
5658	3
5659	3
5660	3
5661	3
5662	3
5663	3
5664	3
5665	3
5666	3
5667	3
5668	3
5669	3
5670	3
5671	3
5672	3
5673	3
5674	3
5675	3
5676	3
5677	3
5678	3
5679	3
5680	3
5681	3
5682	3
5683	3
5684	3
5685	3
5686	3
5687	3
5688	3
5689	3
5690	3
5691	3
5692	3
5693	3
5694	3
5695	3
5696	3
5697	3
5698	3
5699	3
5700	3
5701	3
5702	3
5703	3
5704	3
5705	3
5706	3
5707	3
5708	3
5709	3
5710	3
5711	3
5712	3
5713	3
5714	3
5715	3
5716	3
5717	3
5718	3
5719	3
5720	3
5721	3
5722	3
5723	3
5724	3
5725	3
5726	3
5727	3
5728	3
5729	3
5730	3
5731	3
5732	3
5733	3
5734	3
5735	3
5736	3
5737	3
5738	3
5739	3
5740	3
5741	3
5742	3
5743	3
5744	3
5745	3
5746	3
5747	3
5748	3
5749	3
5750	3
5751	3
5752	3
5753	3
5754	3
5755	3
5756	3
5757	3
5758	3
5759	3
5760	3
5761	3
5762	3
5763	3
5764	3
5765	3
5766	3
5767	3
5768	3
5769	3
5770	3
5771	3
5772	3
5773	3
5774	3
5775	3
5776	3
5777	3
5778	3
5779	3
5780	3
5781	3
5782	3
5783	3
5784	3
5785	3
5786	3
5787	3
5788	3
5789	3
5790	3
5791	3
5792	3
5793	3
5794	3
5795	3
5796	3
5797	3
5798	3
5799	3
5800	3
5801	3
5802	3
5803	3
5804	3
5805	3
5806	3
5807	3
5808	3
5809	3
5810	3
5811	3
5812	3
5813	3
5814	3
5815	3
5816	3
5817	3
5818	3
5819	3
5820	3
5821	3
5822	3
5823	3
5824	3
5825	3
5826	3
5827	3
5828	3
5829	3
5830	3
5831	3
5832	3
5833	3
5834	3
5835	3
5836	3
5837	3
5838	3
5839	3
5840	3
5841	3
5842	3
5843	3
5844	3
5845	3
5846	3
5847	3
5848	3
5849	3
5850	3
5851	3
5852	3
5853	3
5854	3
5855	3
5856	3
5857	3
5858	3
5859	3
5860	3
5861	3
5862	3
5863	3
5864	3
5865	3
5866	3
5867	3
5868	3
5869	3
5870	3
5871	3
5872	3
5873	3
5874	3
5875	3
5876	3
5877	3
5878	3
5879	3
5880	3
5881	3
5882	3
5883	3
5884	3
5885	3
5886	3
5887	3
5888	3
5889	3
5890	3
5891	3
5892	3
5893	3
5894	3
5895	3
5896	3
5897	3
5898	3
5899	3
5900	3
5901	3
5902	3
5903	3
5904	3
5905	3
5906	3
5907	3
5908	3
5909	3
5910	3
5911	3
5912	3
5913	3
5914	3
5915	3
5916	3
5917	3
5918	3
5919	3
5920	3
5921	3
5922	3
5923	3
5924	3
5925	3
5926	3
5927	3
5928	3
5929	3
5930	3
5931	3
5932	3
5933	3
5934	3
5935	3
5936	3
5937	3
5938	3
5939	3
5940	3
5941	3
5942	3
5943	3
5944	3
5945	3
5946	3
5947	3
5948	3
5949	3
5950	3
5951	3
5952	3
5953	3
5954	3
5955	3
5956	3
5957	3
5958	3
5959	3
5960	3
5961	3
5962	3
5963	3
5964	3
5965	3
5966	3
5967	3
5968	3
5969	3
5970	3
5971	3
5972	3
5973	3
5974	3
5975	3
5976	3
5977	3
5978	3
5979	3
5980	3
5981	3
5982	3
5983	3
5984	3
5985	3
5986	3
5987	3
5988	3
5989	3
5990	3
5991	3
5992	3
5993	3
5994	3
5995	3
5996	3
5997	3
5998	3
5999	3
6000	3
6001	3
6002	3
6003	3
6004	3
6005	3
6006	3
6007	3
6008	3
6009	3
6010	3
6011	3
6012	3
6013	3
6014	3
6015	3
6016	3
6017	3
6018	3
6019	3
6020	3
6021	3
6022	3
6023	3
6024	3
6025	3
6026	3
6027	3
6028	3
6029	3
6030	3
6031	3
6032	3
6033	3
6034	3
6035	3
6036	3
6037	3
6038	3
6039	3
6040	3
6041	3
6042	3
6043	3
6044	3
6045	3
6046	3
6047	3
6048	3
6049	3
6050	3
6051	3
6052	3
6053	3
6054	3
6055	3
6056	3
6057	3
6058	3
6059	3
6060	3
6061	3
6062	3
6063	3
6064	3
6065	3
6066	3
6067	3
6068	3
6069	3
6070	3
6071	3
6072	3
6073	3
6074	3
6075	3
6076	3
6077	3
6078	3
6079	3
6080	3
6081	3
6082	3
6083	3
6084	3
6085	3
6086	3
6087	3
6088	3
6089	3
6090	3
6091	3
6092	3
6093	3
6094	3
6095	3
6096	3
6097	3
6098	3
6099	3
6100	3
6101	3
6102	3
6103	3
6104	3
6105	3
6106	3
6107	3
6108	3
6109	3
6110	3
6111	3
6112	3
6113	3
6114	3
6115	3
6116	3
6117	3
6118	3
6119	3
6120	3
6121	3
6122	3
6123	3
6124	3
6125	3
6126	3
6127	3
6128	3
6129	3
6130	3
6131	3
6132	3
6133	3
6134	3
6135	3
6136	3
6137	3
6138	3
6139	3
6140	3
6141	3
6142	3
6143	3
6144	3
6145	3
6146	3
6147	3
6148	3
6149	3
6150	3
6151	3
6152	3
6153	3
6154	3
6155	3
6156	3
6157	3
6158	3
6159	3
6160	3
6161	3
6162	3
6163	3
6164	3
6165	3
6166	3
6167	3
6168	3
6169	3
6170	3
6171	3
6172	3
6173	3
6174	3
6175	3
6176	3
6177	3
6178	3
6179	3
6180	3
6181	3
6182	3
6183	3
6184	3
6185	3
6186	3
6187	3
6188	3
6189	3
6190	3
6191	3
6192	3
6193	3
6194	3
6195	3
6196	3
6197	3
6198	3
6199	3
6200	3
6201	3
6202	3
6203	3
6204	3
6205	3
6206	3
6207	3
6208	3
6209	3
6210	3
6211	3
6212	3
6213	3
6214	3
6215	3
6216	3
6217	3
6218	3
6219	3
6220	3
6221	3
6222	3
6223	3
6224	3
6225	3
6226	3
6227	3
6228	3
6229	3
6230	3
6231	3
6232	3
6233	3
6234	3
6235	3
6236	3
6237	3
6238	3
6239	3
6240	3
6241	3
6242	3
6243	3
6244	3
6245	3
6246	3
6247	3
6248	3
6249	3
6250	3
6251	3
6252	3
6253	3
6254	3
6255	3
6256	3
6257	3
6258	3
6259	3
6260	3
6261	3
6262	3
6263	3
6264	3
6265	3
6266	3
6267	3
6268	3
6269	3
6270	3
6271	3
6272	3
6273	3
6274	3
6275	3
6276	3
6277	3
6278	3
6279	3
6280	3
6281	3
6282	3
6283	3
6284	3
6285	3
6286	3
6287	3
6288	3
6289	3
6290	3
6291	3
6292	3
6293	3
6294	3
6295	3
6296	3
6297	3
6298	3
6299	3
6300	3
6301	3
6302	3
6303	3
6304	3
6305	3
6306	3
6307	3
6308	3
6309	3
6310	3
6311	3
6312	3
6313	3
6314	3
6315	3
6316	3
6317	3
6318	3
6319	3
6320	3
6321	3
6322	3
6323	3
6324	3
6325	3
6326	3
6327	3
6328	3
6329	3
6330	3
6331	3
6332	3
6333	3
6334	3
6335	3
6336	3
6337	3
6338	3
6339	3
6340	3
6341	3
6342	3
6343	3
6344	3
6345	3
6346	3
6347	3
6348	3
6349	3
6350	3
6351	3
6352	3
6353	3
6354	3
6355	3
6356	3
6357	3
6358	3
6359	3
6360	3
6361	3
6362	3
6363	3
6364	3
6365	3
6366	3
6367	3
6368	3
6369	3
6370	3
6371	3
6372	3
6373	3
6374	3
6375	3
6376	3
6377	3
6378	3
6379	3
6380	3
6381	3
6382	3
6383	3
6384	3
6385	3
6386	3
6387	3
6388	3
6389	3
6390	3
6391	3
6392	3
6393	3
6394	3
6395	3
6396	3
6397	3
6398	3
6399	3
6400	3
6401	3
6402	3
6403	3
6404	3
6405	3
6406	3
6407	3
6408	3
6409	3
6410	3
6411	3
6412	3
6413	3
6414	3
6415	3
6416	3
6417	3
6418	3
6419	3
6420	3
6421	3
6422	3
6423	3
6424	3
6425	3
6426	3
6427	3
6428	3
6429	3
6430	3
6431	3
6432	3
6433	3
6434	3
6435	3
6436	3
6437	3
6438	3
6439	3
6440	3
6441	3
6442	3
6443	3
6444	3
6445	3
6446	3
6447	3
6448	3
6449	3
6450	3
6451	3
6452	3
6453	3
6454	3
6455	3
6456	3
6457	3
6458	3
6459	3
6460	3
6461	3
6462	3
6463	3
6464	3
6465	3
6466	3
6467	3
6468	3
6469	3
6470	3
6471	3
6472	3
6473	3
6474	3
6475	3
6476	3
6477	3
6478	3
6479	3
6480	3
6481	3
6482	3
6483	3
6484	3
6485	3
6486	3
6487	3
6488	3
6489	3
6490	3
6491	3
6492	3
6493	3
6494	3
6495	3
6496	3
6497	3
6498	3
6499	3
6500	3
6501	3
6502	3
6503	3
6504	3
6505	3
6506	3
6507	3
6508	3
6509	3
6510	3
6511	3
6512	3
6513	3
6514	3
6515	3
6516	3
6517	3
6518	3
6519	3
6520	3
6521	3
6522	3
6523	3
6524	3
6525	3
6526	3
6527	3
6528	3
6529	3
6530	3
6531	3
6532	3
6533	3
6534	3
6535	3
6536	3
6537	3
6538	3
6539	3
6540	3
6541	3
6542	3
6543	3
6544	3
6545	3
6546	3
6547	3
6548	3
6549	3
6550	3
6551	3
6552	3
6553	3
6554	3
6555	3
6556	3
6557	3
6558	3
6559	3
6560	3
6561	3
6562	3
6563	3
6564	3
6565	3
6566	3
6567	3
6568	3
6569	3
6570	3
6571	3
6572	3
6573	3
6574	3
6575	3
6576	3
6577	3
6578	3
6579	3
6580	3
6581	3
6582	3
6583	3
6584	3
6585	3
6586	3
6587	3
6588	3
6589	3
6590	3
6591	3
6592	3
6593	3
6594	3
6595	3
6596	3
6597	3
6598	3
6599	3
6600	3
6601	3
6602	3
6603	3
6604	3
6605	3
6606	3
6607	3
6608	3
6609	3
6610	3
6611	3
6612	3
6613	3
6614	3
6615	3
6616	3
6617	3
6618	3
6619	3
6620	3
6621	3
6622	3
6623	3
6624	3
6625	3
6626	3
6627	3
6628	3
6629	3
6630	3
6631	3
6632	3
6633	3
6634	3
6635	3
6636	3
6637	3
6638	3
6639	3
6640	3
6641	3
6642	3
6643	3
6644	3
6645	3
6646	3
6647	3
6648	3
6649	3
6650	3
6651	3
6652	3
6653	3
6654	3
6655	3
6656	3
6657	3
6658	3
6659	3
6660	3
6661	3
6662	3
6663	3
6664	3
6665	3
6666	3
6667	3
6668	3
6669	3
6670	3
6671	3
6672	3
6673	3
6674	3
6675	3
6676	3
6677	3
6678	3
6679	3
6680	3
6681	3
6682	3
6683	3
6684	3
6685	3
6686	3
6687	3
6688	3
6689	3
6690	3
6691	3
6692	3
6693	3
6694	3
6695	3
6696	3
6697	3
6698	3
6699	3
6700	3
6701	3
6702	3
6703	3
6704	3
6705	3
6706	3
6707	3
6708	3
6709	3
6710	3
6711	3
6712	3
6713	3
6714	3
6715	3
6716	3
6717	3
6718	3
6719	3
6720	3
6721	3
6722	3
6723	3
6724	3
6725	3
6726	3
6727	3
6728	3
6729	3
6730	3
6731	3
6732	3
6733	3
6734	3
6735	3
6736	3
6737	3
6738	3
6739	3
6740	3
6741	3
6742	3
6743	3
6744	3
6745	3
6746	3
6747	3
6748	3
6749	3
6750	3
6751	3
6752	3
6753	3
6754	3
6755	3
6756	3
6757	3
6758	3
6759	3
6760	3
6761	3
6762	3
6763	3
6764	3
6765	3
6766	3
6767	3
6768	3
6769	3
6770	3
6771	3
6772	3
6773	3
6774	3
6775	3
6776	3
6777	3
6778	3
6779	3
6780	3
6781	3
6782	3
6783	3
6784	3
6785	3
6786	3
6787	3
6788	3
6789	3
6790	3
6791	3
6792	3
6793	3
6794	3
6795	3
6796	3
6797	3
6798	3
6799	3
6800	3
6801	3
6802	3
6803	3
6804	3
6805	3
6806	3
6807	3
6808	3
6809	3
6810	3
6811	3
6812	3
6813	3
6814	3
6815	3
6816	3
6817	3
6818	3
6819	3
6820	3
6821	3
6822	3
6823	3
6824	3
6825	3
6826	3
6827	3
6828	3
6829	3
6830	3
6831	3
6832	3
6833	3
6834	3
6835	3
6836	3
6837	3
6838	3
6839	3
6840	3
6841	3
6842	3
6843	3
6844	3
6845	3
6846	3
6847	3
6848	3
6849	3
6850	3
6851	3
6852	3
6853	3
6854	3
6855	3
6856	3
6857	3
6858	3
6859	3
6860	3
6861	3
6862	3
6863	3
6864	3
6865	3
6866	3
6867	3
6868	3
6869	3
6870	3
6871	3
6872	3
6873	3
6874	3
6875	3
6876	3
6877	3
6878	3
6879	3
6880	3
6881	3
6882	3
6883	3
6884	3
6885	3
6886	3
6887	3
6888	3
6889	3
6890	3
6891	3
6892	3
6893	3
6894	3
6895	3
6896	3
6897	3
6898	3
6899	3
6900	3
6901	3
6902	3
6903	3
6904	3
6905	3
6906	3
6907	3
6908	3
6909	3
6910	3
6911	3
6912	3
6913	3
6914	3
6915	3
6916	3
6917	3
6918	3
6919	3
6920	3
6921	3
6922	3
6923	3
6924	3
6925	3
6926	3
6927	3
6928	3
6929	3
6930	3
6931	3
6932	3
6933	3
6934	3
6935	3
6936	3
6937	3
6938	3
6939	3
6940	3
6941	3
6942	3
6943	3
6944	3
6945	3
6946	3
6947	3
6948	3
6949	3
6950	3
6951	3
6952	3
6953	3
6954	3
6955	3
6956	3
6957	3
6958	3
6959	3
6960	3
6961	3
6962	3
6963	3
6964	3
6965	3
6966	3
6967	3
6968	3
6969	3
6970	3
6971	3
6972	3
6973	3
6974	3
6975	3
6976	3
6977	3
6978	3
6979	3
6980	3
6981	3
6982	3
6983	3
6984	3
6985	3
6986	3
6987	3
6988	3
6989	3
6990	3
6991	3
6992	3
6993	3
6994	3
6995	3
6996	3
6997	3
6998	3
6999	3
7000	3
7001	3
7002	3
7003	3
7004	3
7005	3
7006	3
7007	3
7008	3
7009	3
7010	3
7011	3
7012	3
7013	3
7014	3
7015	3
7016	3
7017	3
7018	3
7019	3
7020	3
7021	3
7022	3
7023	3
7024	3
7025	3
7026	3
7027	3
7028	3
7029	3
7030	3
7031	3
7032	3
7033	3
7034	3
7035	3
7036	3
7037	3
7038	3
7039	3
7040	3
7041	3
7042	3
7043	3
7044	3
7045	3
7046	3
7047	3
7048	3
7049	3
7050	3
7051	3
7052	3
7053	3
7054	3
7055	3
7056	3
7057	3
7058	3
7059	3
7060	3
7061	3
7062	3
7063	3
7064	3
7065	3
7066	3
7067	3
7068	3
7069	3
7070	3
7071	3
7072	3
7073	3
7074	3
7075	3
7076	3
7077	3
7078	3
7079	3
7080	3
7081	3
7082	3
7083	3
7084	3
7085	3
7086	3
7087	3
7088	3
7089	3
7090	3
7091	3
7092	3
7093	3
7094	3
7095	3
7096	3
7097	3
7098	3
7099	3
7100	3
7101	3
7102	3
7103	3
7104	3
7105	3
7106	3
7107	3
7108	3
7109	3
7110	3
7111	3
7112	3
7113	3
7114	3
7115	3
7116	3
7117	3
7118	3
7119	3
7120	3
7121	3
7122	3
7123	3
7124	3
7125	3
7126	3
7127	3
7128	3
7129	3
7130	3
7131	3
7132	3
7133	3
7134	3
7135	3
7136	3
7137	3
7138	3
7139	3
7140	3
7141	3
7142	3
7143	3
7144	3
7145	3
7146	3
7147	3
7148	3
7149	3
7150	3
7151	3
7152	3
7153	3
7154	3
7155	3
7156	3
7157	3
7158	3
7159	3
7160	3
7161	3
7162	3
7163	3
7164	3
7165	3
7166	3
7167	3
7168	3
7169	3
7170	3
7171	3
7172	3
7173	3
7174	3
7175	3
7176	3
7177	3
7178	3
7179	3
7180	3
7181	3
7182	3
7183	3
7184	3
7185	3
7186	3
7187	3
7188	3
7189	3
7190	3
7191	3
7192	3
7193	3
7194	3
7195	3
7196	3
7197	3
7198	3
7199	3
7200	3
7201	3
7202	3
7203	3
7204	3
7205	3
7206	3
7207	3
7208	3
7209	3
7210	3
7211	3
7212	3
7213	3
7214	3
7215	3
7216	3
7217	3
7218	3
7219	3
7220	3
7221	3
7222	3
7223	3
7224	3
7225	3
7226	3
7227	3
7228	3
7229	3
7230	3
7231	3
7232	3
7233	3
7234	3
7235	3
7236	3
7237	3
7238	3
7239	3
7240	3
7241	3
7242	3
7243	3
7244	3
7245	3
7246	3
7247	3
7248	3
7249	3
7250	3
7251	3
7252	3
7253	3
7254	3
7255	3
7256	3
7257	3
7258	3
7259	3
7260	3
7261	3
7262	3
7263	3
7264	3
7265	3
7266	3
7267	-1000
7268	-1000
7269	-1000
7270	-1000
7271	-1000
7272	-1000
7273	-1000
7274	-1000
7275	-1000
7276	-1000
7277	-1000
7278	-1000
7279	-1000
7280	-1000
7281	-1000
7282	-1000
7283	-1000
7284	-1000
7285	-1000
7286	-1000
7287	-1000
7288	-1000
7289	-1000
7290	-1000
7291	-1000
7292	-1000
7293	-1000
7294	-1000
7295	-1000
7296	-1000
7297	-1000
7298	-1000
7299	-1000
7300	-1000
7301	-1000
7302	-1000
7303	-1000
7304	-1000
7305	-1000
7306	-1000
7307	-1000
7308	-1000
7309	-1000
7310	-1000
7311	-1000
7312	-1000
7313	-1000
7314	-1000
7315	-1000
7316	-1000
7317	-1000
7318	-1000
7319	-1000
7320	-1000
7321	-1000
7322	-1000
7323	-1000
7324	-1000
7325	-1000
7326	-1000
7327	-1000
7328	-1000
7329	-1000
7330	-1000
7331	-1000
7332	-1000
7333	-1000
7334	-1000
7335	-1000
7336	-1000
7337	-1000
7338	-1000
7339	-1000
7340	-1000
7341	-1000
7342	-1000
7343	-1000
7344	-1000
7345	-1000
7346	-1000
7347	-1000
7348	-1000
7349	-1000
7350	-1000
7351	-1000
7352	-1000
7353	-1000
7354	-1000
7355	-1000
7356	-1000
7357	-1000
7358	-1000
7359	-1000
7360	-1000
7361	-1000
7362	-1000
7363	-1000
7364	-1000
7365	-1000
7366	-1000
7367	-1000
7368	-1000
7369	-1000
7370	-1000
7371	-1000
7372	-1000
7373	-1000
7374	-1000
7375	-1000
7376	-1000
7377	-1000
7378	-1000
7379	-1000
7380	-1000
7381	-1000
7382	-1000
7383	-1000
7384	-1000
7385	-1000
7386	-1000
7387	-1000
7388	-1000
7389	-1000
7390	-1000
7391	-1000
7392	-1000
7393	-1000
7394	-1000
7395	-1000
7396	-1000
7397	-1000
7398	-1000
7399	-1000
7400	-1000
7401	-1000
7402	-1000
7403	-1000
7404	-1000
7405	-1000
7406	-1000
7407	-1000
7408	-1000
7409	-1000
7410	-1000
7411	-1000
7412	-1000
7413	-1000
7414	-1000
7415	-1000
7416	-1000
7417	-1000
7418	-1000
7419	-1000
7420	-1000
7421	-1000
7422	-1000
7423	-1000
7424	-1000
7425	-1000
7426	-1000
7427	-1000
7428	-1000
7429	-1000
7430	-1000
7431	-1000
7432	-1000
7433	-1000
7434	-1000
7435	-1000
7436	-1000
7437	-1000
7438	-1000
7439	-1000
7440	-1000
7441	-1000
7442	-1000
7443	-1000
7444	-1000
7445	-1000
7446	-1000
7447	-1000
7448	-1000
7449	-1000
7450	-1000
7451	-1000
7452	-1000
7453	-1000
7454	-1000
7455	-1000
7456	-1000
7457	-1000
7458	-1000
7459	-1000
7460	-1000
7461	-1000
7462	-1000
7463	-1000
7464	-1000
7465	-1000
7466	-1000
7467	-1000
7468	-1000
7469	-1000
7470	-1000
7471	-1000
7472	-1000
7473	-1000
7474	-1000
7475	-1000
7476	-1000
7477	-1000
7478	-1000
7479	-1000
7480	-1000
7481	-1000
7482	-1000
7483	-1000
7484	-1000
7485	-1000
7486	-1000
7487	-1000
7488	-1000
7489	-1000
7490	-1000
7491	-1000
7492	-1000
7493	-1000
7494	-1000
7495	-1000
7496	-1000
7497	-1000
7498	-1000
7499	-1000
7500	-1000
7501	-1000
7502	-1000
7503	-1000
7504	-1000
7505	-1000
7506	-1000
7507	-1000
7508	-1000
7509	-1000
7510	-1000
7511	-1000
7512	-1000
7513	-1000
7514	-1000
7515	-1000
7516	-1000
7517	-1000
7518	-1000
7519	-1000
7520	-1000
7521	-1000
7522	-1000
7523	-1000
7524	-1000
7525	-1000
7526	-1000
7527	-1000
7528	-1000
7529	-1000
7530	-1000
7531	-1000
7532	-1000
7533	-1000
7534	-1000
7535	-1000
7536	-1000
7537	-1000
7538	-1000
7539	-1000
7540	-1000
7541	-1000
7542	-1000
7543	-1000
7544	-1000
7545	-1000
7546	-1000
7547	-1000
7548	-1000
7549	-1000
7550	-1000
7551	-1000
7552	-1000
7553	-1000
7554	-1000
7555	-1000
7556	-1000
7557	-1000
7558	-1000
7559	-1000
7560	-1000
7561	-1000
7562	-1000
7563	-1000
7564	-1000
7565	-1000
7566	-1000
7567	-1000
7568	-1000
7569	-1000
7570	-1000
7571	-1000
7572	-1000
7573	-1000
7574	-1000
7575	-1000
7576	-1000
7577	-1000
7578	-1000
7579	-1000
7580	-1000
7581	-1000
7582	-1000
7583	-1000
7584	-1000
7585	-1000
7586	-1000
7587	-1000
7588	-1000
7589	-1000
7590	-1000
7591	-1000
7592	-1000
7593	-1000
7594	-1000
7595	-1000
7596	-1000
7597	-1000
7598	-1000
7599	-1000
7600	-1000
7601	-1000
7602	-1000
7603	-1000
7604	-1000
7605	-1000
7606	-1000
7607	-1000
7608	-1000
7609	-1000
7610	-1000
7611	-1000
7612	-1000
7613	-1000
7614	-1000
7615	-1000
7616	-1000
7617	-1000
7618	-1000
7619	-1000
7620	-1000
7621	-1000
7622	-1000
7623	-1000
7624	-1000
7625	-1000
7626	-1000
7627	-1000
7628	-1000
7629	-1000
7630	-1000
7631	-1000
7632	-1000
7633	-1000
7634	-1000
7635	-1000
7636	-1000
7637	-1000
7638	-1000
7639	-1000
7640	-1000
7641	-1000
7642	-1000
7643	-1000
7644	-1000
7645	-1000
7646	-1000
7647	-1000
7648	-1000
7649	-1000
7650	-1000
7651	-1000
7652	-1000
7653	-1000
7654	-1000
7655	-1000
7656	-1000
7657	-1000
7658	-1000
7659	-1000
7660	-1000
7661	-1000
7662	-1000
7663	-1000
7664	-1000
7665	-1000
7666	-1000
7667	-1000
7668	-1000
7669	-1000
7670	-1000
7671	-1000
7672	-1000
7673	-1000
7674	-1000
7675	-1000
7676	-1000
7677	-1000
7678	-1000
7679	-1000
7680	-1000
7681	-1000
7682	-1000
7683	-1000
7684	-1000
7685	-1000
7686	-1000
7687	-1000
7688	-1000
7689	-1000
7690	-1000
7691	-1000
7692	-1000
7693	-1000
7694	-1000
7695	-1000
7696	-1000
7697	-1000
7698	-1000
7699	-1000
7700	-1000
7701	-1000
7702	-1000
