0	-1000
1	-1000
2	-1000
3	-1000
4	-1000
5	-1000
6	-1000
7	-1000
8	-1000
9	-1000
10	-1000
11	-1000
12	-1000
13	-1000
14	-1000
15	-1000
16	-1000
17	-1000
18	-1000
19	-1000
20	-1000
21	-1000
22	-1000
23	-1000
24	-1000
25	-1000
26	-1000
27	-1000
28	-1000
29	-1000
30	-1000
31	-1000
32	-1000
33	-1000
34	-1000
35	-1000
36	-1000
37	-1000
38	-1000
39	-1000
40	-1000
41	-1000
42	-1000
43	-1000
44	-1000
45	-1000
46	-1000
47	-1000
48	-1000
49	-1000
50	-1000
51	-1000
52	-1000
53	-1000
54	-1000
55	-1000
56	-1000
57	-1000
58	-1000
59	-1000
60	-1000
61	-1000
62	-1000
63	-1000
64	-1000
65	-1000
66	-1000
67	-1000
68	-1000
69	-1000
70	-1000
71	-1000
72	-1000
73	-1000
74	-1000
75	-1000
76	-1000
77	-1000
78	-1000
79	-1000
80	-1000
81	-1000
82	-1000
83	-1000
84	-1000
85	-1000
86	-1000
87	-1000
88	-1000
89	-1000
90	-1000
91	-1000
92	-1000
93	-1000
94	-1000
95	-1000
96	-1000
97	-1000
98	-1000
99	-1000
100	-1000
101	-1000
102	-1000
103	-1000
104	-1000
105	-1000
106	-1000
107	-1000
108	-1000
109	-1000
110	-1000
111	-1000
112	-1000
113	-1000
114	-1000
115	-1000
116	-1000
117	-1000
118	-1000
119	-1000
120	-1000
121	-1000
122	-1000
123	-1000
124	-1000
125	-1000
126	-1000
127	-1000
128	-1000
129	-1000
130	-1000
131	-1000
132	-1000
133	-1000
134	-1000
135	-1000
136	-1000
137	-1000
138	-1000
139	-1000
140	-1000
141	-1000
142	-1000
143	-1000
144	-1000
145	-1000
146	-1000
147	-1000
148	-1000
149	-1000
150	-1000
151	-1000
152	-1000
153	-1000
154	-1000
155	-1000
156	-1000
157	-1000
158	-1000
159	-1000
160	-1000
161	-1000
162	-1000
163	-1000
164	-1000
165	-1000
166	-1000
167	-1000
168	-1000
169	-1000
170	-1000
171	-1000
172	-1000
173	-1000
174	-1000
175	-1000
176	-1000
177	-1000
178	-1000
179	-1000
180	-1000
181	-1000
182	-1000
183	-1000
184	-1000
185	-1000
186	-1000
187	-1000
188	-1000
189	-1000
190	-1000
191	-1000
192	-1000
193	-1000
194	-1000
195	-1000
196	-1000
197	-1000
198	-1000
199	-1000
200	-1000
201	-1000
202	-1000
203	-1000
204	-1000
205	-1000
206	-1000
207	-1000
208	-1000
209	-1000
210	-1000
211	-1000
212	-1000
213	-1000
214	-1000
215	-1000
216	-1000
217	-1000
218	-1000
219	-1000
220	-1000
221	-1000
222	-1000
223	-1000
224	-1000
225	-1000
226	-1000
227	-1000
228	-1000
229	-1000
230	-1000
231	-1000
232	-1000
233	-1000
234	-1000
235	-1000
236	-1000
237	-1000
238	-1000
239	-1000
240	-1000
241	-1000
242	-1000
243	-1000
244	-1000
245	-1000
246	-1000
247	-1000
248	-1000
249	-1000
250	-1000
251	-1000
252	-1000
253	-1000
254	-1000
255	-1000
256	-1000
257	-1000
258	-1000
259	-1000
260	-1000
261	-1000
262	-1000
263	-1000
264	-1000
265	-1000
266	-1000
267	-1000
268	-1000
269	-1000
270	-1000
271	-1000
272	-1000
273	-1000
274	-1000
275	-1000
276	-1000
277	-1000
278	-1000
279	-1000
280	-1000
281	-1000
282	-1000
283	-1000
284	-1000
285	-1000
286	1
287	1
288	1
289	1
290	1
291	1
292	1
293	1
294	1
295	1
296	1
297	1
298	1
299	1
300	1
301	1
302	1
303	1
304	1
305	1
306	1
307	1
308	1
309	1
310	1
311	1
312	1
313	1
314	1
315	1
316	1
317	1
318	1
319	1
320	1
321	1
322	1
323	1
324	1
325	1
326	1
327	1
328	1
329	1
330	1
331	1
332	1
333	1
334	1
335	1
336	1
337	1
338	1
339	1
340	1
341	1
342	1
343	1
344	1
345	1
346	1
347	1
348	1
349	1
350	1
351	1
352	1
353	1
354	1
355	1
356	1
357	1
358	1
359	1
360	1
361	1
362	1
363	1
364	1
365	1
366	1
367	1
368	1
369	1
370	1
371	1
372	1
373	1
374	1
375	1
376	1
377	1
378	1
379	1
380	1
381	1
382	1
383	1
384	1
385	1
386	1
387	1
388	1
389	1
390	1
391	1
392	1
393	1
394	1
395	1
396	1
397	1
398	1
399	1
400	1
401	1
402	1
403	1
404	1
405	1
406	1
407	1
408	1
409	1
410	1
411	1
412	1
413	1
414	1
415	1
416	1
417	1
418	1
419	1
420	1
421	1
422	1
423	1
424	1
425	1
426	1
427	1
428	1
429	1
430	1
431	1
432	1
433	1
434	1
435	1
436	1
437	1
438	1
439	1
440	1
441	1
442	1
443	1
444	1
445	1
446	1
447	1
448	1
449	1
450	1
451	1
452	1
453	1
454	1
455	1
456	1
457	1
458	1
459	1
460	1
461	1
462	1
463	1
464	1
465	1
466	1
467	1
468	1
469	1
470	1
471	1
472	1
473	1
474	1
475	1
476	1
477	1
478	1
479	1
480	1
481	1
482	1
483	1
484	1
485	1
486	1
487	1
488	1
489	1
490	1
491	1
492	1
493	1
494	1
495	1
496	1
497	1
498	1
499	1
500	1
501	1
502	1
503	1
504	1
505	1
506	1
507	1
508	1
509	1
510	1
511	1
512	1
513	1
514	1
515	1
516	1
517	1
518	1
519	1
520	1
521	1
522	-1000
523	-1000
524	-1000
525	-1000
526	-1000
527	-1000
528	-1000
529	-1000
530	-1000
531	-1000
532	-1000
533	-1000
534	-1000
535	-1000
536	-1000
537	-1000
538	-1000
539	-1000
540	-1000
541	-1000
542	-1000
543	-1000
544	-1000
545	-1000
546	-1000
547	-1000
548	-1000
549	-1000
550	-1000
551	-1000
552	-1000
553	-1000
554	-1000
555	-1000
556	-1000
557	-1000
558	-1000
559	-1000
560	-1000
561	-1000
562	-1000
563	-1000
564	-1000
565	-1000
566	-1000
567	-1000
568	-1000
569	-1000
570	-1000
571	-1000
572	-1000
573	-1000
574	-1000
575	-1000
576	-1000
577	-1000
578	-1000
579	-1000
580	-1000
581	-1000
582	-1000
583	-1000
584	-1000
585	-1000
586	-1000
587	-1000
588	-1000
589	-1000
590	-1000
591	-1000
592	-1000
593	-1000
594	-1000
595	-1000
596	-1000
597	-1000
598	-1000
599	-1000
600	-1000
601	-1000
602	-1000
603	-1000
604	-1000
605	-1000
606	-1000
607	-1000
608	-1000
609	-1000
610	-1000
611	-1000
612	-1000
613	-1000
614	-1000
615	-1000
616	-1000
617	-1000
618	-1000
619	-1000
620	-1000
621	-1000
622	-1000
623	-1000
624	-1000
625	-1000
626	-1000
627	-1000
628	-1000
629	-1000
630	-1000
631	-1000
632	-1000
633	-1000
634	-1000
635	-1000
636	-1000
637	-1000
638	-1000
639	-1000
640	-1000
641	-1000
642	-1000
643	-1000
644	-1000
645	-1000
646	-1000
647	-1000
648	-1000
649	-1000
650	-1000
651	-1000
652	-1000
653	-1000
654	-1000
655	-1000
656	-1000
657	-1000
658	-1000
659	-1000
660	-1000
661	-1000
662	-1000
663	-1000
664	-1000
665	-1000
666	-1000
667	-1000
668	-1000
669	-1000
670	-1000
671	2
672	2
673	2
674	2
675	2
676	2
677	2
678	2
679	2
680	2
681	2
682	2
683	2
684	2
685	2
686	2
687	2
688	2
689	2
690	2
691	2
692	2
693	2
694	2
695	2
696	2
697	2
698	2
699	2
700	2
701	2
702	2
703	2
704	2
705	2
706	2
707	2
708	2
709	2
710	2
711	2
712	2
713	2
714	2
715	2
716	2
717	2
718	2
719	2
720	2
721	2
722	2
723	2
724	2
725	2
726	2
727	2
728	2
729	2
730	2
731	2
732	2
733	2
734	2
735	2
736	2
737	2
738	2
739	2
740	2
741	2
742	2
743	2
744	2
745	2
746	2
747	2
748	2
749	2
750	2
751	2
752	2
753	2
754	2
755	2
756	2
757	2
758	2
759	2
760	2
761	2
762	2
763	2
764	2
765	2
766	2
767	2
768	2
769	2
770	2
771	2
772	2
773	2
774	2
775	2
776	2
777	2
778	2
779	2
780	2
781	2
782	2
783	2
784	2
785	2
786	2
787	2
788	2
789	2
790	2
791	2
792	2
793	2
794	2
795	2
796	2
797	2
798	2
799	2
800	2
801	2
802	2
803	2
804	2
805	2
806	2
807	2
808	2
809	2
810	2
811	2
812	2
813	2
814	2
815	2
816	2
817	2
818	2
819	2
820	2
821	2
822	2
823	2
824	2
825	2
826	2
827	2
828	2
829	2
830	2
831	2
832	2
833	2
834	2
835	2
836	2
837	2
838	2
839	2
840	2
841	2
842	2
843	2
844	2
845	2
846	2
847	2
848	2
849	2
850	2
851	2
852	2
853	2
854	2
855	2
856	2
857	2
858	2
859	2
860	2
861	2
862	2
863	2
864	2
865	2
866	2
867	2
868	2
869	2
870	2
871	2
872	2
873	2
874	2
875	2
876	2
877	2
878	2
879	2
880	2
881	2
882	2
883	2
884	2
885	2
886	2
887	2
888	2
889	2
890	2
891	2
892	2
893	2
894	2
895	2
896	2
897	2
898	2
899	2
900	2
901	2
902	2
903	2
904	2
905	2
906	2
907	2
908	2
909	2
910	2
911	2
912	2
913	2
914	2
915	2
916	2
917	2
918	2
919	2
920	2
921	2
922	2
923	2
924	2
925	2
926	2
927	2
928	2
929	2
930	2
931	2
932	2
933	2
934	2
935	2
936	2
937	2
938	2
939	2
940	2
941	2
942	2
943	2
944	2
945	2
946	2
947	2
948	2
949	2
950	2
951	2
952	2
953	2
954	2
955	2
956	2
957	2
958	2
959	2
960	2
961	2
962	2
963	2
964	2
965	2
966	2
967	2
968	2
969	2
970	2
971	2
972	2
973	2
974	2
975	2
976	2
977	2
978	2
979	2
980	2
981	2
982	2
983	2
984	2
985	2
986	2
987	2
988	2
989	2
990	2
991	2
992	2
993	2
994	2
995	2
996	2
997	2
998	2
999	2
1000	2
1001	2
1002	2
1003	2
1004	2
1005	2
1006	2
1007	2
1008	2
1009	2
1010	2
1011	2
1012	2
1013	2
1014	2
1015	2
1016	2
1017	2
1018	2
1019	2
1020	2
1021	2
1022	2
1023	2
1024	2
1025	2
1026	2
1027	2
1028	2
1029	2
1030	2
1031	2
1032	2
1033	2
1034	2
1035	2
1036	2
1037	2
1038	2
1039	2
1040	2
1041	2
1042	2
1043	2
1044	2
1045	2
1046	2
1047	2
1048	2
1049	2
1050	2
1051	2
1052	2
1053	2
1054	2
1055	2
1056	2
1057	2
1058	2
1059	2
1060	2
1061	2
1062	2
1063	2
1064	2
1065	2
1066	2
1067	2
1068	2
1069	2
1070	2
1071	2
1072	2
1073	2
1074	2
1075	2
1076	2
1077	2
1078	2
1079	2
1080	2
1081	2
1082	2
1083	2
1084	2
1085	2
1086	2
1087	2
1088	2
1089	2
1090	2
1091	2
1092	2
1093	2
1094	2
1095	2
1096	2
1097	2
1098	2
1099	2
1100	2
1101	2
1102	2
1103	2
1104	2
1105	2
1106	2
1107	2
1108	2
1109	2
1110	2
1111	2
1112	2
1113	2
1114	2
1115	2
1116	2
1117	2
1118	2
1119	2
1120	2
1121	2
1122	2
1123	2
1124	2
1125	2
1126	2
1127	2
1128	2
1129	2
1130	2
1131	2
1132	2
1133	2
1134	2
1135	2
1136	2
1137	2
1138	2
1139	2
1140	2
1141	2
1142	2
1143	2
1144	2
1145	2
1146	2
1147	2
1148	2
1149	2
1150	2
1151	2
1152	2
1153	2
1154	2
1155	2
1156	2
1157	2
1158	2
1159	2
1160	2
1161	2
1162	2
1163	2
1164	2
1165	2
1166	2
1167	2
1168	2
1169	2
1170	2
1171	2
1172	2
1173	2
1174	2
1175	2
1176	2
1177	2
1178	2
1179	2
1180	2
1181	2
1182	2
1183	2
1184	2
1185	2
1186	2
1187	2
1188	2
1189	2
1190	2
1191	2
1192	2
1193	2
1194	2
1195	2
1196	2
1197	2
1198	2
1199	2
1200	2
1201	2
1202	2
1203	2
1204	2
1205	2
1206	2
1207	2
1208	2
1209	2
1210	2
1211	2
1212	2
1213	2
1214	2
1215	2
1216	2
1217	2
1218	2
1219	2
1220	2
1221	2
1222	2
1223	2
1224	-1000
1225	-1000
1226	-1000
1227	-1000
1228	-1000
1229	-1000
1230	-1000
1231	-1000
1232	-1000
1233	-1000
1234	-1000
1235	-1000
1236	-1000
1237	-1000
1238	-1000
1239	-1000
1240	-1000
1241	-1000
1242	-1000
1243	-1000
1244	-1000
1245	-1000
1246	-1000
1247	-1000
1248	-1000
1249	-1000
1250	-1000
1251	-1000
1252	-1000
1253	-1000
1254	-1000
1255	-1000
1256	-1000
1257	-1000
1258	-1000
1259	-1000
1260	-1000
1261	-1000
1262	-1000
1263	-1000
1264	-1000
1265	-1000
1266	-1000
1267	-1000
1268	-1000
1269	-1000
1270	-1000
1271	-1000
1272	-1000
1273	-1000
1274	-1000
1275	-1000
1276	-1000
1277	-1000
1278	-1000
1279	-1000
1280	-1000
1281	-1000
1282	-1000
1283	-1000
1284	-1000
1285	-1000
1286	-1000
1287	-1000
1288	-1000
1289	-1000
1290	-1000
1291	-1000
1292	-1000
1293	-1000
1294	-1000
1295	-1000
1296	-1000
1297	-1000
1298	-1000
1299	-1000
1300	-1000
1301	-1000
1302	-1000
1303	-1000
1304	-1000
1305	-1000
1306	-1000
1307	-1000
1308	-1000
1309	-1000
1310	-1000
1311	-1000
1312	-1000
1313	-1000
1314	-1000
1315	-1000
1316	-1000
1317	-1000
1318	-1000
1319	-1000
1320	-1000
1321	-1000
1322	-1000
1323	-1000
1324	-1000
1325	-1000
1326	-1000
1327	-1000
1328	-1000
1329	-1000
1330	-1000
1331	-1000
1332	-1000
1333	-1000
1334	-1000
1335	-1000
1336	-1000
1337	-1000
1338	-1000
1339	-1000
1340	-1000
1341	-1000
1342	-1000
1343	-1000
1344	-1000
1345	-1000
1346	-1000
1347	-1000
1348	-1000
1349	-1000
1350	-1000
1351	-1000
1352	-1000
1353	-1000
1354	-1000
1355	-1000
1356	-1000
1357	-1000
1358	-1000
1359	-1000
1360	-1000
1361	-1000
1362	-1000
1363	-1000
1364	-1000
1365	-1000
1366	-1000
1367	-1000
1368	-1000
1369	-1000
1370	-1000
1371	-1000
1372	-1000
1373	-1000
1374	-1000
1375	-1000
1376	-1000
1377	-1000
1378	-1000
1379	-1000
1380	-1000
1381	-1000
1382	-1000
1383	-1000
1384	-1000
1385	-1000
1386	-1000
1387	-1000
1388	-1000
1389	-1000
1390	-1000
1391	-1000
1392	-1000
1393	-1000
1394	-1000
1395	-1000
1396	-1000
1397	-1000
1398	-1000
1399	-1000
1400	-1000
1401	-1000
1402	-1000
1403	-1000
1404	-1000
1405	-1000
1406	-1000
1407	-1000
1408	-1000
1409	-1000
1410	-1000
1411	-1000
1412	-1000
1413	-1000
1414	-1000
1415	-1000
1416	-1000
1417	-1000
1418	-1000
1419	-1000
1420	-1000
1421	-1000
1422	-1000
1423	-1000
1424	-1000
1425	-1000
1426	-1000
1427	-1000
1428	-1000
1429	-1000
1430	-1000
1431	-1000
1432	-1000
1433	-1000
1434	-1000
1435	-1000
1436	-1000
1437	-1000
1438	-1000
1439	-1000
1440	-1000
1441	-1000
1442	-1000
1443	-1000
1444	-1000
1445	-1000
1446	-1000
1447	-1000
1448	-1000
1449	-1000
1450	-1000
1451	-1000
1452	-1000
1453	-1000
1454	-1000
1455	-1000
1456	-1000
1457	-1000
1458	-1000
1459	-1000
1460	-1000
1461	-1000
1462	-1000
1463	-1000
1464	-1000
1465	-1000
1466	-1000
1467	-1000
1468	-1000
1469	-1000
1470	-1000
1471	-1000
1472	-1000
1473	-1000
1474	-1000
1475	-1000
1476	-1000
1477	-1000
1478	-1000
1479	-1000
1480	-1000
1481	-1000
1482	-1000
1483	-1000
1484	-1000
1485	-1000
1486	-1000
1487	-1000
1488	-1000
1489	-1000
1490	-1000
1491	-1000
1492	-1000
1493	-1000
1494	-1000
1495	-1000
1496	-1000
1497	-1000
1498	-1000
1499	-1000
1500	-1000
1501	-1000
1502	-1000
1503	-1000
1504	-1000
1505	-1000
1506	-1000
1507	-1000
1508	-1000
1509	-1000
1510	-1000
1511	-1000
1512	-1000
1513	-1000
1514	-1000
1515	-1000
1516	-1000
1517	-1000
1518	-1000
1519	-1000
1520	-1000
1521	-1000
1522	-1000
1523	-1000
1524	-1000
1525	-1000
1526	-1000
1527	-1000
1528	-1000
1529	-1000
1530	-1000
1531	-1000
1532	-1000
1533	-1000
1534	-1000
1535	-1000
1536	-1000
1537	-1000
1538	-1000
1539	-1000
1540	-1000
1541	-1000
1542	-1000
1543	-1000
1544	-1000
1545	-1000
1546	-1000
1547	-1000
1548	-1000
1549	-1000
1550	-1000
1551	-1000
1552	-1000
1553	-1000
1554	-1000
1555	-1000
1556	-1000
1557	-1000
1558	-1000
1559	-1000
1560	-1000
1561	-1000
1562	-1000
1563	-1000
1564	-1000
1565	-1000
1566	-1000
1567	-1000
1568	-1000
1569	-1000
1570	-1000
1571	-1000
1572	-1000
1573	-1000
1574	-1000
1575	-1000
1576	-1000
1577	-1000
1578	-1000
1579	-1000
1580	-1000
1581	-1000
1582	-1000
1583	-1000
1584	-1000
1585	-1000
1586	-1000
1587	-1000
1588	-1000
1589	-1000
1590	-1000
1591	-1000
1592	-1000
1593	-1000
1594	-1000
1595	-1000
1596	3
1597	3
1598	3
1599	3
1600	3
1601	3
1602	3
1603	3
1604	3
1605	3
1606	3
1607	3
1608	3
1609	3
1610	3
1611	3
1612	3
1613	3
1614	3
1615	3
1616	3
1617	3
1618	3
1619	3
1620	3
1621	3
1622	3
1623	3
1624	3
1625	3
1626	3
1627	3
1628	3
1629	3
1630	3
1631	3
1632	3
1633	3
1634	3
1635	3
1636	3
1637	3
1638	3
1639	3
1640	3
1641	3
1642	3
1643	3
1644	3
1645	3
1646	3
1647	3
1648	3
1649	3
1650	3
1651	3
1652	3
1653	3
1654	3
1655	3
1656	3
1657	3
1658	3
1659	3
1660	3
1661	3
1662	3
1663	3
1664	3
1665	3
1666	3
1667	3
1668	3
1669	3
1670	3
1671	3
1672	3
1673	3
1674	3
1675	3
1676	3
1677	3
1678	3
1679	3
1680	3
1681	3
1682	3
1683	3
1684	3
1685	3
1686	3
1687	3
1688	3
1689	3
1690	3
1691	3
1692	3
1693	3
1694	3
1695	3
1696	3
1697	3
1698	3
1699	3
1700	3
1701	3
1702	3
1703	3
1704	3
1705	3
1706	3
1707	3
1708	3
1709	3
1710	3
1711	3
1712	3
1713	3
1714	3
1715	3
1716	3
1717	3
1718	3
1719	3
1720	3
1721	3
1722	3
1723	3
1724	3
1725	3
1726	3
1727	3
1728	3
1729	3
1730	3
1731	3
1732	3
1733	3
1734	3
1735	3
1736	3
1737	3
1738	3
1739	3
1740	3
1741	3
1742	3
1743	3
1744	3
1745	3
1746	3
1747	3
1748	3
1749	3
1750	3
1751	3
1752	3
1753	3
1754	3
1755	3
1756	3
1757	3
1758	3
1759	3
1760	3
1761	3
1762	3
1763	3
1764	3
1765	3
1766	3
1767	3
1768	3
1769	3
1770	3
1771	3
1772	3
1773	3
1774	3
1775	3
1776	3
1777	3
1778	3
1779	3
1780	3
1781	3
1782	3
1783	3
1784	3
1785	3
1786	3
1787	3
1788	3
1789	3
1790	3
1791	3
1792	3
1793	3
1794	3
1795	3
1796	3
1797	3
1798	3
1799	3
1800	3
1801	3
1802	3
1803	3
1804	3
1805	3
1806	3
1807	3
1808	3
1809	3
1810	3
1811	3
1812	3
1813	3
1814	3
1815	3
1816	3
1817	3
1818	3
1819	3
1820	3
1821	3
1822	3
1823	3
1824	3
1825	3
1826	3
1827	3
1828	3
1829	3
1830	3
1831	3
1832	3
1833	3
1834	3
1835	3
1836	3
1837	3
1838	3
1839	3
1840	3
1841	3
1842	3
1843	3
1844	3
1845	3
1846	3
1847	3
1848	3
1849	3
1850	3
1851	3
1852	3
1853	3
1854	3
1855	3
1856	3
1857	3
1858	3
1859	3
1860	3
1861	3
1862	3
1863	3
1864	3
1865	3
1866	3
1867	3
1868	3
1869	3
1870	3
1871	3
1872	3
1873	3
1874	3
1875	3
1876	3
1877	3
1878	3
1879	3
1880	3
1881	3
1882	3
1883	3
1884	3
1885	3
1886	3
1887	3
1888	3
1889	3
1890	3
1891	3
1892	3
1893	3
1894	3
1895	3
1896	3
1897	3
1898	3
1899	3
1900	3
1901	3
1902	3
1903	3
1904	3
1905	3
1906	3
1907	3
1908	3
1909	3
1910	3
1911	3
1912	3
1913	3
1914	3
1915	3
1916	3
1917	3
1918	3
1919	3
1920	3
1921	3
1922	3
1923	3
1924	3
1925	3
1926	3
1927	3
1928	3
1929	3
1930	3
1931	3
1932	3
1933	3
1934	3
1935	3
1936	3
1937	3
1938	3
1939	3
1940	3
1941	3
1942	3
1943	3
1944	3
1945	3
1946	3
1947	3
1948	3
1949	3
1950	3
1951	3
1952	3
1953	3
1954	3
1955	3
1956	3
1957	3
1958	3
1959	3
1960	3
1961	3
1962	3
1963	3
1964	3
1965	3
1966	3
1967	3
1968	3
1969	3
1970	3
1971	3
1972	3
1973	3
1974	3
1975	3
1976	3
1977	3
1978	3
1979	3
1980	3
1981	3
1982	3
1983	3
1984	3
1985	3
1986	3
1987	3
1988	3
1989	3
1990	3
1991	3
1992	3
1993	3
1994	3
1995	3
1996	3
1997	3
1998	3
1999	3
2000	3
2001	3
2002	3
2003	3
2004	3
2005	3
2006	3
2007	3
2008	3
2009	3
2010	3
2011	3
2012	3
2013	3
2014	3
2015	3
2016	3
2017	3
2018	3
2019	3
2020	3
2021	3
2022	3
2023	3
2024	3
2025	3
2026	3
2027	3
2028	3
2029	3
2030	3
2031	3
2032	3
2033	3
2034	3
2035	3
2036	3
2037	3
2038	3
2039	3
2040	3
2041	3
2042	3
2043	3
2044	3
2045	3
2046	3
2047	3
2048	3
2049	3
2050	3
2051	3
2052	3
2053	3
2054	3
2055	3
2056	3
2057	3
2058	3
2059	3
2060	3
2061	3
2062	3
2063	3
2064	3
2065	3
2066	3
2067	3
2068	3
2069	3
2070	3
2071	3
2072	3
2073	3
2074	3
2075	3
2076	3
2077	3
2078	3
2079	3
2080	3
2081	3
2082	3
2083	3
2084	3
2085	3
2086	3
2087	3
2088	3
2089	3
2090	3
2091	3
2092	3
2093	3
2094	3
2095	3
2096	3
2097	3
2098	3
2099	3
2100	3
2101	3
2102	3
2103	3
2104	3
2105	3
2106	3
2107	3
2108	3
2109	3
2110	3
2111	3
2112	3
2113	3
2114	3
2115	3
2116	3
2117	3
2118	3
2119	3
2120	3
2121	3
2122	3
2123	3
2124	3
2125	3
2126	3
2127	3
2128	3
2129	3
2130	3
2131	3
2132	3
2133	3
2134	3
2135	3
2136	3
2137	3
2138	3
2139	3
2140	3
2141	3
2142	3
2143	3
2144	3
2145	3
2146	3
2147	3
2148	3
2149	3
2150	3
2151	3
2152	3
2153	3
2154	3
2155	3
2156	3
2157	3
2158	3
2159	3
2160	3
2161	3
2162	3
2163	3
2164	3
2165	3
2166	3
2167	3
2168	3
2169	3
2170	3
2171	3
2172	3
2173	3
2174	3
2175	3
2176	3
2177	3
2178	3
2179	3
2180	3
2181	3
2182	3
2183	3
2184	3
2185	3
2186	3
2187	3
2188	3
2189	3
2190	3
2191	3
2192	3
2193	3
2194	3
2195	3
2196	3
2197	3
2198	3
2199	3
2200	3
2201	3
2202	3
2203	3
2204	3
2205	3
2206	3
2207	3
2208	3
2209	3
2210	3
2211	3
2212	3
2213	3
2214	3
2215	3
2216	3
2217	3
2218	3
2219	3
2220	3
2221	3
2222	3
2223	3
2224	3
2225	3
2226	3
2227	3
2228	3
2229	3
2230	3
2231	3
2232	3
2233	3
2234	3
2235	3
2236	3
2237	3
2238	3
2239	3
2240	3
2241	3
2242	3
2243	3
2244	3
2245	3
2246	3
2247	3
2248	3
2249	3
2250	3
2251	3
2252	3
2253	3
2254	3
2255	3
2256	3
2257	3
2258	3
2259	3
2260	3
2261	3
2262	3
2263	3
2264	3
2265	3
2266	3
2267	3
2268	3
2269	3
2270	3
2271	3
2272	3
2273	3
2274	3
2275	3
2276	3
2277	3
2278	3
2279	3
2280	3
2281	3
2282	3
2283	3
2284	3
2285	3
2286	3
2287	3
2288	3
2289	3
2290	3
2291	3
2292	3
2293	3
2294	3
2295	3
2296	3
2297	3
2298	3
2299	3
2300	3
2301	3
2302	3
2303	3
2304	3
2305	3
2306	3
2307	3
2308	3
2309	3
2310	3
2311	3
2312	3
2313	3
2314	3
2315	3
2316	3
2317	3
2318	3
2319	3
2320	3
2321	3
2322	3
2323	3
2324	3
2325	3
2326	3
2327	3
2328	3
2329	3
2330	3
2331	3
2332	3
2333	3
2334	3
2335	3
2336	3
2337	3
2338	3
2339	3
2340	3
2341	3
2342	3
2343	3
2344	3
2345	3
2346	3
2347	3
2348	3
2349	3
2350	3
2351	3
2352	3
2353	3
2354	3
2355	3
2356	3
2357	3
2358	3
2359	3
2360	3
2361	3
2362	3
2363	3
2364	3
2365	3
2366	3
2367	3
2368	3
2369	3
2370	3
2371	3
2372	3
2373	3
2374	3
2375	3
2376	3
2377	3
2378	3
2379	3
2380	3
2381	3
2382	3
2383	3
2384	3
2385	3
2386	3
2387	3
2388	3
2389	3
2390	3
2391	3
2392	3
2393	3
2394	3
2395	3
2396	3
2397	3
2398	3
2399	3
2400	3
2401	3
2402	3
2403	3
2404	3
2405	3
2406	3
2407	3
2408	3
2409	3
2410	3
2411	3
2412	3
2413	3
2414	3
2415	3
2416	3
2417	3
2418	3
2419	3
2420	3
2421	3
2422	3
2423	3
2424	3
2425	3
2426	3
2427	3
2428	3
2429	3
2430	3
2431	3
2432	3
2433	3
2434	3
2435	3
2436	3
2437	3
2438	3
2439	3
2440	3
2441	3
2442	3
2443	3
2444	3
2445	3
2446	3
2447	3
2448	3
2449	3
2450	3
2451	3
2452	3
2453	3
2454	3
2455	3
2456	3
2457	3
2458	3
2459	3
2460	3
2461	3
2462	3
2463	3
2464	3
2465	3
2466	3
2467	3
2468	3
2469	3
2470	3
2471	3
2472	3
2473	3
2474	3
2475	3
2476	3
2477	3
2478	3
2479	3
2480	3
2481	3
2482	3
2483	3
2484	3
2485	3
2486	3
2487	3
2488	3
2489	3
2490	3
2491	3
2492	3
2493	3
2494	3
2495	3
2496	3
2497	3
2498	3
2499	3
2500	3
2501	3
2502	3
2503	3
2504	3
2505	3
2506	3
2507	3
2508	3
2509	3
2510	3
2511	3
2512	3
2513	3
2514	3
2515	3
2516	3
2517	3
2518	3
2519	3
2520	3
2521	3
2522	3
2523	3
2524	3
2525	3
2526	3
2527	3
2528	3
2529	3
2530	3
2531	3
2532	3
2533	3
2534	3
2535	3
2536	3
2537	3
2538	3
2539	3
2540	3
2541	3
2542	3
2543	3
2544	3
2545	3
2546	3
2547	3
2548	3
2549	3
2550	3
2551	3
2552	3
2553	3
2554	3
2555	3
2556	3
2557	3
2558	3
2559	3
2560	3
2561	3
2562	3
2563	3
2564	3
2565	3
2566	3
2567	3
2568	3
2569	3
2570	3
2571	3
2572	3
2573	3
2574	3
2575	3
2576	3
2577	3
2578	3
2579	3
2580	3
2581	3
2582	3
2583	3
2584	3
2585	3
2586	3
2587	3
2588	3
2589	3
2590	3
2591	3
2592	3
2593	3
2594	3
2595	3
2596	3
2597	3
2598	3
2599	3
2600	3
2601	3
2602	3
2603	3
2604	3
2605	3
2606	3
2607	3
2608	3
2609	3
2610	3
2611	3
2612	3
2613	3
2614	3
2615	3
2616	3
2617	3
2618	3
2619	3
2620	3
2621	3
2622	3
2623	3
2624	3
2625	3
2626	3
2627	3
2628	3
2629	3
2630	3
2631	3
2632	3
2633	3
2634	3
2635	3
2636	3
2637	3
2638	3
2639	3
2640	3
2641	3
2642	3
2643	3
2644	3
2645	3
2646	3
2647	3
2648	3
2649	3
2650	3
2651	3
2652	3
2653	3
2654	3
2655	3
2656	3
2657	3
2658	3
2659	3
2660	3
2661	3
2662	3
2663	3
2664	3
2665	3
2666	3
2667	3
2668	3
2669	3
2670	3
2671	3
2672	3
2673	3
2674	3
2675	3
2676	3
2677	3
2678	3
2679	3
2680	3
2681	3
2682	3
2683	3
2684	3
2685	3
2686	3
2687	3
2688	3
2689	3
2690	3
2691	3
2692	3
2693	3
2694	3
2695	3
2696	3
2697	3
2698	3
2699	3
2700	3
2701	3
2702	3
2703	3
2704	3
2705	3
2706	3
2707	3
2708	3
2709	3
2710	3
2711	3
2712	3
2713	3
2714	3
2715	3
2716	3
2717	3
2718	3
2719	3
2720	3
2721	3
2722	3
2723	3
2724	3
2725	3
2726	3
2727	3
2728	3
2729	3
2730	3
2731	3
2732	3
2733	3
2734	3
2735	3
2736	3
2737	3
2738	3
2739	3
2740	3
2741	3
2742	3
2743	3
2744	3
2745	3
2746	3
2747	3
2748	3
2749	3
2750	3
2751	3
2752	3
2753	3
2754	3
2755	3
2756	3
2757	3
2758	3
2759	3
2760	3
2761	3
2762	3
2763	3
2764	3
2765	3
2766	3
2767	3
2768	3
2769	3
2770	3
2771	3
2772	3
2773	3
2774	3
2775	3
2776	3
2777	3
2778	3
2779	3
2780	3
2781	3
2782	3
2783	3
2784	3
2785	3
2786	3
2787	3
2788	3
2789	3
2790	3
2791	3
2792	3
2793	3
2794	3
2795	3
2796	3
2797	3
2798	3
2799	3
2800	3
2801	3
2802	3
2803	3
2804	3
2805	3
2806	3
2807	3
2808	3
2809	3
2810	3
2811	3
2812	3
2813	3
2814	3
2815	3
2816	3
2817	3
2818	3
2819	3
2820	3
2821	3
2822	3
2823	3
2824	3
2825	3
2826	3
2827	3
2828	3
2829	3
2830	3
2831	3
2832	3
2833	3
2834	3
2835	3
2836	3
2837	3
2838	3
2839	3
2840	3
2841	3
2842	3
2843	3
2844	3
2845	3
2846	3
2847	3
2848	3
2849	3
2850	3
2851	3
2852	3
2853	3
2854	3
2855	3
2856	3
2857	3
2858	3
2859	3
2860	3
2861	3
2862	3
2863	3
2864	3
2865	3
2866	3
2867	3
2868	3
2869	3
2870	3
2871	3
2872	3
2873	3
2874	3
2875	3
2876	3
2877	3
2878	3
2879	3
2880	3
2881	3
2882	3
2883	3
2884	3
2885	3
2886	3
2887	3
2888	3
2889	3
2890	3
2891	3
2892	3
2893	3
2894	3
2895	3
2896	3
2897	3
2898	3
2899	3
2900	3
2901	3
2902	3
2903	3
2904	3
2905	3
2906	3
2907	3
2908	3
2909	3
2910	3
2911	3
2912	3
2913	3
2914	3
2915	3
2916	3
2917	3
2918	3
2919	3
2920	3
2921	3
2922	3
2923	3
2924	3
2925	3
2926	3
2927	3
2928	3
2929	3
2930	3
2931	3
2932	3
2933	3
2934	3
2935	3
2936	3
2937	3
2938	3
2939	3
2940	3
2941	3
2942	3
2943	3
2944	3
2945	3
2946	3
2947	3
2948	3
2949	3
2950	3
2951	3
2952	3
2953	3
2954	3
2955	3
2956	3
2957	3
2958	3
2959	3
2960	3
2961	3
2962	3
2963	3
2964	3
2965	3
2966	3
2967	3
2968	3
2969	3
2970	3
2971	3
2972	3
2973	3
2974	3
2975	3
2976	3
2977	3
2978	3
2979	3
2980	3
2981	3
2982	3
2983	3
2984	3
2985	3
2986	3
2987	3
2988	3
2989	3
2990	3
2991	3
2992	3
2993	3
2994	3
2995	3
2996	3
2997	3
2998	3
2999	3
3000	3
3001	3
3002	3
3003	3
3004	3
3005	3
3006	3
3007	3
3008	3
3009	3
3010	3
3011	3
3012	3
3013	3
3014	3
3015	3
3016	3
3017	3
3018	3
3019	3
3020	3
3021	3
3022	3
3023	3
3024	3
3025	3
3026	3
3027	3
3028	3
3029	3
3030	3
3031	3
3032	3
3033	3
3034	3
3035	3
3036	3
3037	3
3038	3
3039	3
3040	3
3041	3
3042	3
3043	3
3044	3
3045	3
3046	3
3047	3
3048	3
3049	3
3050	3
3051	3
3052	3
3053	3
3054	3
3055	3
3056	3
3057	3
3058	3
3059	3
3060	3
3061	3
3062	3
3063	3
3064	3
3065	3
3066	3
3067	3
3068	3
3069	3
3070	3
3071	3
3072	3
3073	3
3074	3
3075	3
3076	3
3077	3
3078	3
3079	3
3080	3
3081	3
3082	3
3083	3
3084	3
3085	3
3086	3
3087	3
3088	3
3089	3
3090	3
3091	3
3092	3
3093	3
3094	3
3095	3
3096	3
3097	3
3098	3
3099	3
3100	3
3101	3
3102	3
3103	3
3104	3
3105	3
3106	3
3107	3
3108	3
3109	3
3110	3
3111	3
3112	3
3113	3
3114	3
3115	3
3116	3
3117	3
3118	3
3119	3
3120	3
3121	3
3122	3
3123	3
3124	3
3125	3
3126	3
3127	3
3128	3
3129	3
3130	3
3131	3
3132	3
3133	3
3134	3
3135	3
3136	3
3137	3
3138	3
3139	3
3140	3
3141	3
3142	3
3143	3
3144	3
3145	3
3146	3
3147	3
3148	3
3149	3
3150	3
3151	3
3152	3
3153	3
3154	3
3155	3
3156	3
3157	3
3158	3
3159	3
3160	3
3161	3
3162	3
3163	3
3164	3
3165	3
3166	3
3167	3
3168	3
3169	3
3170	3
3171	3
3172	3
3173	3
3174	3
3175	3
3176	3
3177	3
3178	3
3179	3
3180	3
3181	3
3182	3
3183	3
3184	3
3185	3
3186	3
3187	3
3188	3
3189	3
3190	3
3191	3
3192	3
3193	3
3194	3
3195	3
3196	3
3197	3
3198	3
3199	3
3200	3
3201	3
3202	3
3203	3
3204	3
3205	3
3206	3
3207	3
3208	3
3209	3
3210	3
3211	3
3212	3
3213	3
3214	3
3215	3
3216	3
3217	3
3218	3
3219	3
3220	3
3221	3
3222	3
3223	3
3224	3
3225	3
3226	3
3227	3
3228	3
3229	3
3230	3
3231	3
3232	3
3233	3
3234	3
3235	3
3236	3
3237	3
3238	3
3239	3
3240	3
3241	3
3242	3
3243	3
3244	3
3245	3
3246	3
3247	3
3248	3
3249	3
3250	3
3251	3
3252	3
3253	3
3254	3
3255	3
3256	3
3257	3
3258	3
3259	3
3260	3
3261	3
3262	3
3263	3
3264	3
3265	3
3266	3
3267	3
3268	3
3269	3
3270	3
3271	3
3272	3
3273	3
3274	3
3275	3
3276	3
3277	3
3278	3
3279	3
3280	3
3281	3
3282	3
3283	3
3284	3
3285	3
3286	3
3287	3
3288	3
3289	3
3290	3
3291	3
3292	3
3293	3
3294	3
3295	3
3296	3
3297	3
3298	3
3299	3
3300	3
3301	3
3302	3
3303	3
3304	3
3305	3
3306	3
3307	3
3308	3
3309	3
3310	3
3311	3
3312	3
3313	3
3314	3
3315	3
3316	3
3317	3
3318	3
3319	3
3320	3
3321	3
3322	3
3323	3
3324	3
3325	3
3326	3
3327	3
3328	3
3329	3
3330	3
3331	3
3332	3
3333	3
3334	3
3335	3
3336	3
3337	3
3338	3
3339	3
3340	3
3341	3
3342	3
3343	3
3344	3
3345	3
3346	3
3347	3
3348	3
3349	3
3350	3
3351	3
3352	3
3353	3
3354	3
3355	3
3356	3
3357	3
3358	3
3359	3
3360	3
3361	3
3362	3
3363	3
3364	3
3365	3
3366	3
3367	3
3368	3
3369	3
3370	3
3371	3
3372	3
3373	3
3374	3
3375	3
3376	3
3377	3
3378	3
3379	3
3380	3
3381	3
3382	3
3383	3
3384	3
3385	3
3386	3
3387	3
3388	3
3389	3
3390	3
3391	3
3392	3
3393	3
3394	3
3395	3
3396	3
3397	3
3398	3
3399	3
3400	3
3401	3
3402	3
3403	3
3404	3
3405	3
3406	3
3407	3
3408	3
3409	3
3410	3
3411	3
3412	3
3413	3
3414	3
3415	3
3416	3
3417	3
3418	3
3419	3
3420	3
3421	3
3422	3
3423	3
3424	3
3425	3
3426	3
3427	3
3428	3
3429	3
3430	3
3431	3
3432	3
3433	3
3434	3
3435	3
3436	3
3437	3
3438	3
3439	3
3440	3
3441	3
3442	3
3443	3
3444	3
3445	3
3446	3
3447	3
3448	3
3449	3
3450	3
3451	3
3452	3
3453	3
3454	3
3455	3
3456	3
3457	3
3458	3
3459	3
3460	3
3461	3
3462	3
3463	3
3464	3
3465	3
3466	3
3467	3
3468	3
3469	3
3470	3
3471	3
3472	3
3473	3
3474	3
3475	3
3476	3
3477	3
3478	3
3479	3
3480	3
3481	3
3482	3
3483	3
3484	3
3485	3
3486	3
3487	3
3488	3
3489	3
3490	3
3491	3
3492	3
3493	3
3494	3
3495	3
3496	3
3497	3
3498	3
3499	3
3500	3
3501	3
3502	3
3503	3
3504	3
3505	3
3506	3
3507	3
3508	3
3509	3
3510	3
3511	3
3512	3
3513	3
3514	3
3515	3
3516	3
3517	3
3518	3
3519	3
3520	3
3521	3
3522	3
3523	3
3524	3
3525	3
3526	3
3527	3
3528	3
3529	3
3530	3
3531	3
3532	3
3533	3
3534	3
3535	3
3536	3
3537	3
3538	3
3539	3
3540	3
3541	3
3542	3
3543	3
3544	3
3545	3
3546	3
3547	3
3548	3
3549	3
3550	3
3551	3
3552	3
3553	3
3554	3
3555	3
3556	3
3557	3
3558	3
3559	3
3560	3
3561	3
3562	3
3563	3
3564	3
3565	3
3566	3
3567	3
3568	3
3569	3
3570	3
3571	3
3572	3
3573	3
3574	3
3575	3
3576	3
3577	3
3578	3
3579	3
3580	3
3581	3
3582	3
3583	3
3584	3
3585	3
3586	3
3587	3
3588	3
3589	3
3590	3
3591	3
3592	3
3593	3
3594	3
3595	3
3596	3
3597	3
3598	3
3599	3
3600	3
3601	3
3602	3
3603	3
3604	3
3605	3
3606	3
3607	3
3608	3
3609	3
3610	3
3611	3
3612	3
3613	3
3614	3
3615	3
3616	3
3617	3
3618	3
3619	3
3620	3
3621	3
3622	3
3623	3
3624	3
3625	3
3626	3
3627	3
3628	3
3629	3
3630	3
3631	3
3632	3
3633	3
3634	3
3635	3
3636	3
3637	3
3638	3
3639	3
3640	3
3641	3
3642	3
3643	3
3644	3
3645	3
3646	3
3647	3
3648	3
3649	3
3650	3
3651	3
3652	3
3653	3
3654	3
3655	3
3656	3
3657	3
3658	3
3659	3
3660	3
3661	3
3662	3
3663	3
3664	3
3665	3
3666	3
3667	3
3668	3
3669	3
3670	3
3671	3
3672	3
3673	3
3674	3
3675	3
3676	3
3677	3
3678	3
3679	3
3680	3
3681	3
3682	3
3683	3
3684	3
3685	3
3686	3
3687	3
3688	3
3689	3
3690	3
3691	3
3692	3
3693	3
3694	3
3695	3
3696	3
3697	3
3698	3
3699	3
3700	3
3701	3
3702	3
3703	3
3704	3
3705	3
3706	3
3707	3
3708	3
3709	3
3710	3
3711	3
3712	3
3713	3
3714	3
3715	3
3716	3
3717	3
3718	3
3719	3
3720	3
3721	3
3722	3
3723	3
3724	3
3725	3
3726	3
3727	3
3728	3
3729	3
3730	3
3731	3
3732	3
3733	3
3734	3
3735	3
3736	3
3737	3
3738	3
3739	3
3740	3
3741	3
3742	3
3743	3
3744	3
3745	3
3746	3
3747	3
3748	3
3749	3
3750	3
3751	3
3752	3
3753	3
3754	3
3755	3
3756	3
3757	3
3758	3
3759	3
3760	3
3761	3
3762	3
3763	3
3764	3
3765	3
3766	3
3767	3
3768	3
3769	3
3770	3
3771	3
3772	3
3773	3
3774	3
3775	3
3776	3
3777	3
3778	3
3779	3
3780	3
3781	3
3782	3
3783	3
3784	3
3785	3
3786	3
3787	3
3788	3
3789	3
3790	3
3791	3
3792	3
3793	3
3794	3
3795	3
3796	3
3797	3
3798	3
3799	3
3800	3
3801	3
3802	3
3803	3
3804	3
3805	3
3806	3
3807	3
3808	3
3809	3
3810	3
3811	3
3812	3
3813	3
3814	3
3815	3
3816	3
3817	3
3818	3
3819	3
3820	3
3821	3
3822	3
3823	3
3824	3
3825	3
3826	3
3827	3
3828	3
3829	3
3830	3
3831	3
3832	3
3833	3
3834	3
3835	3
3836	3
3837	3
3838	3
3839	3
3840	3
3841	3
3842	3
3843	3
3844	3
3845	3
3846	3
3847	3
3848	3
3849	3
3850	3
3851	3
3852	3
3853	3
3854	3
3855	3
3856	3
3857	3
3858	3
3859	3
3860	3
3861	3
3862	3
3863	3
3864	3
3865	3
3866	3
3867	3
3868	3
3869	3
3870	3
3871	3
3872	3
3873	3
3874	3
3875	3
3876	3
3877	3
3878	3
3879	3
3880	3
3881	3
3882	3
3883	3
3884	3
3885	3
3886	3
3887	3
3888	3
3889	3
3890	3
3891	3
3892	3
3893	3
3894	3
3895	3
3896	3
3897	3
3898	3
3899	3
3900	3
3901	3
3902	3
3903	3
3904	3
3905	3
3906	3
3907	3
3908	3
3909	3
3910	3
3911	3
3912	3
3913	3
3914	3
3915	3
3916	3
3917	3
3918	3
3919	3
3920	3
3921	3
3922	3
3923	3
3924	3
3925	3
3926	3
3927	3
3928	3
3929	3
3930	3
3931	3
3932	3
3933	3
3934	3
3935	3
3936	3
3937	3
3938	3
3939	3
3940	3
3941	3
3942	3
3943	3
3944	3
3945	3
3946	3
3947	3
3948	3
3949	3
3950	3
3951	3
3952	3
3953	3
3954	3
3955	3
3956	3
3957	3
3958	3
3959	3
3960	3
3961	3
3962	3
3963	3
3964	3
3965	3
3966	3
3967	3
3968	3
3969	3
3970	3
3971	3
3972	3
3973	3
3974	3
3975	3
3976	3
3977	3
3978	3
3979	3
3980	3
3981	3
3982	3
3983	3
3984	3
3985	3
3986	3
3987	3
3988	3
3989	3
3990	3
3991	3
3992	3
3993	3
3994	3
3995	3
3996	3
3997	3
3998	3
3999	3
4000	3
4001	3
4002	3
4003	3
4004	3
4005	3
4006	3
4007	3
4008	3
4009	3
4010	3
4011	3
4012	3
4013	3
4014	3
4015	3
4016	3
4017	3
4018	3
4019	3
4020	3
4021	3
4022	3
4023	3
4024	3
4025	3
4026	3
4027	3
4028	3
4029	3
4030	3
4031	3
4032	3
4033	3
4034	3
4035	3
4036	3
4037	3
4038	3
4039	3
4040	3
4041	3
4042	3
4043	3
4044	3
4045	3
4046	3
4047	3
4048	3
4049	3
4050	3
4051	3
4052	3
4053	3
4054	3
4055	3
4056	3
4057	3
4058	3
4059	3
4060	3
4061	3
4062	3
4063	3
4064	3
4065	3
4066	3
4067	3
4068	3
4069	3
4070	3
4071	3
4072	3
4073	3
4074	3
4075	3
4076	3
4077	3
4078	3
4079	3
4080	3
4081	3
4082	3
4083	3
4084	3
4085	3
4086	3
4087	3
4088	3
4089	3
4090	3
4091	3
4092	3
4093	3
4094	3
4095	3
4096	3
4097	3
4098	3
4099	3
4100	3
4101	3
4102	3
4103	3
4104	3
4105	3
4106	3
4107	3
4108	3
4109	3
4110	3
4111	3
4112	3
4113	3
4114	3
4115	3
4116	3
4117	3
4118	3
4119	3
4120	3
4121	3
4122	3
4123	3
4124	3
4125	3
4126	3
4127	3
4128	3
4129	3
4130	3
4131	3
4132	3
4133	3
4134	3
4135	3
4136	3
4137	3
4138	3
4139	3
4140	3
4141	3
4142	3
4143	3
4144	3
4145	3
4146	3
4147	3
4148	3
4149	3
4150	3
4151	3
4152	3
4153	3
4154	3
4155	3
4156	3
4157	3
4158	3
4159	3
4160	3
4161	3
4162	3
4163	3
4164	3
4165	3
4166	3
4167	3
4168	3
4169	3
4170	3
4171	3
4172	3
4173	3
4174	3
4175	3
4176	3
4177	3
4178	3
4179	3
4180	3
4181	3
4182	3
4183	3
4184	3
4185	3
4186	3
4187	3
4188	3
4189	3
4190	3
4191	3
4192	3
4193	3
4194	3
4195	3
4196	3
4197	3
4198	3
4199	3
4200	3
4201	3
4202	3
4203	3
4204	3
4205	3
4206	3
4207	3
4208	3
4209	3
4210	3
4211	3
4212	3
4213	3
4214	3
4215	3
4216	3
4217	3
4218	3
4219	3
4220	3
4221	3
4222	3
4223	3
4224	3
4225	3
4226	3
4227	3
4228	3
4229	3
4230	3
4231	3
4232	3
4233	3
4234	3
4235	3
4236	3
4237	3
4238	3
4239	3
4240	3
4241	3
4242	3
4243	3
4244	3
4245	3
4246	3
4247	3
4248	3
4249	3
4250	3
4251	3
4252	3
4253	3
4254	3
4255	3
4256	3
4257	3
4258	3
4259	3
4260	3
4261	3
4262	3
4263	3
4264	3
4265	3
4266	3
4267	3
4268	3
4269	3
4270	3
4271	3
4272	3
4273	3
4274	3
4275	3
4276	3
4277	3
4278	3
4279	3
4280	3
4281	3
4282	3
4283	3
4284	3
4285	3
4286	3
4287	3
4288	3
4289	3
4290	3
4291	3
4292	3
4293	3
4294	3
4295	3
4296	3
4297	3
4298	3
4299	3
4300	3
4301	3
4302	3
4303	3
4304	3
4305	3
4306	3
4307	3
4308	3
4309	3
4310	3
4311	3
4312	3
4313	3
4314	3
4315	3
4316	3
4317	3
4318	3
4319	3
4320	3
4321	3
4322	3
4323	3
4324	3
4325	3
4326	3
4327	3
4328	3
4329	3
4330	3
4331	3
4332	3
4333	3
4334	3
4335	3
4336	3
4337	3
4338	3
4339	3
4340	3
4341	3
4342	3
4343	3
4344	3
4345	3
4346	3
4347	3
4348	3
4349	3
4350	3
4351	3
4352	3
4353	3
4354	3
4355	3
4356	3
4357	3
4358	3
4359	3
4360	3
4361	3
4362	3
4363	3
4364	3
4365	3
4366	3
4367	3
4368	3
4369	3
4370	3
4371	3
4372	3
4373	3
4374	3
4375	3
4376	3
4377	3
4378	3
4379	3
4380	3
4381	3
4382	3
4383	3
4384	3
4385	3
4386	3
4387	3
4388	3
4389	3
4390	3
4391	3
4392	3
4393	3
4394	3
4395	3
4396	3
4397	3
4398	3
4399	3
4400	3
4401	3
4402	3
4403	3
4404	3
4405	3
4406	3
4407	3
4408	3
4409	3
4410	3
4411	3
4412	3
4413	3
4414	3
4415	3
4416	3
4417	3
4418	3
4419	3
4420	3
4421	3
4422	3
4423	3
4424	3
4425	3
4426	3
4427	3
4428	3
4429	3
4430	3
4431	3
4432	3
4433	3
4434	3
4435	3
4436	3
4437	3
4438	3
4439	3
4440	3
4441	3
4442	3
4443	3
4444	3
4445	3
4446	3
4447	3
4448	3
4449	3
4450	3
4451	3
4452	3
4453	3
4454	3
4455	3
4456	3
4457	3
4458	3
4459	3
4460	3
4461	3
4462	3
4463	3
4464	3
4465	3
4466	3
4467	3
4468	3
4469	3
4470	3
4471	3
4472	3
4473	3
4474	3
4475	3
4476	3
4477	3
4478	3
4479	3
4480	3
4481	3
4482	3
4483	3
4484	3
4485	3
4486	3
4487	3
4488	3
4489	3
4490	3
4491	3
4492	3
4493	3
4494	3
4495	3
4496	3
4497	3
4498	3
4499	3
4500	3
4501	3
4502	3
4503	3
4504	3
4505	3
4506	3
4507	3
4508	3
4509	3
4510	3
4511	3
4512	3
4513	3
4514	3
4515	3
4516	3
4517	3
4518	3
4519	3
4520	3
4521	3
4522	3
4523	3
4524	3
4525	3
4526	3
4527	3
4528	3
4529	3
4530	3
4531	3
4532	3
4533	3
4534	3
4535	3
4536	3
4537	3
4538	3
4539	3
4540	3
4541	3
4542	3
4543	3
4544	3
4545	3
4546	3
4547	3
4548	3
4549	3
4550	3
4551	3
4552	3
4553	3
4554	3
4555	3
4556	3
4557	3
4558	3
4559	3
4560	3
4561	3
4562	3
4563	3
4564	3
4565	3
4566	3
4567	3
4568	3
4569	3
4570	3
4571	3
4572	3
4573	3
4574	3
4575	3
4576	3
4577	3
4578	3
4579	3
4580	3
4581	3
4582	3
4583	3
4584	3
4585	3
4586	3
4587	3
4588	3
4589	3
4590	3
4591	3
4592	3
4593	3
4594	3
4595	3
4596	3
4597	3
4598	3
4599	3
4600	3
4601	3
4602	3
4603	3
4604	3
4605	3
4606	3
4607	3
4608	3
4609	3
4610	3
4611	3
4612	3
4613	3
4614	3
4615	3
4616	3
4617	3
4618	3
4619	3
4620	3
4621	3
4622	3
4623	3
4624	3
4625	3
4626	3
4627	3
4628	3
4629	3
4630	3
4631	3
4632	3
4633	3
4634	3
4635	3
4636	3
4637	3
4638	3
4639	3
4640	3
4641	3
4642	3
4643	3
4644	3
4645	3
4646	3
4647	3
4648	3
4649	3
4650	3
4651	3
4652	3
4653	3
4654	3
4655	3
4656	3
4657	3
4658	3
4659	3
4660	3
4661	3
4662	3
4663	3
4664	3
4665	3
4666	3
4667	3
4668	3
4669	3
4670	3
4671	3
4672	3
4673	3
4674	3
4675	3
4676	3
4677	3
4678	3
4679	3
4680	3
4681	3
4682	3
4683	3
4684	3
4685	3
4686	3
4687	3
4688	3
4689	3
4690	3
4691	3
4692	3
4693	3
4694	3
4695	3
4696	3
4697	3
4698	3
4699	3
4700	3
4701	3
4702	3
4703	3
4704	3
4705	3
4706	3
4707	3
4708	3
4709	3
4710	3
4711	3
4712	3
4713	3
4714	3
4715	3
4716	3
4717	3
4718	3
4719	3
4720	3
4721	3
4722	3
4723	3
4724	3
4725	3
4726	3
4727	3
4728	3
4729	3
4730	3
4731	3
4732	3
4733	3
4734	3
4735	3
4736	3
4737	3
4738	3
4739	3
4740	3
4741	3
4742	3
4743	3
4744	3
4745	3
4746	3
4747	3
4748	3
4749	3
4750	3
4751	3
4752	3
4753	3
4754	3
4755	3
4756	3
4757	3
4758	3
4759	3
4760	3
4761	3
4762	3
4763	3
4764	3
4765	3
4766	3
4767	3
4768	3
4769	3
4770	3
4771	3
4772	3
4773	3
4774	3
4775	3
4776	3
4777	3
4778	3
4779	3
4780	3
4781	3
4782	3
4783	3
4784	3
4785	3
4786	3
4787	3
4788	3
4789	3
4790	3
4791	3
4792	3
4793	3
4794	3
4795	3
4796	3
4797	3
4798	3
4799	3
4800	3
4801	3
4802	3
4803	3
4804	3
4805	3
4806	3
4807	3
4808	3
4809	3
4810	3
4811	3
4812	3
4813	3
4814	3
4815	3
4816	3
4817	3
4818	3
4819	3
4820	3
4821	3
4822	3
4823	3
4824	3
4825	3
4826	3
4827	3
4828	3
4829	3
4830	3
4831	3
4832	3
4833	3
4834	3
4835	3
4836	3
4837	3
4838	3
4839	3
4840	3
4841	3
4842	3
4843	3
4844	3
4845	3
4846	3
4847	3
4848	3
4849	3
4850	3
4851	3
4852	3
4853	3
4854	3
4855	3
4856	3
4857	3
4858	3
4859	3
4860	3
4861	3
4862	3
4863	3
4864	3
4865	3
4866	3
4867	3
4868	3
4869	3
4870	3
4871	3
4872	3
4873	3
4874	3
4875	3
4876	3
4877	3
4878	3
4879	3
4880	3
4881	3
4882	3
4883	3
4884	3
4885	3
4886	3
4887	3
4888	3
4889	3
4890	3
4891	3
4892	3
4893	3
4894	3
4895	3
4896	3
4897	3
4898	3
4899	3
4900	3
4901	3
4902	3
4903	3
4904	3
4905	3
4906	3
4907	3
4908	3
4909	3
4910	3
4911	3
4912	3
4913	3
4914	3
4915	3
4916	3
4917	3
4918	3
4919	3
4920	3
4921	3
4922	3
4923	3
4924	3
4925	3
4926	3
4927	3
4928	3
4929	3
4930	3
4931	3
4932	3
4933	3
4934	3
4935	3
4936	3
4937	3
4938	3
4939	3
4940	3
4941	3
4942	3
4943	3
4944	3
4945	3
4946	3
4947	3
4948	3
4949	3
4950	3
4951	3
4952	3
4953	3
4954	3
4955	3
4956	3
4957	3
4958	3
4959	3
4960	3
4961	3
4962	3
4963	3
4964	3
4965	3
4966	3
4967	3
4968	3
4969	3
4970	3
4971	3
4972	3
4973	3
4974	3
4975	3
4976	3
4977	3
4978	3
4979	3
4980	3
4981	3
4982	3
4983	3
4984	3
4985	3
4986	3
4987	3
4988	3
4989	3
4990	3
4991	3
4992	3
4993	3
4994	3
4995	3
4996	3
4997	3
4998	3
4999	3
5000	3
5001	3
5002	3
5003	3
5004	3
5005	3
5006	3
5007	3
5008	3
5009	3
5010	3
5011	3
5012	3
5013	3
5014	3
5015	3
5016	3
5017	3
5018	3
5019	3
5020	3
5021	3
5022	3
5023	3
5024	3
5025	3
5026	3
5027	3
5028	3
5029	3
5030	3
5031	3
5032	3
5033	3
5034	3
5035	3
5036	3
5037	3
5038	3
5039	3
5040	3
5041	3
5042	3
5043	3
5044	3
5045	3
5046	3
5047	3
5048	3
5049	3
5050	3
5051	3
5052	3
5053	3
5054	3
5055	3
5056	3
5057	3
5058	3
5059	3
5060	3
5061	3
5062	3
5063	3
5064	3
5065	3
5066	3
5067	3
5068	3
5069	3
5070	3
5071	3
5072	3
5073	3
5074	3
5075	3
5076	3
5077	3
5078	3
5079	3
5080	3
5081	3
5082	3
5083	3
5084	3
5085	3
5086	3
5087	3
5088	3
5089	3
5090	3
5091	3
5092	3
5093	3
5094	3
5095	3
5096	3
5097	3
5098	3
5099	3
5100	3
5101	3
5102	3
5103	3
5104	3
5105	3
5106	3
5107	3
5108	3
5109	3
5110	3
5111	3
5112	3
5113	3
5114	3
5115	3
5116	3
5117	3
5118	3
5119	3
5120	3
5121	3
5122	3
5123	3
5124	3
5125	3
5126	3
5127	3
5128	3
5129	3
5130	3
5131	3
5132	3
5133	3
5134	3
5135	3
5136	3
5137	3
5138	3
5139	3
5140	3
5141	3
5142	3
5143	3
5144	3
5145	3
5146	3
5147	3
5148	3
5149	3
5150	3
5151	3
5152	3
5153	3
5154	3
5155	3
5156	3
5157	3
5158	3
5159	3
5160	3
5161	3
5162	3
5163	3
5164	3
5165	3
5166	3
5167	3
5168	3
5169	3
5170	3
5171	3
5172	3
5173	3
5174	3
5175	3
5176	3
5177	3
5178	3
5179	3
5180	3
5181	3
5182	3
5183	3
5184	3
5185	3
5186	3
5187	3
5188	3
5189	3
5190	3
5191	3
5192	3
5193	3
5194	3
5195	3
5196	3
5197	3
5198	3
5199	3
5200	3
5201	3
5202	3
5203	3
5204	3
5205	3
5206	3
5207	3
5208	3
5209	3
5210	3
5211	3
5212	3
5213	3
5214	3
5215	3
5216	3
5217	3
5218	3
5219	3
5220	3
5221	3
5222	3
5223	3
5224	3
5225	3
5226	3
5227	3
5228	3
5229	3
5230	3
5231	3
5232	3
5233	3
5234	3
5235	3
5236	3
5237	3
5238	3
5239	3
5240	3
5241	3
5242	3
5243	3
5244	3
5245	3
5246	3
5247	3
5248	3
5249	3
5250	3
5251	3
5252	3
5253	3
5254	3
5255	3
5256	3
5257	3
5258	3
5259	3
5260	3
5261	3
5262	3
5263	3
5264	3
5265	3
5266	3
5267	3
5268	3
5269	3
5270	3
5271	3
5272	3
5273	3
5274	3
5275	3
5276	3
5277	3
5278	3
5279	3
5280	3
5281	3
5282	3
5283	3
5284	3
5285	3
5286	3
5287	3
5288	3
5289	3
5290	3
5291	3
5292	3
5293	3
5294	3
5295	3
5296	3
5297	3
5298	3
5299	3
5300	3
5301	3
5302	3
5303	3
5304	3
5305	3
5306	3
5307	3
5308	3
5309	3
5310	3
5311	3
5312	3
5313	3
5314	3
5315	3
5316	3
5317	3
5318	3
5319	3
5320	3
5321	3
5322	3
5323	3
5324	3
5325	3
5326	3
5327	3
5328	3
5329	3
5330	3
5331	3
5332	3
5333	3
5334	3
5335	3
5336	3
5337	3
5338	3
5339	3
5340	3
5341	3
5342	3
5343	3
5344	3
5345	3
5346	3
5347	3
5348	3
5349	3
5350	3
5351	3
5352	3
5353	3
5354	3
5355	3
5356	3
5357	3
5358	3
5359	3
5360	3
5361	3
5362	3
5363	3
5364	3
5365	3
5366	3
5367	3
5368	3
5369	3
5370	3
5371	3
5372	3
5373	3
5374	3
5375	3
5376	3
5377	3
5378	3
5379	3
5380	3
5381	3
5382	3
5383	3
5384	3
5385	3
5386	3
5387	3
5388	3
5389	3
5390	3
5391	3
5392	3
5393	3
5394	3
5395	3
5396	3
5397	3
5398	-1000
5399	-1000
5400	-1000
5401	-1000
5402	-1000
5403	-1000
5404	-1000
5405	-1000
5406	-1000
5407	-1000
5408	-1000
5409	-1000
5410	-1000
5411	-1000
5412	-1000
5413	-1000
5414	-1000
5415	-1000
5416	-1000
5417	-1000
5418	-1000
5419	-1000
5420	-1000
5421	-1000
5422	-1000
5423	-1000
5424	-1000
5425	-1000
5426	-1000
5427	-1000
5428	-1000
5429	-1000
5430	-1000
5431	-1000
5432	-1000
5433	-1000
5434	-1000
5435	-1000
5436	-1000
5437	-1000
5438	-1000
5439	-1000
5440	-1000
5441	-1000
5442	-1000
5443	-1000
5444	-1000
5445	-1000
5446	-1000
5447	-1000
5448	-1000
5449	-1000
5450	-1000
5451	-1000
5452	-1000
5453	-1000
5454	-1000
5455	-1000
5456	-1000
5457	-1000
5458	-1000
5459	-1000
5460	-1000
5461	-1000
5462	-1000
5463	-1000
5464	-1000
5465	-1000
5466	-1000
5467	-1000
5468	-1000
5469	-1000
5470	-1000
5471	-1000
5472	-1000
5473	-1000
5474	-1000
5475	-1000
5476	-1000
5477	-1000
5478	-1000
5479	-1000
5480	-1000
5481	-1000
5482	-1000
5483	-1000
5484	-1000
5485	-1000
5486	-1000
5487	-1000
5488	-1000
5489	-1000
5490	-1000
5491	-1000
5492	-1000
5493	-1000
5494	-1000
5495	-1000
5496	-1000
5497	-1000
5498	-1000
5499	-1000
5500	-1000
5501	-1000
5502	-1000
5503	-1000
5504	-1000
5505	-1000
5506	-1000
5507	-1000
5508	-1000
5509	-1000
5510	-1000
5511	-1000
5512	-1000
5513	-1000
5514	-1000
5515	-1000
5516	-1000
5517	-1000
5518	-1000
5519	-1000
5520	-1000
5521	-1000
5522	-1000
5523	-1000
5524	-1000
5525	-1000
5526	-1000
5527	-1000
5528	-1000
5529	-1000
5530	-1000
5531	-1000
5532	-1000
5533	-1000
5534	-1000
5535	-1000
5536	-1000
5537	-1000
5538	-1000
5539	-1000
5540	-1000
5541	-1000
5542	-1000
5543	-1000
5544	-1000
5545	-1000
5546	-1000
5547	-1000
5548	-1000
5549	-1000
5550	-1000
5551	-1000
5552	-1000
5553	-1000
5554	-1000
5555	-1000
5556	-1000
5557	-1000
5558	-1000
5559	-1000
5560	-1000
5561	-1000
5562	-1000
5563	-1000
5564	-1000
5565	-1000
5566	-1000
5567	-1000
5568	-1000
5569	-1000
5570	-1000
5571	-1000
5572	-1000
5573	-1000
5574	-1000
5575	-1000
5576	-1000
5577	-1000
5578	-1000
5579	-1000
5580	-1000
5581	-1000
5582	-1000
5583	-1000
5584	-1000
5585	-1000
5586	-1000
5587	-1000
5588	-1000
5589	-1000
5590	-1000
5591	-1000
5592	-1000
5593	-1000
5594	-1000
5595	-1000
5596	-1000
5597	-1000
5598	-1000
5599	-1000
5600	-1000
5601	-1000
5602	-1000
5603	-1000
5604	-1000
5605	-1000
5606	-1000
5607	-1000
5608	-1000
5609	-1000
5610	-1000
5611	-1000
5612	-1000
5613	-1000
5614	-1000
5615	-1000
5616	-1000
5617	-1000
5618	-1000
5619	-1000
5620	-1000
5621	-1000
5622	-1000
5623	-1000
5624	-1000
5625	-1000
5626	-1000
5627	-1000
5628	-1000
5629	-1000
5630	-1000
5631	-1000
5632	-1000
5633	-1000
5634	-1000
5635	-1000
5636	-1000
5637	-1000
5638	-1000
5639	-1000
5640	-1000
5641	-1000
5642	-1000
5643	-1000
5644	-1000
5645	-1000
5646	-1000
5647	-1000
5648	-1000
5649	-1000
5650	-1000
5651	-1000
5652	-1000
5653	-1000
5654	-1000
5655	-1000
5656	-1000
5657	-1000
5658	-1000
5659	-1000
5660	-1000
5661	-1000
5662	-1000
5663	-1000
5664	-1000
5665	-1000
5666	-1000
5667	-1000
5668	-1000
5669	-1000
5670	5
5671	5
5672	5
5673	5
5674	5
5675	5
5676	5
5677	5
5678	5
5679	5
5680	5
5681	5
5682	5
5683	5
5684	5
5685	5
5686	5
5687	5
5688	5
5689	5
5690	5
5691	5
5692	5
5693	5
5694	5
5695	5
5696	5
5697	5
5698	5
5699	5
5700	5
5701	5
5702	5
5703	5
5704	5
5705	5
5706	5
5707	5
5708	5
5709	5
5710	5
5711	5
5712	5
5713	5
5714	5
5715	5
5716	5
5717	5
5718	5
5719	5
5720	5
5721	5
5722	5
5723	5
5724	5
5725	5
5726	5
5727	5
5728	5
5729	5
5730	5
5731	5
5732	5
5733	5
5734	5
5735	5
5736	5
5737	5
5738	5
5739	5
5740	5
5741	5
5742	5
5743	5
5744	5
5745	5
5746	5
5747	5
5748	5
5749	5
5750	5
5751	5
5752	5
5753	5
5754	5
5755	5
5756	5
5757	5
5758	5
5759	5
5760	5
5761	5
5762	5
5763	5
5764	5
5765	5
5766	5
5767	5
5768	5
5769	5
5770	5
5771	5
5772	5
5773	5
5774	5
5775	5
5776	5
5777	5
5778	5
5779	5
5780	5
5781	5
5782	5
5783	5
5784	5
5785	5
5786	5
5787	5
5788	5
5789	5
5790	5
5791	5
5792	5
5793	5
5794	5
5795	5
5796	5
5797	5
5798	5
5799	5
5800	5
5801	5
5802	5
5803	5
5804	5
5805	5
5806	5
5807	5
5808	5
5809	5
5810	5
5811	5
5812	5
5813	5
5814	5
5815	5
5816	5
5817	5
5818	5
5819	5
5820	5
5821	5
5822	5
5823	5
5824	5
5825	5
5826	5
5827	5
5828	5
5829	5
5830	5
5831	5
5832	5
5833	5
5834	5
5835	5
5836	5
5837	5
5838	5
5839	5
5840	5
5841	5
5842	5
5843	5
5844	5
5845	5
5846	5
5847	5
5848	5
5849	5
5850	5
5851	5
5852	5
5853	5
5854	5
5855	5
5856	5
5857	5
5858	5
5859	5
5860	5
5861	5
5862	5
5863	5
5864	5
5865	5
5866	5
5867	5
5868	5
5869	5
5870	5
5871	5
5872	5
5873	5
5874	5
5875	5
5876	5
5877	5
5878	5
5879	5
5880	5
5881	5
5882	5
5883	5
5884	5
5885	5
5886	5
5887	5
5888	5
5889	5
5890	5
5891	5
5892	5
5893	5
5894	5
5895	5
5896	5
5897	5
5898	5
5899	5
5900	5
5901	5
5902	5
5903	5
5904	5
5905	5
5906	5
5907	5
5908	5
5909	5
5910	5
5911	5
5912	5
5913	5
5914	5
5915	5
5916	5
5917	5
5918	5
5919	5
5920	5
5921	5
5922	5
5923	5
5924	5
5925	5
5926	5
5927	5
5928	5
5929	5
5930	5
5931	5
5932	5
5933	5
5934	5
5935	5
5936	5
5937	5
5938	5
5939	5
5940	5
5941	5
5942	5
5943	5
5944	5
5945	5
5946	5
5947	5
5948	5
5949	5
5950	5
5951	5
5952	5
5953	5
5954	5
5955	5
5956	5
5957	5
5958	5
5959	5
5960	5
5961	5
5962	5
5963	5
5964	5
5965	5
5966	5
5967	5
5968	5
5969	5
5970	5
5971	5
5972	5
5973	5
5974	5
5975	5
5976	5
5977	5
5978	5
5979	5
5980	5
5981	5
5982	5
5983	5
5984	5
5985	5
5986	5
5987	5
5988	5
5989	5
5990	5
5991	5
5992	5
5993	5
5994	5
5995	5
5996	5
5997	5
5998	5
5999	5
6000	5
6001	5
6002	5
6003	5
6004	5
6005	5
6006	5
6007	5
6008	5
6009	5
6010	5
6011	5
6012	5
6013	5
6014	5
6015	5
6016	5
6017	5
6018	5
6019	5
6020	5
6021	5
6022	5
6023	5
6024	5
6025	5
6026	5
6027	5
6028	5
6029	5
6030	5
6031	5
6032	5
6033	5
6034	5
6035	5
6036	5
6037	5
6038	5
6039	5
6040	5
6041	5
6042	5
6043	5
6044	5
6045	5
6046	5
6047	5
6048	5
6049	5
6050	5
6051	5
6052	5
6053	5
6054	5
6055	5
6056	5
6057	5
6058	5
6059	5
6060	5
6061	5
6062	5
6063	5
6064	5
6065	5
6066	5
6067	5
6068	5
6069	5
6070	5
6071	5
6072	5
6073	5
6074	5
6075	5
6076	5
6077	5
6078	5
6079	5
6080	5
6081	5
6082	5
6083	5
6084	5
6085	5
6086	5
6087	5
6088	5
6089	5
6090	5
6091	5
6092	5
6093	5
6094	5
6095	5
6096	5
6097	5
6098	5
6099	5
6100	5
6101	5
6102	5
6103	5
6104	5
6105	5
6106	5
6107	5
6108	5
6109	5
6110	5
6111	5
6112	5
6113	5
6114	5
6115	5
6116	5
6117	5
6118	5
6119	5
6120	5
6121	5
6122	5
6123	5
6124	5
6125	5
6126	5
6127	5
6128	5
6129	5
6130	5
6131	5
6132	5
6133	5
6134	5
6135	5
6136	5
6137	5
6138	5
6139	5
6140	5
6141	5
6142	5
6143	5
6144	5
6145	5
6146	5
6147	5
6148	5
6149	5
6150	5
6151	5
6152	5
6153	5
6154	5
6155	5
6156	5
6157	5
6158	5
6159	5
6160	5
6161	5
6162	5
6163	5
6164	5
6165	5
6166	5
6167	5
6168	5
6169	5
6170	5
6171	5
6172	5
6173	5
6174	5
6175	5
6176	5
6177	5
6178	5
6179	5
6180	5
6181	5
6182	5
6183	5
6184	5
6185	5
6186	5
6187	5
6188	5
6189	5
6190	5
6191	5
6192	5
6193	5
6194	5
6195	5
6196	5
6197	5
6198	5
6199	5
6200	5
6201	5
6202	5
6203	5
6204	5
6205	5
6206	5
6207	5
6208	5
6209	5
6210	5
6211	5
6212	5
6213	5
6214	5
6215	5
6216	5
6217	5
6218	5
6219	5
6220	5
6221	5
6222	5
6223	5
6224	5
6225	5
6226	5
6227	5
6228	5
6229	5
6230	5
6231	5
6232	5
6233	5
6234	5
6235	5
6236	5
6237	5
6238	5
6239	5
6240	5
6241	5
6242	5
6243	5
6244	5
6245	5
6246	5
6247	5
6248	5
6249	5
6250	5
6251	5
6252	5
6253	5
6254	5
6255	5
6256	5
6257	5
6258	5
6259	5
6260	5
6261	5
6262	5
6263	5
6264	5
6265	5
6266	5
6267	5
6268	5
6269	5
6270	5
6271	5
6272	5
6273	5
6274	5
6275	5
6276	5
6277	5
6278	5
6279	5
6280	5
6281	5
6282	5
6283	5
6284	5
6285	5
6286	5
6287	5
6288	5
6289	5
6290	5
6291	5
6292	5
6293	5
6294	5
6295	5
6296	5
6297	5
6298	5
6299	5
6300	5
6301	5
6302	5
6303	5
6304	5
6305	5
6306	5
6307	5
6308	5
6309	5
6310	5
6311	5
6312	5
6313	5
6314	5
6315	5
6316	5
6317	5
6318	5
6319	5
6320	5
6321	5
6322	5
6323	5
6324	5
6325	5
6326	5
6327	5
6328	5
6329	5
6330	5
6331	5
6332	5
6333	5
6334	5
6335	5
6336	5
6337	5
6338	5
6339	5
6340	5
6341	5
6342	5
6343	5
6344	5
6345	5
6346	5
6347	5
6348	5
6349	5
6350	5
6351	5
6352	5
6353	5
6354	5
6355	5
6356	5
6357	5
6358	5
6359	5
6360	5
6361	5
6362	5
6363	5
6364	5
6365	5
6366	5
6367	5
6368	5
6369	5
6370	5
6371	5
6372	5
6373	5
6374	5
6375	5
6376	5
6377	5
6378	5
6379	5
6380	5
6381	5
6382	5
6383	5
6384	5
6385	5
6386	5
6387	5
6388	5
6389	5
6390	5
6391	5
6392	5
6393	5
6394	5
6395	5
6396	5
6397	5
6398	5
6399	5
6400	5
6401	5
6402	5
6403	5
6404	5
6405	5
6406	5
6407	5
6408	5
6409	5
6410	5
6411	5
6412	5
6413	5
6414	5
6415	5
6416	5
6417	5
6418	5
6419	5
6420	5
6421	5
6422	5
6423	5
6424	5
6425	5
6426	5
6427	5
6428	5
6429	5
6430	5
6431	5
6432	5
6433	5
6434	5
6435	5
6436	5
6437	5
6438	5
6439	5
6440	5
6441	5
6442	5
6443	5
6444	5
6445	5
6446	5
6447	5
6448	5
6449	5
6450	5
6451	5
6452	5
6453	5
6454	5
6455	5
6456	5
6457	5
6458	5
6459	5
6460	5
6461	5
6462	5
6463	5
6464	5
6465	5
6466	5
6467	5
6468	5
6469	5
6470	5
6471	5
6472	5
6473	5
6474	5
6475	5
6476	5
6477	5
6478	5
6479	5
6480	5
6481	5
6482	5
6483	5
6484	5
6485	5
6486	5
6487	5
6488	5
6489	5
6490	5
6491	5
6492	5
6493	5
6494	5
6495	5
6496	5
6497	5
6498	5
6499	5
6500	5
6501	5
6502	5
6503	5
6504	5
6505	5
6506	5
6507	5
6508	5
6509	5
6510	5
6511	5
6512	5
6513	5
6514	5
6515	5
6516	5
6517	5
6518	5
6519	5
6520	5
6521	5
6522	5
6523	5
6524	5
6525	5
6526	5
6527	5
6528	5
6529	5
6530	5
6531	5
6532	5
6533	5
6534	5
6535	5
6536	5
6537	5
6538	5
6539	5
6540	5
6541	5
6542	5
6543	5
6544	5
6545	5
6546	5
6547	5
6548	5
6549	5
6550	5
6551	5
6552	5
6553	5
6554	5
6555	5
6556	5
6557	5
6558	5
6559	5
6560	5
6561	5
6562	5
6563	5
6564	5
6565	5
6566	5
6567	5
6568	5
6569	5
6570	5
6571	5
6572	5
6573	5
6574	5
6575	5
6576	5
6577	5
6578	5
6579	5
6580	5
6581	5
6582	5
6583	5
6584	5
6585	5
6586	5
6587	5
6588	5
6589	5
6590	5
6591	5
6592	5
6593	5
6594	5
6595	5
6596	5
6597	5
6598	5
6599	5
6600	5
6601	5
6602	5
6603	5
6604	5
6605	5
6606	5
6607	5
6608	5
6609	5
6610	5
6611	5
6612	5
6613	5
6614	5
6615	5
6616	5
6617	5
6618	5
6619	5
6620	5
6621	5
6622	5
6623	5
6624	5
6625	5
6626	5
6627	5
6628	5
6629	5
6630	5
6631	5
6632	5
6633	5
6634	5
6635	5
6636	5
6637	5
6638	5
6639	5
6640	5
6641	5
6642	5
6643	5
6644	5
6645	5
6646	5
6647	5
6648	5
6649	5
6650	5
6651	5
6652	5
6653	5
6654	5
6655	5
6656	5
6657	5
6658	5
6659	5
6660	5
6661	5
6662	5
6663	5
6664	5
6665	5
6666	5
6667	5
6668	5
6669	5
6670	5
6671	5
6672	5
6673	5
6674	5
6675	5
6676	5
6677	5
6678	5
6679	5
6680	5
6681	5
6682	5
6683	5
6684	5
6685	5
6686	5
6687	5
6688	5
6689	5
6690	5
6691	5
6692	5
6693	5
6694	5
6695	5
6696	5
6697	5
6698	5
6699	5
6700	5
6701	5
6702	5
6703	5
6704	5
6705	5
6706	5
6707	5
6708	5
6709	5
6710	5
6711	5
6712	5
6713	5
6714	5
6715	5
6716	5
6717	5
6718	5
6719	5
6720	5
6721	5
6722	5
6723	5
6724	5
6725	5
6726	5
6727	5
6728	5
6729	5
6730	5
6731	5
6732	5
6733	5
6734	5
6735	5
6736	5
6737	5
6738	5
6739	5
6740	5
6741	5
6742	5
6743	5
6744	5
6745	5
6746	5
6747	5
6748	5
6749	5
6750	5
6751	5
6752	5
6753	5
6754	5
6755	5
6756	5
6757	5
6758	5
6759	5
6760	5
6761	5
6762	5
6763	5
6764	5
6765	5
6766	5
6767	5
6768	5
6769	5
6770	5
6771	5
6772	5
6773	5
6774	5
6775	5
6776	5
6777	5
6778	5
6779	5
6780	5
6781	5
6782	5
6783	5
6784	5
6785	5
6786	5
6787	5
6788	5
6789	5
6790	5
6791	5
6792	5
6793	5
6794	5
6795	5
6796	5
6797	5
6798	5
6799	5
6800	5
6801	5
6802	5
6803	5
6804	5
6805	5
6806	5
6807	5
6808	5
6809	5
6810	5
6811	5
6812	5
6813	5
6814	5
6815	5
6816	5
6817	5
6818	5
6819	5
6820	5
6821	5
6822	5
6823	5
6824	5
6825	5
6826	5
6827	5
6828	5
6829	5
6830	5
6831	5
6832	5
6833	5
6834	5
6835	5
6836	5
6837	5
6838	5
6839	5
6840	5
6841	5
6842	5
6843	5
6844	5
6845	5
6846	5
6847	5
6848	5
6849	5
6850	5
6851	5
6852	5
6853	5
6854	5
6855	5
6856	5
6857	5
6858	5
6859	5
6860	5
6861	5
6862	5
6863	5
6864	5
6865	5
6866	5
6867	5
6868	5
6869	5
6870	5
6871	5
6872	5
6873	5
6874	5
6875	5
6876	5
6877	5
6878	5
6879	5
6880	5
6881	5
6882	5
6883	5
6884	5
6885	5
6886	5
6887	5
6888	5
6889	5
6890	5
6891	5
6892	5
6893	5
6894	5
6895	5
6896	5
6897	5
6898	5
6899	5
6900	5
6901	5
6902	5
6903	5
6904	5
6905	5
6906	5
6907	5
6908	5
6909	5
6910	5
6911	5
6912	5
6913	5
6914	5
6915	5
6916	5
6917	5
6918	5
6919	5
6920	5
6921	5
6922	5
6923	5
6924	5
6925	5
6926	5
6927	5
6928	5
6929	5
6930	5
6931	5
6932	5
6933	5
6934	5
6935	5
6936	5
6937	5
6938	5
6939	5
6940	5
6941	5
6942	5
6943	5
6944	5
6945	5
6946	5
6947	5
6948	5
6949	5
6950	5
6951	5
6952	5
6953	5
6954	5
6955	5
6956	5
6957	5
6958	5
6959	5
6960	5
6961	5
6962	5
6963	5
6964	5
6965	5
6966	5
6967	5
6968	5
6969	5
6970	5
6971	5
6972	5
6973	5
6974	5
6975	5
6976	5
6977	5
6978	5
6979	5
6980	5
6981	5
6982	5
6983	5
6984	5
6985	5
6986	5
6987	5
6988	5
6989	5
6990	5
6991	5
6992	5
6993	5
6994	5
6995	5
6996	5
6997	5
6998	5
6999	5
7000	5
7001	5
7002	5
7003	5
7004	5
7005	5
7006	5
7007	5
7008	5
7009	5
7010	5
7011	5
7012	5
7013	5
7014	5
7015	5
7016	5
7017	5
7018	5
7019	5
7020	5
7021	5
7022	5
7023	5
7024	5
7025	5
7026	5
7027	5
7028	5
7029	5
7030	5
7031	5
7032	5
7033	5
7034	5
7035	5
7036	5
7037	5
7038	5
7039	5
7040	5
7041	5
7042	5
7043	5
7044	5
7045	5
7046	5
7047	5
7048	5
7049	5
7050	5
7051	5
7052	5
7053	5
7054	5
7055	5
7056	5
7057	5
7058	5
7059	5
7060	5
7061	5
7062	5
7063	5
7064	5
7065	5
7066	5
7067	5
7068	5
7069	5
7070	5
7071	5
7072	5
7073	5
7074	5
7075	5
7076	5
7077	5
7078	5
7079	5
7080	5
7081	5
7082	5
7083	5
7084	5
7085	5
7086	5
7087	5
7088	5
7089	5
7090	5
7091	5
7092	5
7093	5
7094	5
7095	5
7096	5
7097	5
7098	5
7099	5
7100	5
7101	5
7102	5
7103	5
7104	5
7105	5
7106	5
7107	5
7108	5
7109	5
7110	5
7111	5
7112	5
7113	5
7114	5
7115	5
7116	5
7117	5
7118	5
7119	5
7120	5
7121	5
7122	5
7123	5
7124	5
7125	5
7126	5
7127	5
7128	5
7129	5
7130	5
7131	5
7132	5
7133	5
7134	5
7135	5
7136	5
7137	5
7138	5
7139	5
7140	5
7141	5
7142	5
7143	5
7144	5
7145	5
7146	5
7147	5
7148	5
7149	5
7150	5
7151	5
7152	5
7153	5
7154	5
7155	5
7156	5
7157	5
7158	5
7159	5
7160	5
7161	5
7162	5
7163	5
7164	5
7165	5
7166	5
7167	5
7168	5
7169	5
7170	5
7171	5
7172	5
7173	5
7174	5
7175	5
7176	5
7177	5
7178	5
7179	5
7180	5
7181	5
7182	5
7183	5
7184	5
7185	5
7186	5
7187	5
7188	5
7189	5
7190	5
7191	5
7192	5
7193	5
7194	5
7195	5
7196	5
7197	5
7198	5
7199	5
7200	5
7201	5
7202	5
7203	5
7204	5
7205	5
7206	5
7207	5
7208	5
7209	5
7210	5
7211	5
7212	5
7213	5
7214	5
7215	5
7216	5
7217	5
7218	5
7219	5
7220	5
7221	5
7222	5
7223	5
7224	5
7225	5
7226	5
7227	5
7228	5
7229	5
7230	5
7231	5
7232	5
7233	5
7234	5
7235	5
7236	5
7237	5
7238	5
7239	5
7240	5
7241	5
7242	5
7243	5
7244	5
7245	5
7246	5
7247	5
7248	5
7249	5
7250	5
7251	5
7252	5
7253	5
7254	5
7255	5
7256	5
7257	5
7258	5
7259	5
7260	5
7261	5
7262	5
7263	5
7264	5
7265	5
7266	5
7267	5
7268	5
7269	5
7270	5
7271	5
7272	5
7273	5
7274	5
7275	5
7276	5
7277	5
7278	5
7279	5
7280	5
7281	5
7282	5
7283	5
7284	5
7285	5
7286	5
7287	5
7288	5
7289	5
7290	5
7291	5
7292	5
7293	5
7294	5
7295	5
7296	5
7297	5
7298	5
7299	5
7300	5
7301	5
7302	5
7303	5
7304	5
7305	5
7306	5
7307	5
7308	5
7309	5
7310	5
7311	5
7312	5
7313	5
7314	5
7315	5
7316	5
7317	5
7318	5
7319	5
7320	5
7321	5
7322	5
7323	5
7324	5
7325	5
7326	5
7327	5
7328	5
7329	5
7330	5
7331	5
7332	5
7333	5
7334	5
7335	5
7336	5
7337	5
7338	5
7339	5
7340	5
7341	5
7342	5
7343	5
7344	5
7345	5
7346	5
7347	5
7348	5
7349	5
7350	5
7351	5
7352	5
7353	5
7354	5
7355	5
7356	5
7357	5
7358	5
7359	5
7360	5
7361	5
7362	5
7363	5
7364	5
7365	5
7366	5
7367	5
7368	5
7369	5
7370	5
7371	5
7372	5
7373	5
7374	5
7375	5
7376	5
7377	5
7378	5
7379	5
7380	5
7381	5
7382	5
7383	5
7384	5
7385	5
7386	5
7387	5
7388	5
7389	5
7390	5
7391	5
7392	5
7393	5
7394	5
7395	5
7396	5
7397	5
7398	5
7399	5
7400	5
7401	5
7402	5
7403	5
7404	5
7405	5
7406	5
7407	5
7408	5
7409	5
7410	5
7411	5
7412	5
7413	5
7414	5
7415	5
7416	5
7417	5
7418	5
7419	5
7420	5
7421	5
7422	5
7423	5
7424	5
7425	5
7426	5
7427	5
7428	5
7429	5
7430	5
7431	5
7432	5
7433	5
7434	5
7435	5
7436	5
7437	5
7438	5
7439	5
7440	5
7441	5
7442	5
7443	5
7444	5
7445	5
7446	5
7447	5
7448	5
7449	5
7450	5
7451	5
7452	5
7453	5
7454	5
7455	5
7456	5
7457	5
7458	5
7459	5
7460	5
7461	5
7462	5
7463	5
7464	5
7465	5
7466	5
7467	5
7468	5
7469	5
7470	5
7471	5
7472	5
7473	5
7474	5
7475	5
7476	5
7477	5
7478	5
7479	5
7480	5
7481	5
7482	5
7483	5
7484	5
7485	5
7486	5
7487	5
7488	5
7489	5
7490	5
7491	5
7492	5
7493	5
7494	5
7495	5
7496	5
7497	5
7498	5
7499	5
7500	5
7501	5
7502	5
7503	5
7504	5
7505	5
7506	5
7507	5
7508	5
7509	5
7510	5
7511	5
7512	5
7513	5
7514	5
7515	5
7516	5
7517	5
7518	5
7519	5
7520	5
7521	5
7522	5
7523	5
7524	5
7525	5
7526	5
7527	5
7528	5
7529	5
7530	5
7531	5
7532	5
7533	5
7534	5
7535	5
7536	5
7537	5
7538	5
7539	5
7540	5
7541	5
7542	5
7543	5
7544	5
7545	5
7546	5
7547	5
7548	5
7549	5
7550	5
7551	5
7552	5
7553	5
7554	5
7555	5
7556	5
7557	5
7558	5
7559	5
7560	5
7561	5
7562	5
7563	5
7564	5
7565	5
7566	5
7567	5
7568	5
7569	5
7570	5
7571	5
7572	5
7573	5
7574	5
7575	5
7576	5
7577	5
7578	5
7579	5
7580	5
7581	5
7582	5
7583	5
7584	5
7585	5
7586	5
7587	5
7588	5
7589	5
7590	5
7591	5
7592	5
7593	5
7594	5
7595	5
7596	5
7597	5
7598	5
7599	5
7600	5
7601	5
7602	5
7603	5
7604	5
7605	5
7606	5
7607	5
7608	5
7609	5
7610	5
7611	5
7612	5
7613	5
7614	5
7615	5
7616	5
7617	5
7618	5
7619	5
7620	5
7621	5
7622	5
7623	5
7624	5
7625	5
7626	5
7627	5
7628	5
7629	5
7630	5
7631	5
7632	5
7633	5
7634	5
7635	5
7636	5
7637	5
7638	5
7639	5
7640	5
7641	5
7642	5
7643	5
7644	5
7645	5
7646	5
7647	5
7648	5
7649	5
7650	5
7651	5
7652	5
7653	5
7654	5
7655	5
7656	5
7657	5
7658	5
7659	5
7660	5
7661	5
7662	5
7663	5
7664	5
7665	5
7666	5
7667	5
7668	5
7669	5
7670	5
7671	5
7672	5
7673	5
7674	5
7675	5
7676	5
7677	5
7678	5
7679	5
7680	5
7681	5
7682	5
7683	5
7684	5
7685	5
7686	5
7687	5
7688	5
7689	5
7690	5
7691	5
7692	5
7693	5
7694	5
7695	5
7696	5
7697	5
7698	5
7699	5
7700	5
7701	5
7702	5
7703	5
7704	5
7705	5
7706	5
7707	5
7708	5
7709	5
7710	5
7711	5
7712	5
7713	5
7714	5
7715	5
7716	5
7717	5
7718	5
7719	5
7720	5
7721	5
7722	5
7723	5
7724	5
7725	5
7726	5
7727	5
7728	5
7729	5
7730	5
7731	5
7732	5
7733	5
7734	5
7735	5
7736	5
7737	5
7738	5
7739	5
7740	5
7741	5
7742	5
7743	5
7744	5
7745	5
7746	5
7747	5
7748	5
7749	5
7750	5
7751	5
7752	5
7753	5
7754	5
7755	5
7756	5
7757	5
7758	5
7759	5
7760	5
7761	5
7762	5
7763	5
7764	5
7765	5
7766	5
7767	5
7768	5
7769	5
7770	5
7771	5
7772	5
7773	5
7774	5
7775	5
7776	5
7777	5
7778	5
7779	5
7780	5
7781	5
7782	5
7783	5
7784	5
7785	5
7786	5
7787	5
7788	5
7789	5
7790	5
7791	5
7792	5
7793	5
7794	5
7795	5
7796	5
7797	5
7798	5
7799	5
7800	5
7801	5
7802	5
7803	5
7804	5
7805	5
7806	5
7807	5
7808	5
7809	5
7810	5
7811	5
7812	5
7813	5
7814	5
7815	5
7816	5
7817	5
7818	5
7819	5
7820	5
7821	5
7822	5
7823	5
7824	5
7825	5
7826	5
7827	5
7828	5
7829	5
7830	5
7831	5
7832	5
7833	5
7834	5
7835	5
7836	5
7837	5
7838	5
7839	5
7840	5
7841	5
7842	5
7843	5
7844	5
7845	5
7846	5
7847	5
7848	5
7849	5
7850	5
7851	5
7852	5
7853	5
7854	5
7855	5
7856	5
7857	5
7858	5
7859	5
7860	5
7861	5
7862	5
7863	5
7864	5
7865	5
7866	5
7867	5
7868	5
7869	5
7870	5
7871	5
7872	5
7873	5
7874	5
7875	5
7876	5
7877	5
7878	5
7879	5
7880	5
7881	5
7882	5
7883	5
7884	5
7885	5
7886	5
7887	5
7888	5
7889	5
7890	5
7891	5
7892	5
7893	5
7894	5
7895	5
7896	5
7897	5
7898	5
7899	5
7900	5
7901	5
7902	5
7903	5
7904	5
7905	5
7906	5
7907	5
7908	5
7909	5
7910	5
7911	5
7912	5
7913	5
7914	5
7915	5
7916	5
7917	5
7918	5
7919	5
7920	5
7921	5
7922	5
7923	5
7924	5
7925	5
7926	5
7927	5
7928	5
7929	5
7930	5
7931	5
7932	5
7933	5
7934	5
7935	5
7936	5
7937	5
7938	5
7939	5
7940	5
7941	5
7942	5
7943	5
7944	5
7945	5
7946	5
7947	5
7948	5
7949	5
7950	5
7951	5
7952	5
7953	5
7954	5
7955	5
7956	5
7957	5
7958	5
7959	5
7960	5
7961	5
7962	5
7963	5
7964	5
7965	5
7966	5
7967	5
7968	5
7969	5
7970	5
7971	5
7972	5
7973	5
7974	5
7975	5
7976	5
7977	5
7978	5
7979	5
7980	5
7981	5
7982	5
7983	5
7984	5
7985	5
7986	5
7987	5
7988	5
7989	5
7990	5
7991	5
7992	5
7993	5
7994	5
7995	5
7996	5
7997	5
7998	5
7999	5
8000	5
8001	5
8002	5
8003	5
8004	5
8005	5
8006	5
8007	5
8008	5
8009	5
8010	5
8011	5
8012	5
8013	5
8014	5
8015	5
8016	5
8017	5
8018	5
8019	5
8020	5
8021	5
8022	5
8023	5
8024	5
8025	5
8026	5
8027	5
8028	5
8029	5
8030	5
8031	5
8032	5
8033	5
8034	5
8035	5
8036	5
8037	5
8038	5
8039	5
8040	5
8041	5
8042	5
8043	5
8044	5
8045	5
8046	5
8047	5
8048	5
8049	5
8050	5
8051	5
8052	5
8053	5
8054	5
8055	5
8056	5
8057	5
8058	5
8059	5
8060	5
8061	5
8062	5
8063	5
8064	5
8065	5
8066	5
8067	5
8068	5
8069	5
8070	5
8071	5
8072	5
8073	5
8074	5
8075	5
8076	5
8077	5
8078	5
8079	5
8080	5
8081	5
8082	5
8083	5
8084	5
8085	5
8086	5
8087	5
8088	5
8089	5
8090	5
8091	5
8092	5
8093	5
8094	5
8095	5
8096	5
8097	5
8098	5
8099	5
8100	5
8101	5
8102	5
8103	5
8104	5
8105	5
8106	5
8107	5
8108	5
8109	5
8110	5
8111	5
8112	5
8113	5
8114	5
8115	5
8116	5
8117	5
8118	5
8119	5
8120	5
8121	5
8122	5
8123	5
8124	5
8125	5
8126	5
8127	5
8128	5
8129	5
8130	5
8131	5
8132	5
8133	5
8134	5
8135	5
8136	5
8137	5
8138	5
8139	5
8140	5
8141	5
8142	5
8143	5
8144	5
8145	5
8146	5
8147	5
8148	5
8149	5
8150	5
8151	5
8152	5
8153	5
8154	5
8155	5
8156	5
8157	5
8158	5
8159	5
8160	5
8161	5
8162	5
8163	5
8164	5
8165	5
8166	5
8167	5
8168	5
8169	5
8170	5
8171	5
8172	5
8173	5
8174	5
8175	5
8176	5
8177	5
8178	5
8179	5
8180	5
8181	5
8182	5
8183	5
8184	5
8185	5
8186	5
8187	5
8188	5
8189	5
8190	5
8191	5
8192	5
8193	5
8194	5
8195	5
8196	5
8197	5
8198	5
8199	5
8200	5
8201	5
8202	5
8203	5
8204	5
8205	5
8206	5
8207	5
8208	5
8209	5
8210	5
8211	5
8212	5
8213	5
8214	5
8215	5
8216	5
8217	5
8218	5
8219	5
8220	5
8221	5
8222	5
8223	5
8224	5
8225	5
8226	5
8227	5
8228	5
8229	5
8230	5
8231	5
8232	5
8233	5
8234	5
8235	5
8236	5
8237	5
8238	5
8239	5
8240	5
8241	5
8242	5
8243	5
8244	5
8245	5
8246	5
8247	5
8248	5
8249	5
8250	5
8251	5
8252	5
8253	5
8254	5
8255	5
8256	5
8257	5
8258	5
8259	5
8260	5
8261	5
8262	5
8263	5
8264	5
8265	5
8266	5
8267	5
8268	5
8269	5
8270	5
8271	5
8272	5
8273	5
8274	5
8275	5
8276	5
8277	5
8278	5
8279	5
8280	5
8281	5
8282	5
8283	5
8284	5
8285	5
8286	5
8287	5
8288	5
8289	5
8290	5
8291	5
8292	5
8293	5
8294	5
8295	5
8296	5
8297	5
8298	5
8299	5
8300	5
8301	5
8302	5
8303	5
8304	5
8305	5
8306	5
8307	5
8308	5
8309	5
8310	5
8311	5
8312	5
8313	5
8314	5
8315	5
8316	5
8317	5
8318	5
8319	5
8320	5
8321	5
8322	5
8323	5
8324	5
8325	5
8326	5
8327	5
8328	5
8329	5
8330	5
8331	5
8332	5
8333	5
8334	5
8335	5
8336	5
8337	5
8338	5
8339	5
8340	5
8341	5
8342	5
8343	5
8344	5
8345	5
8346	5
8347	5
8348	5
8349	5
8350	5
8351	5
8352	5
8353	5
8354	5
8355	5
8356	5
8357	5
8358	5
8359	5
8360	5
8361	5
8362	5
8363	5
8364	5
8365	5
8366	5
8367	5
8368	5
8369	5
8370	5
8371	5
8372	5
8373	5
8374	5
8375	5
8376	5
8377	5
8378	5
8379	5
8380	5
8381	5
8382	5
8383	5
8384	5
8385	5
8386	5
8387	5
8388	5
8389	5
8390	5
8391	5
8392	5
8393	5
8394	5
8395	5
8396	5
8397	5
8398	5
8399	5
8400	5
8401	5
8402	5
8403	5
8404	5
8405	5
8406	5
8407	5
8408	5
8409	5
8410	5
8411	5
8412	5
8413	5
8414	5
8415	5
8416	5
8417	5
8418	5
8419	5
8420	5
8421	5
8422	5
8423	5
8424	5
8425	5
8426	5
8427	5
8428	5
8429	5
8430	5
8431	5
8432	5
8433	5
8434	5
8435	5
8436	5
8437	5
8438	5
8439	5
8440	5
8441	5
8442	5
8443	5
8444	5
8445	5
8446	5
8447	5
8448	5
8449	5
8450	5
8451	5
8452	5
8453	5
8454	5
8455	5
8456	5
8457	5
8458	5
8459	5
8460	5
8461	5
8462	5
8463	5
8464	5
8465	5
8466	5
8467	5
8468	5
8469	5
8470	5
8471	5
8472	5
8473	5
8474	5
8475	5
8476	5
8477	5
8478	5
8479	5
8480	5
8481	5
8482	5
8483	5
8484	5
8485	5
8486	5
8487	5
8488	5
8489	5
8490	5
8491	5
8492	5
8493	5
8494	5
8495	5
8496	5
8497	5
8498	5
8499	5
8500	5
8501	5
8502	5
8503	5
8504	5
8505	5
8506	5
8507	5
8508	5
8509	5
8510	5
8511	5
8512	5
8513	5
8514	5
8515	5
8516	5
8517	5
8518	5
8519	5
8520	5
8521	5
8522	5
8523	5
8524	5
8525	5
8526	5
8527	5
8528	5
8529	5
8530	5
8531	5
8532	5
8533	5
8534	5
8535	5
8536	5
8537	5
8538	5
8539	5
8540	5
8541	5
8542	5
8543	5
8544	5
8545	5
8546	5
8547	5
8548	5
8549	5
8550	5
8551	5
8552	5
8553	5
8554	5
8555	5
8556	5
8557	5
8558	5
8559	5
8560	5
8561	5
8562	5
8563	5
8564	5
8565	5
8566	5
8567	5
8568	5
8569	5
8570	5
8571	5
8572	5
8573	5
8574	5
8575	5
8576	5
8577	5
8578	5
8579	5
8580	5
8581	5
8582	5
8583	5
8584	5
8585	5
8586	5
8587	5
8588	5
8589	5
8590	5
8591	5
8592	5
8593	5
8594	5
8595	5
8596	5
8597	5
8598	5
8599	5
8600	5
8601	5
8602	5
8603	5
8604	5
8605	5
8606	5
8607	5
8608	5
8609	5
8610	5
8611	5
8612	5
8613	5
8614	5
8615	5
8616	5
8617	5
8618	5
8619	5
8620	5
8621	5
8622	5
8623	5
8624	5
8625	5
8626	5
8627	5
8628	5
8629	5
8630	5
8631	5
8632	5
8633	5
8634	5
8635	5
8636	5
8637	5
8638	5
8639	5
8640	5
8641	5
8642	5
8643	5
8644	5
8645	5
8646	5
8647	5
8648	5
8649	5
8650	5
8651	5
8652	5
8653	5
8654	5
8655	5
8656	5
8657	5
8658	5
8659	5
8660	5
8661	5
8662	5
8663	5
8664	5
8665	5
8666	5
8667	5
8668	5
8669	5
8670	5
8671	5
8672	5
8673	5
8674	5
8675	5
8676	5
8677	5
8678	5
8679	5
8680	5
8681	5
8682	5
8683	5
8684	5
8685	5
8686	5
8687	5
8688	5
8689	5
8690	5
8691	5
8692	5
8693	5
8694	5
8695	5
8696	5
8697	5
8698	5
8699	5
8700	5
8701	5
8702	5
8703	5
8704	5
8705	5
8706	5
8707	5
8708	5
8709	5
8710	5
8711	5
8712	5
8713	5
8714	5
8715	5
8716	5
8717	5
8718	5
8719	5
8720	5
8721	5
8722	5
8723	5
8724	5
8725	5
8726	5
8727	5
8728	5
8729	5
8730	5
8731	5
8732	5
8733	5
8734	5
8735	5
8736	5
8737	5
8738	5
8739	5
8740	5
8741	5
8742	5
8743	5
8744	5
8745	5
8746	5
8747	5
8748	5
8749	5
8750	5
8751	5
8752	5
8753	5
8754	5
8755	5
8756	5
8757	5
8758	5
8759	5
8760	5
8761	5
8762	5
8763	5
8764	5
8765	5
8766	5
8767	5
8768	5
8769	5
8770	5
8771	5
8772	5
8773	5
8774	5
8775	5
8776	5
8777	5
8778	5
8779	5
8780	5
8781	5
8782	5
8783	5
8784	5
8785	5
8786	5
8787	5
8788	5
8789	5
8790	5
8791	5
8792	5
8793	5
8794	5
8795	5
8796	5
8797	5
8798	5
8799	5
8800	5
8801	5
8802	5
8803	5
8804	5
8805	5
8806	5
8807	5
8808	5
8809	5
8810	5
8811	5
8812	5
8813	5
8814	5
8815	5
8816	5
8817	5
8818	5
8819	5
8820	5
8821	5
8822	5
8823	5
8824	5
8825	5
8826	5
8827	5
8828	5
8829	5
8830	5
8831	5
8832	5
8833	5
8834	5
8835	5
8836	5
8837	5
8838	5
8839	5
8840	5
8841	5
8842	5
8843	5
8844	5
8845	5
8846	5
8847	5
8848	5
8849	5
8850	5
8851	5
8852	5
8853	5
8854	5
8855	5
8856	5
8857	5
8858	5
8859	5
8860	5
8861	5
8862	5
8863	5
8864	5
8865	5
8866	5
8867	5
8868	5
8869	5
8870	5
8871	5
8872	5
8873	5
8874	5
8875	5
8876	5
8877	5
8878	5
8879	5
8880	5
8881	5
8882	5
8883	5
8884	5
8885	5
8886	5
8887	5
8888	5
8889	5
8890	5
8891	5
8892	5
8893	5
8894	5
8895	5
8896	5
8897	5
8898	5
8899	5
8900	5
8901	5
8902	5
8903	5
8904	5
8905	5
8906	5
8907	5
8908	5
8909	5
8910	5
8911	5
8912	5
8913	5
8914	5
8915	5
8916	5
8917	5
8918	5
8919	5
8920	5
8921	5
8922	5
8923	5
8924	5
8925	5
8926	5
8927	5
8928	5
8929	5
8930	5
8931	5
8932	5
8933	5
8934	5
8935	5
8936	5
8937	5
8938	5
8939	5
8940	5
8941	5
8942	5
8943	5
8944	5
8945	5
8946	5
8947	5
8948	5
8949	5
8950	5
8951	5
8952	5
8953	5
8954	5
8955	5
8956	5
8957	5
8958	5
8959	5
8960	5
8961	5
8962	5
8963	5
8964	5
8965	5
8966	5
8967	5
8968	5
8969	5
8970	5
8971	5
8972	5
8973	5
8974	5
8975	5
8976	5
8977	5
8978	5
8979	5
8980	5
8981	5
8982	5
8983	5
8984	5
8985	5
8986	5
8987	5
8988	5
8989	5
8990	5
8991	5
8992	5
8993	5
8994	5
8995	5
8996	5
8997	5
8998	5
8999	5
9000	5
9001	5
9002	5
9003	5
9004	5
9005	5
9006	5
9007	5
9008	5
9009	5
9010	5
9011	5
9012	5
9013	5
9014	5
9015	5
9016	5
9017	5
9018	5
9019	5
9020	5
9021	5
9022	5
9023	5
9024	5
9025	5
9026	5
9027	5
9028	5
9029	5
9030	5
9031	5
9032	5
9033	5
9034	5
9035	5
9036	5
9037	5
9038	5
9039	5
9040	5
9041	5
9042	5
9043	5
9044	5
9045	5
9046	5
9047	5
9048	5
9049	5
9050	5
9051	5
9052	5
9053	5
9054	5
9055	5
9056	5
9057	5
9058	5
9059	5
9060	5
9061	5
9062	5
9063	5
9064	5
9065	5
9066	5
9067	5
9068	5
9069	5
9070	5
9071	5
9072	5
9073	5
9074	5
9075	5
9076	5
9077	5
9078	5
9079	5
9080	5
9081	5
9082	5
9083	5
9084	5
9085	5
9086	5
9087	5
9088	5
9089	5
9090	5
9091	5
9092	5
9093	5
9094	5
9095	5
9096	5
9097	5
9098	5
9099	5
9100	5
9101	5
9102	5
9103	5
9104	5
9105	5
9106	5
9107	5
9108	5
9109	5
9110	5
9111	5
9112	5
9113	5
9114	5
9115	5
9116	5
9117	5
9118	5
9119	5
9120	5
9121	5
9122	5
9123	5
9124	5
9125	5
9126	5
9127	5
9128	5
9129	5
9130	5
9131	5
9132	5
9133	5
9134	5
9135	5
9136	5
9137	5
9138	5
9139	5
9140	5
9141	5
9142	5
9143	5
9144	5
9145	5
9146	5
9147	5
9148	5
9149	5
9150	5
9151	5
9152	5
9153	5
9154	5
9155	5
9156	5
9157	5
9158	5
9159	5
9160	5
9161	5
9162	5
9163	5
9164	5
9165	5
9166	5
9167	5
9168	5
9169	5
9170	5
9171	5
9172	5
9173	5
9174	5
9175	5
9176	5
9177	5
9178	5
9179	5
9180	5
9181	5
9182	5
9183	5
9184	5
9185	5
9186	5
9187	5
9188	5
9189	5
9190	5
9191	5
9192	5
9193	5
9194	5
9195	5
9196	5
9197	5
9198	5
9199	5
9200	5
9201	5
9202	5
9203	5
9204	5
9205	5
9206	5
9207	5
9208	5
9209	5
9210	5
9211	5
9212	5
9213	5
9214	5
9215	5
9216	5
9217	5
9218	5
9219	5
9220	5
9221	5
9222	5
9223	5
9224	5
9225	5
9226	5
9227	5
9228	5
9229	5
9230	5
9231	5
9232	5
9233	5
9234	5
9235	5
9236	5
9237	5
9238	5
9239	5
9240	5
9241	5
9242	5
9243	5
9244	5
9245	5
9246	5
9247	5
9248	5
9249	5
9250	5
9251	5
9252	5
9253	5
9254	5
9255	5
9256	5
9257	5
9258	5
9259	5
9260	5
9261	5
9262	5
9263	5
9264	5
9265	5
9266	5
9267	5
9268	5
9269	5
9270	5
9271	5
9272	5
9273	5
9274	5
9275	5
9276	5
9277	5
9278	5
9279	5
9280	5
9281	5
9282	5
9283	5
9284	5
9285	5
9286	5
9287	5
9288	5
9289	5
9290	5
9291	5
9292	5
9293	5
9294	5
9295	5
9296	5
9297	5
9298	5
9299	5
9300	5
9301	5
9302	5
9303	5
9304	5
9305	5
9306	5
9307	5
9308	5
9309	5
9310	5
9311	5
9312	5
9313	5
9314	5
9315	5
9316	5
9317	5
9318	5
9319	5
9320	5
9321	5
9322	5
9323	5
9324	5
9325	5
9326	5
9327	5
9328	5
9329	5
9330	5
9331	5
9332	5
9333	5
9334	5
9335	5
9336	5
9337	5
9338	5
9339	5
9340	5
9341	5
9342	5
9343	5
9344	5
9345	5
9346	5
9347	5
9348	5
9349	5
9350	5
9351	5
9352	5
9353	5
9354	5
9355	5
9356	5
9357	5
9358	5
9359	5
9360	5
9361	5
9362	5
9363	5
9364	5
9365	5
9366	5
9367	5
9368	5
9369	5
9370	5
9371	5
9372	-1000
9373	-1000
9374	-1000
9375	-1000
9376	-1000
9377	-1000
9378	-1000
9379	-1000
9380	-1000
9381	-1000
9382	-1000
9383	-1000
9384	-1000
9385	-1000
9386	-1000
9387	-1000
9388	-1000
9389	-1000
9390	-1000
9391	-1000
9392	-1000
9393	-1000
9394	-1000
9395	-1000
9396	-1000
9397	-1000
9398	-1000
9399	-1000
9400	-1000
9401	-1000
9402	-1000
9403	-1000
9404	-1000
9405	-1000
9406	-1000
9407	-1000
9408	-1000
9409	-1000
9410	-1000
9411	-1000
9412	-1000
9413	-1000
9414	-1000
9415	-1000
9416	-1000
9417	-1000
9418	-1000
9419	-1000
9420	-1000
9421	-1000
9422	-1000
9423	-1000
9424	-1000
9425	-1000
9426	-1000
9427	-1000
9428	-1000
9429	-1000
9430	-1000
9431	-1000
9432	-1000
9433	-1000
9434	-1000
9435	-1000
9436	-1000
9437	-1000
9438	-1000
9439	-1000
9440	-1000
9441	-1000
9442	-1000
9443	-1000
9444	-1000
9445	-1000
9446	-1000
9447	-1000
9448	-1000
9449	-1000
9450	-1000
9451	-1000
9452	-1000
9453	-1000
9454	-1000
9455	-1000
9456	-1000
9457	-1000
9458	-1000
9459	-1000
9460	-1000
9461	-1000
9462	-1000
9463	-1000
9464	-1000
9465	-1000
9466	-1000
9467	-1000
9468	-1000
9469	-1000
9470	-1000
9471	-1000
9472	-1000
9473	-1000
9474	-1000
9475	-1000
9476	-1000
9477	-1000
9478	-1000
9479	-1000
9480	-1000
9481	-1000
9482	-1000
9483	-1000
9484	-1000
9485	-1000
9486	-1000
9487	-1000
9488	-1000
9489	-1000
9490	-1000
9491	-1000
9492	-1000
9493	-1000
9494	-1000
9495	-1000
9496	-1000
9497	-1000
9498	-1000
9499	-1000
9500	-1000
9501	-1000
9502	-1000
9503	-1000
9504	-1000
9505	-1000
9506	-1000
9507	-1000
9508	-1000
9509	-1000
9510	-1000
9511	-1000
9512	-1000
9513	-1000
9514	-1000
9515	-1000
9516	-1000
9517	-1000
9518	-1000
9519	-1000
9520	-1000
9521	-1000
9522	-1000
9523	-1000
9524	-1000
9525	-1000
9526	-1000
9527	-1000
9528	-1000
9529	-1000
9530	-1000
9531	-1000
9532	-1000
9533	-1000
9534	-1000
9535	-1000
9536	-1000
9537	-1000
9538	-1000
9539	-1000
9540	-1000
9541	-1000
9542	-1000
9543	-1000
9544	-1000
9545	-1000
9546	-1000
9547	-1000
9548	-1000
9549	-1000
9550	-1000
9551	-1000
9552	-1000
9553	-1000
9554	-1000
9555	-1000
9556	-1000
9557	-1000
9558	-1000
9559	-1000
9560	-1000
9561	-1000
9562	-1000
9563	-1000
9564	-1000
9565	-1000
9566	-1000
9567	-1000
9568	-1000
9569	-1000
9570	-1000
9571	-1000
9572	-1000
9573	-1000
9574	-1000
9575	-1000
9576	-1000
9577	-1000
9578	-1000
9579	-1000
9580	-1000
9581	-1000
9582	-1000
9583	-1000
9584	-1000
9585	-1000
9586	-1000
9587	-1000
9588	-1000
9589	-1000
9590	-1000
9591	-1000
9592	-1000
9593	-1000
9594	-1000
9595	-1000
9596	-1000
9597	-1000
9598	-1000
9599	-1000
9600	-1000
9601	-1000
9602	-1000
9603	-1000
9604	-1000
9605	-1000
9606	-1000
9607	-1000
9608	-1000
9609	-1000
9610	-1000
9611	-1000
9612	-1000
9613	-1000
9614	-1000
9615	-1000
9616	-1000
9617	-1000
9618	-1000
9619	-1000
9620	-1000
9621	-1000
9622	-1000
9623	-1000
9624	-1000
9625	-1000
9626	-1000
9627	-1000
9628	-1000
9629	-1000
9630	-1000
9631	-1000
9632	-1000
9633	-1000
9634	-1000
9635	-1000
9636	-1000
9637	-1000
9638	-1000
9639	-1000
9640	-1000
9641	-1000
9642	-1000
9643	-1000
9644	-1000
9645	-1000
9646	-1000
9647	-1000
9648	-1000
9649	-1000
9650	-1000
9651	-1000
9652	-1000
9653	-1000
9654	-1000
9655	-1000
9656	-1000
9657	-1000
9658	-1000
9659	-1000
9660	-1000
9661	-1000
9662	-1000
9663	-1000
9664	-1000
9665	-1000
9666	-1000
9667	-1000
9668	-1000
9669	-1000
9670	-1000
9671	-1000
9672	-1000
9673	-1000
9674	-1000
9675	-1000
9676	-1000
9677	-1000
9678	-1000
9679	-1000
9680	-1000
9681	-1000
9682	-1000
9683	-1000
9684	-1000
9685	-1000
9686	-1000
9687	-1000
9688	-1000
9689	-1000
9690	-1000
9691	-1000
9692	-1000
9693	-1000
9694	-1000
9695	-1000
9696	-1000
9697	-1000
9698	-1000
9699	-1000
9700	-1000
9701	-1000
9702	-1000
9703	-1000
9704	-1000
9705	-1000
9706	-1000
9707	-1000
9708	-1000
9709	-1000
9710	-1000
9711	-1000
9712	-1000
9713	-1000
9714	-1000
9715	-1000
9716	-1000
9717	-1000
9718	-1000
9719	-1000
9720	-1000
9721	-1000
9722	-1000
9723	-1000
9724	-1000
9725	-1000
9726	-1000
9727	-1000
9728	-1000
9729	-1000
9730	-1000
9731	-1000
9732	-1000
9733	-1000
9734	-1000
9735	-1000
9736	-1000
9737	-1000
9738	-1000
9739	-1000
9740	-1000
9741	-1000
9742	-1000
9743	-1000
9744	-1000
9745	-1000
9746	-1000
9747	-1000
9748	-1000
9749	-1000
9750	-1000
9751	-1000
9752	-1000
9753	-1000
9754	-1000
9755	-1000
9756	-1000
9757	-1000
9758	-1000
9759	-1000
9760	-1000
9761	-1000
9762	-1000
9763	-1000
9764	-1000
9765	-1000
9766	-1000
9767	-1000
9768	-1000
9769	-1000
9770	-1000
9771	-1000
9772	-1000
9773	-1000
9774	-1000
9775	-1000
9776	-1000
9777	-1000
9778	-1000
9779	-1000
9780	-1000
9781	-1000
9782	-1000
9783	-1000
9784	-1000
9785	-1000
9786	-1000
9787	-1000
9788	-1000
9789	-1000
9790	-1000
9791	-1000
9792	-1000
9793	-1000
9794	-1000
9795	-1000
9796	-1000
9797	-1000
9798	-1000
9799	-1000
9800	-1000
9801	-1000
9802	-1000
9803	-1000
9804	-1000
9805	-1000
9806	-1000
9807	-1000
9808	-1000
9809	-1000
9810	-1000
9811	-1000
9812	-1000
9813	-1000
9814	-1000
9815	-1000
9816	-1000
9817	-1000
9818	-1000
9819	-1000
9820	-1000
9821	-1000
9822	-1000
9823	-1000
9824	-1000
9825	-1000
9826	-1000
9827	-1000
9828	-1000
9829	-1000
9830	-1000
9831	-1000
9832	-1000
9833	-1000
9834	-1000
9835	-1000
9836	-1000
9837	-1000
9838	-1000
9839	-1000
9840	-1000
9841	-1000
9842	-1000
9843	-1000
9844	-1000
9845	-1000
9846	-1000
9847	-1000
9848	-1000
9849	-1000
9850	-1000
9851	-1000
9852	-1000
9853	-1000
9854	-1000
9855	-1000
9856	-1000
9857	-1000
9858	-1000
9859	-1000
9860	-1000
9861	-1000
9862	-1000
9863	-1000
9864	-1000
9865	-1000
9866	-1000
9867	-1000
9868	-1000
9869	-1000
9870	-1000
9871	-1000
9872	-1000
9873	-1000
9874	-1000
9875	-1000
9876	-1000
9877	-1000
9878	-1000
9879	-1000
9880	-1000
9881	-1000
9882	-1000
9883	-1000
9884	-1000
9885	-1000
9886	-1000
9887	-1000
9888	-1000
9889	-1000
9890	-1000
9891	-1000
9892	-1000
9893	-1000
9894	-1000
9895	-1000
9896	-1000
9897	-1000
9898	-1000
9899	-1000
9900	-1000
9901	-1000
9902	-1000
9903	-1000
9904	-1000
9905	-1000
9906	-1000
9907	-1000
9908	-1000
9909	-1000
9910	-1000
9911	-1000
9912	-1000
9913	-1000
9914	-1000
9915	-1000
9916	-1000
9917	-1000
9918	-1000
9919	-1000
9920	-1000
9921	-1000
9922	-1000
9923	-1000
9924	-1000
9925	-1000
9926	-1000
9927	-1000
9928	-1000
9929	-1000
9930	-1000
9931	-1000
9932	-1000
9933	-1000
9934	-1000
9935	-1000
9936	-1000
9937	-1000
9938	-1000
9939	-1000
9940	-1000
9941	-1000
9942	-1000
9943	-1000
9944	-1000
9945	-1000
9946	-1000
9947	-1000
9948	-1000
9949	-1000
9950	-1000
9951	-1000
9952	-1000
9953	-1000
9954	-1000
9955	-1000
9956	-1000
9957	-1000
9958	-1000
9959	-1000
9960	-1000
9961	-1000
9962	-1000
9963	-1000
9964	-1000
9965	-1000
9966	-1000
9967	-1000
9968	-1000
9969	-1000
9970	-1000
9971	-1000
9972	-1000
9973	-1000
9974	-1000
9975	-1000
9976	-1000
9977	-1000
9978	-1000
9979	-1000
9980	-1000
9981	-1000
9982	-1000
9983	-1000
9984	-1000
9985	-1000
9986	-1000
9987	-1000
9988	-1000
9989	-1000
9990	-1000
9991	-1000
9992	-1000
9993	-1000
9994	-1000
9995	-1000
9996	-1000
9997	-1000
9998	-1000
9999	-1000
10000	-1000
10001	-1000
10002	-1000
10003	-1000
10004	-1000
10005	-1000
10006	-1000
10007	-1000
10008	-1000
10009	-1000
10010	-1000
10011	-1000
10012	-1000
10013	-1000
10014	-1000
10015	-1000
10016	-1000
10017	-1000
10018	-1000
10019	-1000
10020	-1000
10021	-1000
10022	-1000
10023	-1000
10024	-1000
10025	-1000
10026	-1000
10027	-1000
10028	-1000
10029	-1000
10030	-1000
10031	-1000
10032	-1000
10033	-1000
10034	-1000
10035	-1000
10036	-1000
10037	-1000
10038	-1000
10039	-1000
10040	-1000
10041	-1000
10042	-1000
10043	-1000
10044	-1000
10045	-1000
10046	-1000
10047	-1000
10048	-1000
10049	-1000
10050	-1000
10051	-1000
10052	-1000
10053	-1000
10054	-1000
10055	-1000
10056	-1000
10057	-1000
10058	-1000
10059	-1000
10060	-1000
10061	-1000
10062	-1000
10063	-1000
10064	-1000
10065	-1000
10066	-1000
10067	-1000
10068	-1000
10069	-1000
10070	-1000
10071	-1000
10072	-1000
10073	-1000
10074	-1000
10075	-1000
10076	-1000
10077	-1000
10078	-1000
10079	-1000
10080	-1000
10081	-1000
10082	-1000
10083	-1000
10084	-1000
10085	-1000
10086	-1000
10087	-1000
10088	-1000
10089	-1000
10090	-1000
10091	-1000
10092	-1000
10093	-1000
10094	-1000
10095	-1000
10096	-1000
10097	-1000
10098	-1000
10099	-1000
10100	-1000
10101	-1000
10102	-1000
10103	-1000
10104	-1000
10105	-1000
10106	-1000
10107	-1000
10108	-1000
10109	-1000
10110	-1000
10111	-1000
10112	-1000
10113	-1000
10114	-1000
10115	-1000
10116	-1000
10117	-1000
10118	-1000
10119	-1000
10120	-1000
10121	-1000
10122	-1000
10123	-1000
10124	-1000
10125	-1000
10126	-1000
10127	-1000
10128	-1000
10129	-1000
10130	-1000
10131	-1000
10132	-1000
10133	-1000
10134	-1000
10135	-1000
10136	-1000
10137	-1000
10138	-1000
10139	-1000
10140	-1000
10141	-1000
10142	-1000
10143	-1000
10144	-1000
10145	-1000
10146	-1000
10147	-1000
10148	-1000
10149	-1000
10150	-1000
10151	-1000
10152	-1000
10153	-1000
10154	-1000
10155	-1000
10156	-1000
10157	-1000
10158	-1000
10159	-1000
10160	-1000
10161	-1000
10162	-1000
10163	-1000
10164	-1000
10165	-1000
10166	-1000
10167	-1000
10168	-1000
10169	-1000
10170	-1000
10171	-1000
10172	-1000
10173	-1000
10174	-1000
10175	-1000
10176	-1000
10177	-1000
10178	-1000
10179	-1000
10180	-1000
10181	-1000
10182	-1000
10183	-1000
10184	-1000
10185	-1000
10186	-1000
10187	-1000
10188	-1000
10189	-1000
10190	-1000
10191	-1000
10192	-1000
10193	-1000
10194	-1000
10195	-1000
10196	-1000
10197	-1000
10198	-1000
10199	-1000
10200	-1000
10201	-1000
10202	-1000
10203	-1000
10204	-1000
10205	-1000
10206	-1000
10207	-1000
10208	-1000
10209	-1000
10210	-1000
10211	-1000
10212	-1000
10213	-1000
10214	-1000
10215	-1000
10216	-1000
10217	-1000
10218	-1000
10219	-1000
10220	-1000
10221	-1000
10222	-1000
10223	-1000
10224	-1000
10225	-1000
10226	-1000
10227	-1000
10228	-1000
10229	-1000
10230	-1000
10231	-1000
10232	-1000
10233	-1000
10234	-1000
10235	-1000
10236	-1000
10237	-1000
10238	-1000
10239	-1000
10240	-1000
10241	-1000
10242	-1000
10243	-1000
10244	-1000
10245	-1000
10246	-1000
10247	-1000
10248	-1000
10249	-1000
10250	-1000
10251	-1000
10252	-1000
10253	-1000
10254	-1000
10255	-1000
10256	-1000
10257	-1000
10258	-1000
10259	-1000
10260	-1000
10261	-1000
10262	-1000
10263	-1000
10264	-1000
10265	-1000
10266	-1000
10267	-1000
10268	-1000
10269	-1000
10270	-1000
10271	-1000
10272	-1000
10273	-1000
10274	-1000
10275	-1000
10276	-1000
10277	-1000
10278	-1000
10279	-1000
10280	-1000
10281	-1000
10282	-1000
10283	-1000
10284	-1000
10285	-1000
10286	-1000
10287	-1000
10288	-1000
10289	-1000
10290	-1000
10291	-1000
10292	-1000
10293	-1000
10294	-1000
10295	-1000
10296	-1000
10297	-1000
10298	-1000
10299	-1000
10300	-1000
10301	-1000
10302	-1000
10303	-1000
10304	-1000
10305	-1000
10306	-1000
10307	-1000
10308	-1000
10309	-1000
10310	-1000
10311	-1000
10312	-1000
10313	-1000
10314	-1000
10315	-1000
10316	-1000
10317	-1000
10318	-1000
10319	-1000
10320	-1000
10321	-1000
10322	-1000
10323	-1000
10324	-1000
10325	-1000
10326	-1000
10327	-1000
10328	-1000
10329	-1000
10330	-1000
10331	-1000
10332	-1000
10333	-1000
10334	-1000
10335	-1000
10336	-1000
10337	-1000
10338	-1000
10339	-1000
10340	-1000
10341	-1000
10342	-1000
10343	-1000
10344	-1000
10345	-1000
10346	-1000
10347	-1000
10348	-1000
10349	-1000
10350	-1000
10351	-1000
10352	-1000
10353	-1000
10354	-1000
10355	-1000
10356	-1000
10357	-1000
10358	-1000
10359	-1000
10360	-1000
10361	-1000
10362	-1000
10363	-1000
10364	-1000
10365	-1000
10366	-1000
10367	-1000
10368	-1000
10369	-1000
10370	-1000
10371	-1000
10372	-1000
10373	-1000
10374	-1000
10375	-1000
10376	-1000
10377	-1000
10378	-1000
10379	-1000
10380	-1000
10381	-1000
10382	-1000
10383	-1000
10384	-1000
10385	-1000
10386	-1000
10387	-1000
10388	-1000
