0	-1000
1	-1000
2	-1000
3	-1000
4	-1000
5	-1000
6	-1000
7	-1000
8	-1000
9	-1000
10	-1000
11	-1000
12	-1000
13	-1000
14	-1000
15	-1000
16	-1000
17	-1000
18	-1000
19	-1000
20	-1000
21	-1000
22	-1000
23	-1000
24	-1000
25	-1000
26	-1000
27	-1000
28	-1000
29	-1000
30	-1000
31	-1000
32	-1000
33	-1000
34	-1000
35	-1000
36	-1000
37	-1000
38	-1000
39	-1000
40	-1000
41	-1000
42	-1000
43	-1000
44	-1000
45	-1000
46	-1000
47	-1000
48	-1000
49	-1000
50	-1000
51	-1000
52	-1000
53	-1000
54	-1000
55	-1000
56	-1000
57	-1000
58	-1000
59	-1000
60	-1000
61	-1000
62	-1000
63	-1000
64	-1000
65	-1000
66	-1000
67	-1000
68	-1000
69	-1000
70	-1000
71	-1000
72	-1000
73	-1000
74	-1000
75	-1000
76	-1000
77	-1000
78	-1000
79	-1000
80	-1000
81	-1000
82	-1000
83	-1000
84	-1000
85	-1000
86	-1000
87	-1000
88	-1000
89	-1000
90	-1000
91	-1000
92	-1000
93	-1000
94	-1000
95	-1000
96	-1000
97	-1000
98	-1000
99	-1000
100	-1000
101	-1000
102	-1000
103	-1000
104	-1000
105	-1000
106	-1000
107	-1000
108	-1000
109	-1000
110	-1000
111	-1000
112	-1000
113	-1000
114	-1000
115	-1000
116	-1000
117	-1000
118	-1000
119	-1000
120	-1000
121	-1000
122	-1000
123	-1000
124	-1000
125	-1000
126	-1000
127	-1000
128	-1000
129	-1000
130	-1000
131	-1000
132	-1000
133	-1000
134	-1000
135	-1000
136	-1000
137	-1000
138	-1000
139	-1000
140	-1000
141	-1000
142	-1000
143	-1000
144	-1000
145	-1000
146	-1000
147	-1000
148	-1000
149	-1000
150	-1000
151	-1000
152	-1000
153	-1000
154	-1000
155	-1000
156	-1000
157	-1000
158	-1000
159	-1000
160	-1000
161	-1000
162	-1000
163	-1000
164	-1000
165	-1000
166	-1000
167	-1000
168	-1000
169	-1000
170	-1000
171	-1000
172	-1000
173	-1000
174	-1000
175	-1000
176	-1000
177	-1000
178	-1000
179	-1000
180	-1000
181	-1000
182	-1000
183	-1000
184	-1000
185	-1000
186	-1000
187	-1000
188	-1000
189	-1000
190	-1000
191	-1000
192	-1000
193	-1000
194	-1000
195	-1000
196	-1000
197	-1000
198	-1000
199	-1000
200	-1000
201	-1000
202	-1000
203	-1000
204	-1000
205	-1000
206	-1000
207	-1000
208	-1000
209	-1000
210	-1000
211	-1000
212	-1000
213	-1000
214	-1000
215	-1000
216	-1000
217	-1000
218	-1000
219	-1000
220	-1000
221	-1000
222	-1000
223	-1000
224	-1000
225	-1000
226	-1000
227	-1000
228	-1000
229	-1000
230	-1000
231	-1000
232	-1000
233	-1000
234	-1000
235	-1000
236	-1000
237	-1000
238	-1000
239	-1000
240	-1000
241	-1000
242	-1000
243	-1000
244	-1000
245	-1000
246	-1000
247	-1000
248	-1000
249	-1000
250	-1000
251	-1000
252	-1000
253	-1000
254	-1000
255	-1000
256	-1000
257	-1000
258	-1000
259	-1000
260	-1000
261	-1000
262	-1000
263	-1000
264	-1000
265	-1000
266	-1000
267	-1000
268	-1000
269	-1000
270	-1000
271	-1000
272	-1000
273	-1000
274	-1000
275	-1000
276	-1000
277	-1000
278	-1000
279	-1000
280	-1000
281	-1000
282	-1000
283	-1000
284	-1000
285	-1000
286	-1000
287	-1000
288	-1000
289	-1000
290	-1000
291	-1000
292	-1000
293	-1000
294	-1000
295	-1000
296	-1000
297	-1000
298	-1000
299	-1000
300	-1000
301	-1000
302	-1000
303	-1000
304	-1000
305	-1000
306	-1000
307	-1000
308	-1000
309	-1000
310	-1000
311	-1000
312	-1000
313	-1000
314	-1000
315	-1000
316	-1000
317	-1000
318	-1000
319	-1000
320	-1000
321	-1000
322	-1000
323	-1000
324	-1000
325	-1000
326	-1000
327	-1000
328	-1000
329	-1000
330	-1000
331	-1000
332	-1000
333	-1000
334	-1000
335	-1000
336	-1000
337	-1000
338	-1000
339	-1000
340	-1000
341	-1000
342	-1000
343	-1000
344	-1000
345	-1000
346	-1000
347	-1000
348	-1000
349	-1000
350	-1000
351	-1000
352	-1000
353	-1000
354	5
355	5
356	5
357	5
358	5
359	5
360	5
361	5
362	5
363	5
364	5
365	5
366	5
367	5
368	5
369	5
370	5
371	5
372	5
373	5
374	5
375	5
376	5
377	5
378	5
379	5
380	5
381	5
382	5
383	5
384	5
385	5
386	5
387	5
388	5
389	5
390	5
391	5
392	5
393	5
394	5
395	5
396	5
397	5
398	5
399	5
400	5
401	5
402	5
403	5
404	5
405	5
406	5
407	5
408	5
409	5
410	5
411	5
412	5
413	5
414	5
415	5
416	5
417	5
418	5
419	5
420	5
421	5
422	5
423	5
424	5
425	5
426	5
427	5
428	5
429	5
430	5
431	5
432	5
433	5
434	5
435	5
436	5
437	5
438	5
439	5
440	5
441	5
442	5
443	5
444	5
445	5
446	5
447	5
448	5
449	5
450	5
451	5
452	5
453	5
454	5
455	5
456	5
457	5
458	5
459	5
460	5
461	5
462	5
463	5
464	5
465	5
466	5
467	5
468	5
469	5
470	5
471	5
472	5
473	5
474	5
475	5
476	5
477	5
478	5
479	5
480	5
481	5
482	5
483	5
484	5
485	5
486	5
487	5
488	5
489	5
490	5
491	5
492	5
493	5
494	5
495	5
496	5
497	5
498	5
499	5
500	5
501	5
502	5
503	5
504	5
505	5
506	5
507	5
508	5
509	5
510	5
511	5
512	5
513	5
514	5
515	5
516	5
517	5
518	5
519	5
520	5
521	5
522	5
523	5
524	5
525	5
526	5
527	5
528	5
529	5
530	5
531	5
532	5
533	5
534	5
535	5
536	5
537	5
538	5
539	5
540	5
541	5
542	5
543	5
544	5
545	5
546	5
547	5
548	5
549	5
550	5
551	5
552	5
553	5
554	5
555	5
556	5
557	5
558	5
559	5
560	5
561	5
562	5
563	5
564	5
565	5
566	5
567	5
568	5
569	5
570	5
571	5
572	5
573	5
574	5
575	5
576	5
577	5
578	5
579	5
580	5
581	5
582	5
583	5
584	5
585	5
586	5
587	5
588	5
589	5
590	5
591	5
592	5
593	5
594	5
595	5
596	5
597	5
598	5
599	5
600	5
601	5
602	5
603	5
604	5
605	5
606	5
607	5
608	5
609	5
610	5
611	5
612	5
613	5
614	5
615	5
616	5
617	5
618	5
619	5
620	5
621	5
622	5
623	5
624	5
625	5
626	5
627	5
628	5
629	5
630	5
631	5
632	5
633	5
634	5
635	5
636	5
637	5
638	5
639	5
640	5
641	5
642	5
643	5
644	5
645	5
646	5
647	5
648	5
649	5
650	5
651	5
652	5
653	5
654	5
655	5
656	5
657	5
658	5
659	5
660	5
661	5
662	5
663	5
664	5
665	5
666	5
667	5
668	5
669	5
670	5
671	5
672	5
673	5
674	5
675	5
676	5
677	5
678	5
679	5
680	5
681	5
682	5
683	5
684	5
685	5
686	5
687	5
688	5
689	5
690	5
691	5
692	5
693	5
694	5
695	5
696	5
697	5
698	5
699	5
700	5
701	5
702	5
703	5
704	5
705	5
706	5
707	5
708	5
709	5
710	5
711	5
712	5
713	5
714	5
715	5
716	5
717	5
718	5
719	5
720	5
721	5
722	5
723	5
724	5
725	5
726	5
727	5
728	5
729	5
730	5
731	5
732	5
733	5
734	5
735	5
736	5
737	5
738	5
739	5
740	5
741	5
742	5
743	5
744	5
745	5
746	5
747	5
748	5
749	5
750	5
751	5
752	5
753	5
754	5
755	5
756	5
757	5
758	5
759	5
760	5
761	5
762	5
763	5
764	5
765	5
766	5
767	5
768	5
769	5
770	5
771	5
772	5
773	5
774	5
775	5
776	5
777	5
778	5
779	5
780	5
781	5
782	5
783	5
784	5
785	5
786	5
787	5
788	5
789	5
790	5
791	5
792	5
793	5
794	5
795	5
796	5
797	5
798	5
799	5
800	5
801	5
802	5
803	5
804	5
805	5
806	5
807	5
808	5
809	5
810	5
811	5
812	5
813	5
814	5
815	5
816	5
817	5
818	5
819	5
820	5
821	5
822	5
823	5
824	5
825	5
826	5
827	5
828	5
829	5
830	5
831	5
832	5
833	5
834	5
835	5
836	5
837	5
838	5
839	5
840	5
841	5
842	5
843	5
844	5
845	5
846	5
847	5
848	5
849	5
850	5
851	5
852	5
853	5
854	5
855	5
856	5
857	5
858	5
859	5
860	5
861	5
862	5
863	5
864	5
865	5
866	5
867	5
868	5
869	5
870	5
871	5
872	5
873	5
874	5
875	5
876	5
877	5
878	5
879	5
880	5
881	5
882	5
883	5
884	5
885	5
886	5
887	5
888	5
889	5
890	5
891	5
892	5
893	5
894	5
895	5
896	5
897	5
898	5
899	5
900	5
901	5
902	5
903	5
904	5
905	5
906	5
907	5
908	5
909	5
910	5
911	5
912	5
913	5
914	5
915	5
916	5
917	5
918	5
919	5
920	5
921	5
922	5
923	5
924	5
925	5
926	5
927	5
928	5
929	5
930	5
931	5
932	5
933	5
934	5
935	5
936	5
937	5
938	5
939	5
940	5
941	5
942	5
943	5
944	5
945	5
946	5
947	5
948	5
949	5
950	5
951	5
952	5
953	5
954	5
955	5
956	5
957	5
958	5
959	5
960	5
961	5
962	5
963	5
964	5
965	5
966	5
967	5
968	5
969	5
970	5
971	5
972	5
973	5
974	5
975	5
976	5
977	5
978	5
979	5
980	5
981	5
982	5
983	5
984	5
985	5
986	5
987	5
988	5
989	5
990	5
991	5
992	5
993	5
994	5
995	5
996	5
997	5
998	5
999	5
1000	5
1001	5
1002	5
1003	5
1004	5
1005	5
1006	5
1007	5
1008	5
1009	5
1010	5
1011	5
1012	5
1013	5
1014	5
1015	5
1016	5
1017	5
1018	5
1019	5
1020	5
1021	5
1022	5
1023	5
1024	5
1025	5
1026	5
1027	5
1028	5
1029	5
1030	5
1031	5
1032	5
1033	5
1034	5
1035	5
1036	5
1037	5
1038	5
1039	5
1040	5
1041	5
1042	5
1043	5
1044	5
1045	5
1046	5
1047	5
1048	5
1049	5
1050	5
1051	5
1052	5
1053	5
1054	5
1055	5
1056	5
1057	5
1058	5
1059	5
1060	5
1061	5
1062	5
1063	5
1064	5
1065	5
1066	5
1067	5
1068	5
1069	5
1070	5
1071	5
1072	5
1073	5
1074	5
1075	5
1076	5
1077	5
1078	5
1079	5
1080	5
1081	5
1082	5
1083	5
1084	5
1085	5
1086	5
1087	5
1088	5
1089	5
1090	5
1091	5
1092	5
1093	5
1094	5
1095	5
1096	5
1097	5
1098	5
1099	5
1100	5
1101	5
1102	5
1103	5
1104	5
1105	5
1106	5
1107	5
1108	5
1109	5
1110	5
1111	5
1112	5
1113	5
1114	5
1115	5
1116	5
1117	5
1118	5
1119	5
1120	5
1121	5
1122	5
1123	5
1124	5
1125	5
1126	5
1127	5
1128	5
1129	5
1130	5
1131	5
1132	5
1133	5
1134	5
1135	5
1136	5
1137	5
1138	5
1139	5
1140	5
1141	5
1142	5
1143	5
1144	5
1145	5
1146	5
1147	5
1148	5
1149	5
1150	5
1151	5
1152	5
1153	5
1154	5
1155	5
1156	5
1157	5
1158	5
1159	5
1160	5
1161	5
1162	5
1163	5
1164	5
1165	5
1166	5
1167	5
1168	5
1169	5
1170	5
1171	5
1172	5
1173	5
1174	5
1175	5
1176	5
1177	5
1178	5
1179	5
1180	5
1181	5
1182	5
1183	5
1184	5
1185	5
1186	5
1187	5
1188	5
1189	5
1190	5
1191	5
1192	5
1193	5
1194	5
1195	5
1196	5
1197	5
1198	5
1199	5
1200	5
1201	5
1202	5
1203	5
1204	5
1205	5
1206	5
1207	5
1208	5
1209	5
1210	5
1211	5
1212	5
1213	5
1214	5
1215	5
1216	5
1217	5
1218	5
1219	5
1220	5
1221	5
1222	5
1223	5
1224	5
1225	5
1226	5
1227	5
1228	5
1229	5
1230	5
1231	5
1232	5
1233	5
1234	5
1235	5
1236	5
1237	5
1238	5
1239	5
1240	5
1241	5
1242	5
1243	5
1244	5
1245	5
1246	5
1247	5
1248	5
1249	5
1250	5
1251	5
1252	5
1253	5
1254	5
1255	5
1256	5
1257	5
1258	5
1259	5
1260	5
1261	5
1262	5
1263	5
1264	5
1265	5
1266	5
1267	5
1268	5
1269	5
1270	5
1271	5
1272	5
1273	5
1274	5
1275	5
1276	5
1277	5
1278	5
1279	5
1280	5
1281	5
1282	5
1283	5
1284	5
1285	5
1286	5
1287	5
1288	5
1289	5
1290	5
1291	5
1292	5
1293	5
1294	5
1295	5
1296	5
1297	5
1298	5
1299	5
1300	5
1301	5
1302	5
1303	5
1304	5
1305	5
1306	5
1307	5
1308	5
1309	5
1310	5
1311	5
1312	5
1313	5
1314	5
1315	5
1316	5
1317	5
1318	5
1319	5
1320	5
1321	5
1322	5
1323	5
1324	5
1325	5
1326	5
1327	5
1328	5
1329	5
1330	5
1331	5
1332	5
1333	5
1334	5
1335	5
1336	5
1337	5
1338	5
1339	5
1340	5
1341	5
1342	5
1343	5
1344	5
1345	5
1346	5
1347	5
1348	5
1349	5
1350	5
1351	5
1352	5
1353	5
1354	5
1355	5
1356	5
1357	5
1358	5
1359	5
1360	5
1361	5
1362	5
1363	5
1364	5
1365	5
1366	5
1367	5
1368	5
1369	5
1370	5
1371	5
1372	5
1373	5
1374	5
1375	5
1376	5
1377	5
1378	5
1379	5
1380	5
1381	5
1382	5
1383	5
1384	5
1385	5
1386	5
1387	5
1388	5
1389	5
1390	5
1391	5
1392	5
1393	5
1394	5
1395	5
1396	5
1397	5
1398	5
1399	5
1400	5
1401	5
1402	5
1403	5
1404	5
1405	5
1406	5
1407	5
1408	5
1409	5
1410	5
1411	5
1412	5
1413	5
1414	5
1415	5
1416	5
1417	5
1418	5
1419	5
1420	5
1421	5
1422	5
1423	5
1424	5
1425	5
1426	5
1427	5
1428	5
1429	5
1430	5
1431	5
1432	5
1433	5
1434	5
1435	5
1436	5
1437	5
1438	5
1439	5
1440	5
1441	5
1442	5
1443	5
1444	5
1445	5
1446	5
1447	5
1448	5
1449	5
1450	5
1451	5
1452	5
1453	5
1454	5
1455	5
1456	5
1457	5
1458	5
1459	5
1460	5
1461	5
1462	5
1463	5
1464	5
1465	5
1466	5
1467	5
1468	5
1469	5
1470	5
1471	5
1472	5
1473	5
1474	5
1475	5
1476	5
1477	5
1478	5
1479	5
1480	5
1481	5
1482	5
1483	5
1484	5
1485	5
1486	5
1487	5
1488	5
1489	5
1490	5
1491	5
1492	5
1493	5
1494	5
1495	5
1496	5
1497	5
1498	5
1499	5
1500	5
1501	5
1502	5
1503	5
1504	5
1505	5
1506	5
1507	5
1508	5
1509	5
1510	5
1511	5
1512	5
1513	5
1514	5
1515	5
1516	5
1517	5
1518	5
1519	5
1520	5
1521	5
1522	5
1523	5
1524	5
1525	5
1526	5
1527	5
1528	5
1529	5
1530	5
1531	5
1532	5
1533	5
1534	5
1535	5
1536	5
1537	5
1538	5
1539	5
1540	5
1541	5
1542	5
1543	5
1544	5
1545	5
1546	5
1547	5
1548	5
1549	5
1550	5
1551	5
1552	5
1553	5
1554	5
1555	5
1556	5
1557	5
1558	5
1559	5
1560	5
1561	5
1562	5
1563	5
1564	5
1565	5
1566	5
1567	5
1568	5
1569	5
1570	5
1571	5
1572	5
1573	5
1574	5
1575	5
1576	5
1577	5
1578	5
1579	5
1580	5
1581	5
1582	5
1583	5
1584	5
1585	5
1586	5
1587	5
1588	5
1589	5
1590	5
1591	5
1592	5
1593	5
1594	5
1595	5
1596	5
1597	5
1598	5
1599	5
1600	5
1601	5
1602	5
1603	5
1604	5
1605	5
1606	5
1607	5
1608	5
1609	5
1610	5
1611	5
1612	5
1613	5
1614	5
1615	5
1616	5
1617	5
1618	5
1619	5
1620	5
1621	5
1622	5
1623	5
1624	5
1625	5
1626	5
1627	5
1628	5
1629	5
1630	5
1631	5
1632	5
1633	5
1634	5
1635	5
1636	5
1637	5
1638	5
1639	5
1640	5
1641	5
1642	5
1643	5
1644	5
1645	5
1646	5
1647	5
1648	5
1649	5
1650	5
1651	5
1652	5
1653	5
1654	5
1655	5
1656	5
1657	5
1658	5
1659	5
1660	5
1661	5
1662	5
1663	5
1664	5
1665	5
1666	5
1667	5
1668	5
1669	5
1670	5
1671	5
1672	5
1673	5
1674	5
1675	5
1676	5
1677	5
1678	5
1679	5
1680	5
1681	5
1682	5
1683	5
1684	5
1685	5
1686	5
1687	5
1688	5
1689	5
1690	5
1691	5
1692	5
1693	5
1694	5
1695	5
1696	5
1697	5
1698	5
1699	5
1700	5
1701	5
1702	5
1703	5
1704	5
1705	5
1706	5
1707	5
1708	5
1709	5
1710	5
1711	5
1712	5
1713	5
1714	5
1715	5
1716	5
1717	5
1718	5
1719	5
1720	5
1721	5
1722	5
1723	5
1724	5
1725	5
1726	5
1727	5
1728	5
1729	5
1730	5
1731	5
1732	5
1733	5
1734	5
1735	5
1736	5
1737	5
1738	5
1739	5
1740	5
1741	5
1742	5
1743	5
1744	5
1745	5
1746	5
1747	5
1748	5
1749	5
1750	5
1751	5
1752	5
1753	5
1754	5
1755	5
1756	5
1757	5
1758	5
1759	5
1760	5
1761	5
1762	5
1763	5
1764	5
1765	5
1766	5
1767	5
1768	5
1769	5
1770	5
1771	5
1772	5
1773	5
1774	5
1775	5
1776	5
1777	5
1778	5
1779	5
1780	5
1781	5
1782	5
1783	5
1784	5
1785	5
1786	5
1787	5
1788	5
1789	5
1790	5
1791	5
1792	5
1793	5
1794	5
1795	5
1796	5
1797	5
1798	5
1799	5
1800	5
1801	5
1802	5
1803	5
1804	5
1805	5
1806	5
1807	5
1808	5
1809	5
1810	5
1811	5
1812	5
1813	5
1814	5
1815	5
1816	5
1817	5
1818	5
1819	5
1820	5
1821	5
1822	5
1823	5
1824	5
1825	5
1826	5
1827	5
1828	5
1829	5
1830	5
1831	5
1832	5
1833	5
1834	5
1835	5
1836	5
1837	5
1838	5
1839	5
1840	5
1841	5
1842	5
1843	5
1844	5
1845	5
1846	5
1847	5
1848	5
1849	5
1850	5
1851	5
1852	5
1853	5
1854	5
1855	5
1856	5
1857	5
1858	5
1859	5
1860	5
1861	5
1862	5
1863	5
1864	5
1865	5
1866	5
1867	5
1868	5
1869	5
1870	5
1871	5
1872	5
1873	5
1874	5
1875	5
1876	5
1877	5
1878	5
1879	5
1880	5
1881	5
1882	5
1883	5
1884	5
1885	5
1886	5
1887	5
1888	5
1889	5
1890	5
1891	5
1892	5
1893	5
1894	5
1895	5
1896	5
1897	5
1898	5
1899	5
1900	5
1901	5
1902	5
1903	5
1904	5
1905	5
1906	5
1907	5
1908	5
1909	5
1910	5
1911	5
1912	5
1913	5
1914	5
1915	5
1916	5
1917	5
1918	5
1919	5
1920	5
1921	5
1922	5
1923	5
1924	5
1925	5
1926	5
1927	5
1928	5
1929	5
1930	5
1931	5
1932	5
1933	5
1934	5
1935	5
1936	5
1937	5
1938	5
1939	5
1940	5
1941	5
1942	5
1943	5
1944	-1000
1945	-1000
1946	-1000
1947	-1000
1948	-1000
1949	-1000
1950	-1000
1951	-1000
1952	-1000
1953	-1000
1954	-1000
1955	-1000
1956	-1000
1957	-1000
1958	-1000
1959	-1000
1960	-1000
1961	-1000
1962	-1000
1963	-1000
1964	-1000
1965	-1000
1966	-1000
1967	-1000
1968	-1000
1969	-1000
1970	-1000
1971	-1000
1972	-1000
1973	-1000
1974	-1000
1975	-1000
1976	-1000
1977	-1000
1978	-1000
1979	-1000
1980	-1000
1981	-1000
1982	-1000
1983	-1000
1984	-1000
1985	-1000
1986	-1000
1987	-1000
1988	-1000
1989	-1000
1990	-1000
1991	-1000
1992	-1000
1993	-1000
1994	-1000
1995	-1000
1996	-1000
1997	-1000
1998	-1000
1999	-1000
2000	-1000
2001	-1000
2002	-1000
2003	-1000
2004	-1000
2005	-1000
2006	-1000
2007	-1000
2008	-1000
2009	-1000
2010	-1000
2011	-1000
2012	-1000
2013	-1000
2014	-1000
2015	-1000
2016	-1000
2017	-1000
2018	-1000
2019	-1000
2020	-1000
2021	-1000
2022	-1000
2023	-1000
2024	-1000
2025	-1000
2026	-1000
2027	-1000
2028	-1000
2029	-1000
2030	-1000
2031	-1000
2032	-1000
2033	-1000
2034	-1000
2035	-1000
2036	-1000
2037	-1000
2038	-1000
2039	-1000
2040	-1000
2041	-1000
2042	-1000
2043	-1000
2044	-1000
2045	-1000
2046	-1000
2047	-1000
2048	-1000
2049	-1000
2050	-1000
2051	-1000
2052	-1000
2053	-1000
2054	-1000
2055	-1000
2056	-1000
2057	-1000
2058	-1000
2059	-1000
2060	-1000
2061	-1000
2062	-1000
2063	-1000
2064	-1000
2065	-1000
2066	-1000
2067	-1000
2068	-1000
2069	-1000
2070	-1000
2071	-1000
2072	-1000
2073	-1000
2074	-1000
2075	-1000
2076	-1000
2077	-1000
2078	-1000
2079	-1000
2080	-1000
2081	-1000
2082	-1000
2083	-1000
2084	-1000
2085	-1000
2086	-1000
2087	-1000
2088	-1000
2089	-1000
2090	-1000
2091	-1000
2092	-1000
2093	-1000
2094	-1000
2095	-1000
2096	-1000
2097	-1000
2098	-1000
2099	-1000
2100	-1000
2101	-1000
2102	-1000
2103	-1000
2104	-1000
2105	-1000
2106	-1000
2107	-1000
2108	-1000
2109	-1000
2110	-1000
2111	-1000
2112	-1000
2113	-1000
2114	-1000
2115	-1000
2116	-1000
2117	-1000
2118	-1000
2119	-1000
2120	-1000
2121	-1000
2122	-1000
2123	-1000
2124	-1000
2125	-1000
2126	-1000
2127	-1000
2128	-1000
2129	-1000
2130	-1000
2131	-1000
2132	-1000
2133	-1000
2134	-1000
2135	-1000
2136	-1000
2137	-1000
2138	-1000
2139	-1000
2140	-1000
2141	-1000
2142	-1000
2143	-1000
2144	-1000
2145	-1000
2146	-1000
2147	-1000
2148	-1000
2149	-1000
2150	-1000
2151	-1000
2152	-1000
2153	-1000
2154	-1000
2155	-1000
2156	-1000
2157	-1000
2158	-1000
2159	-1000
2160	-1000
2161	-1000
2162	-1000
2163	-1000
2164	-1000
2165	-1000
2166	-1000
2167	-1000
2168	-1000
2169	-1000
2170	-1000
2171	-1000
2172	-1000
2173	-1000
2174	-1000
2175	-1000
2176	-1000
2177	-1000
2178	-1000
2179	-1000
2180	-1000
2181	-1000
2182	-1000
2183	-1000
2184	-1000
2185	-1000
2186	-1000
2187	-1000
2188	-1000
2189	-1000
2190	-1000
2191	-1000
2192	-1000
2193	-1000
2194	-1000
2195	-1000
2196	-1000
2197	-1000
2198	-1000
2199	-1000
2200	-1000
2201	-1000
2202	-1000
2203	-1000
2204	-1000
2205	-1000
2206	-1000
2207	-1000
2208	-1000
2209	-1000
2210	-1000
2211	-1000
2212	-1000
2213	-1000
2214	-1000
2215	-1000
2216	-1000
2217	-1000
2218	-1000
2219	-1000
2220	-1000
2221	-1000
2222	-1000
2223	-1000
2224	-1000
2225	-1000
2226	-1000
2227	-1000
2228	-1000
2229	-1000
2230	-1000
2231	-1000
2232	-1000
2233	-1000
2234	-1000
2235	-1000
2236	-1000
2237	-1000
2238	-1000
2239	-1000
2240	-1000
2241	-1000
2242	-1000
2243	-1000
2244	1
2245	1
2246	1
2247	1
2248	1
2249	1
2250	1
2251	1
2252	1
2253	1
2254	1
2255	1
2256	1
2257	1
2258	1
2259	1
2260	1
2261	1
2262	1
2263	1
2264	1
2265	1
2266	1
2267	1
2268	1
2269	1
2270	1
2271	1
2272	1
2273	1
2274	1
2275	1
2276	1
2277	1
2278	1
2279	1
2280	1
2281	1
2282	1
2283	1
2284	1
2285	1
2286	1
2287	1
2288	1
2289	1
2290	1
2291	1
2292	1
2293	1
2294	1
2295	1
2296	1
2297	1
2298	1
2299	1
2300	1
2301	1
2302	1
2303	1
2304	1
2305	1
2306	1
2307	1
2308	1
2309	1
2310	1
2311	1
2312	1
2313	1
2314	1
2315	1
2316	1
2317	1
2318	1
2319	1
2320	1
2321	1
2322	1
2323	1
2324	1
2325	1
2326	1
2327	1
2328	1
2329	1
2330	1
2331	1
2332	1
2333	1
2334	1
2335	1
2336	1
2337	1
2338	1
2339	1
2340	1
2341	1
2342	1
2343	1
2344	1
2345	1
2346	1
2347	1
2348	1
2349	1
2350	1
2351	1
2352	1
2353	1
2354	1
2355	1
2356	1
2357	1
2358	1
2359	1
2360	1
2361	1
2362	1
2363	1
2364	1
2365	1
2366	1
2367	1
2368	1
2369	1
2370	1
2371	1
2372	1
2373	1
2374	1
2375	1
2376	1
2377	1
2378	1
2379	1
2380	1
2381	1
2382	1
2383	1
2384	1
2385	1
2386	1
2387	1
2388	1
2389	1
2390	1
2391	1
2392	1
2393	1
2394	1
2395	1
2396	1
2397	1
2398	1
2399	1
2400	1
2401	1
2402	1
2403	1
2404	1
2405	1
2406	1
2407	1
2408	1
2409	1
2410	1
2411	1
2412	1
2413	1
2414	1
2415	1
2416	1
2417	1
2418	1
2419	1
2420	1
2421	1
2422	1
2423	1
2424	1
2425	1
2426	1
2427	1
2428	1
2429	1
2430	1
2431	1
2432	1
2433	1
2434	1
2435	1
2436	1
2437	1
2438	1
2439	1
2440	1
2441	1
2442	1
2443	1
2444	1
2445	1
2446	1
2447	1
2448	1
2449	1
2450	1
2451	1
2452	1
2453	1
2454	1
2455	1
2456	1
2457	1
2458	1
2459	1
2460	1
2461	1
2462	1
2463	1
2464	1
2465	1
2466	1
2467	1
2468	1
2469	1
2470	1
2471	1
2472	1
2473	1
2474	1
2475	1
2476	1
2477	1
2478	1
2479	1
2480	1
2481	1
2482	1
2483	1
2484	1
2485	1
2486	1
2487	1
2488	1
2489	1
2490	1
2491	1
2492	1
2493	1
2494	1
2495	1
2496	1
2497	1
2498	1
2499	1
2500	1
2501	1
2502	1
2503	1
2504	1
2505	1
2506	1
2507	1
2508	1
2509	1
2510	1
2511	1
2512	1
2513	1
2514	1
2515	1
2516	1
2517	1
2518	1
2519	1
2520	1
2521	1
2522	1
2523	1
2524	1
2525	1
2526	1
2527	1
2528	1
2529	1
2530	-1000
2531	-1000
2532	-1000
2533	-1000
2534	-1000
2535	-1000
2536	-1000
2537	-1000
2538	-1000
2539	-1000
2540	-1000
2541	-1000
2542	-1000
2543	-1000
2544	-1000
2545	-1000
2546	-1000
2547	-1000
2548	-1000
2549	-1000
2550	-1000
2551	-1000
2552	-1000
2553	-1000
2554	-1000
2555	-1000
2556	-1000
2557	-1000
2558	-1000
2559	-1000
2560	-1000
2561	-1000
2562	-1000
2563	-1000
2564	-1000
2565	-1000
2566	-1000
2567	-1000
2568	-1000
2569	-1000
2570	-1000
2571	-1000
2572	-1000
2573	-1000
2574	-1000
2575	-1000
2576	-1000
2577	-1000
2578	-1000
2579	-1000
2580	-1000
2581	-1000
2582	-1000
2583	-1000
2584	-1000
2585	-1000
2586	-1000
2587	-1000
2588	-1000
2589	-1000
2590	-1000
2591	-1000
2592	-1000
2593	-1000
2594	-1000
2595	-1000
2596	-1000
2597	-1000
2598	-1000
2599	-1000
2600	-1000
2601	-1000
2602	-1000
2603	-1000
2604	-1000
2605	-1000
2606	-1000
2607	-1000
2608	-1000
2609	-1000
2610	-1000
2611	-1000
2612	-1000
2613	-1000
2614	-1000
2615	-1000
2616	-1000
2617	-1000
2618	-1000
2619	-1000
2620	-1000
2621	-1000
2622	-1000
2623	-1000
2624	-1000
2625	-1000
2626	-1000
2627	-1000
2628	-1000
2629	-1000
2630	-1000
2631	-1000
2632	-1000
2633	-1000
2634	-1000
2635	-1000
2636	-1000
2637	-1000
2638	-1000
2639	-1000
2640	-1000
2641	-1000
2642	-1000
2643	-1000
2644	-1000
2645	-1000
2646	-1000
2647	-1000
2648	-1000
2649	-1000
2650	-1000
2651	-1000
2652	-1000
2653	-1000
2654	-1000
2655	-1000
2656	-1000
2657	-1000
2658	-1000
2659	-1000
2660	-1000
2661	-1000
2662	-1000
2663	-1000
2664	-1000
2665	-1000
2666	-1000
2667	-1000
2668	-1000
2669	-1000
2670	-1000
2671	-1000
2672	-1000
2673	-1000
2674	-1000
2675	-1000
2676	-1000
2677	-1000
2678	-1000
2679	-1000
2680	-1000
2681	-1000
2682	-1000
2683	-1000
2684	-1000
2685	-1000
2686	-1000
2687	-1000
2688	-1000
2689	-1000
2690	-1000
2691	-1000
2692	-1000
2693	-1000
2694	-1000
2695	-1000
2696	-1000
2697	-1000
2698	-1000
2699	-1000
2700	-1000
2701	-1000
2702	-1000
2703	-1000
2704	-1000
2705	-1000
2706	-1000
2707	-1000
2708	-1000
2709	-1000
2710	-1000
2711	-1000
2712	-1000
2713	-1000
2714	-1000
2715	-1000
2716	-1000
2717	-1000
2718	-1000
2719	-1000
2720	-1000
2721	-1000
2722	-1000
2723	-1000
2724	-1000
2725	-1000
2726	-1000
2727	-1000
2728	-1000
2729	-1000
2730	-1000
2731	-1000
2732	-1000
2733	-1000
2734	-1000
2735	-1000
2736	-1000
2737	-1000
2738	-1000
2739	-1000
2740	-1000
2741	-1000
2742	-1000
2743	-1000
2744	-1000
2745	-1000
2746	-1000
2747	-1000
2748	-1000
2749	-1000
2750	-1000
2751	-1000
2752	-1000
2753	-1000
2754	-1000
2755	-1000
2756	-1000
2757	-1000
2758	-1000
2759	-1000
2760	-1000
2761	-1000
2762	-1000
2763	-1000
2764	-1000
2765	-1000
2766	-1000
2767	-1000
2768	-1000
2769	-1000
2770	-1000
2771	-1000
2772	-1000
2773	-1000
2774	-1000
2775	-1000
2776	-1000
2777	-1000
2778	-1000
2779	-1000
2780	-1000
2781	-1000
2782	-1000
2783	-1000
2784	-1000
2785	-1000
2786	-1000
2787	-1000
2788	-1000
2789	-1000
2790	-1000
2791	-1000
2792	-1000
2793	-1000
2794	-1000
2795	-1000
2796	-1000
2797	-1000
2798	-1000
2799	-1000
2800	-1000
2801	-1000
2802	-1000
2803	-1000
2804	-1000
2805	-1000
2806	-1000
2807	-1000
2808	-1000
2809	-1000
2810	-1000
2811	-1000
2812	-1000
2813	-1000
2814	-1000
2815	-1000
2816	-1000
2817	-1000
2818	-1000
2819	-1000
2820	-1000
2821	-1000
2822	-1000
2823	-1000
2824	-1000
2825	-1000
2826	-1000
2827	-1000
2828	-1000
2829	-1000
2830	-1000
2831	-1000
2832	-1000
2833	-1000
2834	-1000
2835	-1000
2836	-1000
2837	-1000
2838	-1000
2839	-1000
2840	-1000
2841	-1000
2842	-1000
2843	-1000
2844	-1000
2845	-1000
2846	-1000
2847	-1000
2848	-1000
2849	-1000
2850	-1000
2851	-1000
2852	-1000
2853	-1000
2854	-1000
2855	-1000
2856	-1000
2857	-1000
2858	-1000
2859	-1000
2860	-1000
2861	-1000
2862	-1000
2863	-1000
2864	-1000
2865	-1000
2866	-1000
2867	-1000
2868	-1000
2869	-1000
2870	-1000
2871	-1000
2872	-1000
2873	-1000
2874	-1000
2875	-1000
2876	-1000
2877	-1000
2878	-1000
2879	-1000
2880	-1000
2881	-1000
2882	-1000
2883	-1000
2884	-1000
2885	-1000
2886	-1000
2887	-1000
2888	-1000
2889	-1000
2890	-1000
2891	-1000
2892	-1000
2893	-1000
2894	-1000
2895	-1000
2896	-1000
2897	-1000
2898	-1000
2899	-1000
2900	-1000
2901	-1000
2902	-1000
2903	-1000
2904	-1000
2905	-1000
2906	-1000
2907	-1000
2908	-1000
2909	-1000
2910	-1000
2911	-1000
2912	-1000
2913	-1000
2914	-1000
2915	-1000
2916	-1000
2917	-1000
2918	-1000
2919	-1000
2920	-1000
2921	-1000
2922	-1000
2923	-1000
2924	-1000
2925	-1000
2926	-1000
2927	-1000
2928	-1000
2929	-1000
2930	-1000
2931	-1000
2932	-1000
2933	-1000
2934	-1000
2935	-1000
2936	-1000
2937	-1000
2938	-1000
2939	-1000
2940	-1000
2941	-1000
2942	-1000
2943	-1000
2944	-1000
2945	-1000
2946	-1000
2947	-1000
2948	-1000
2949	-1000
2950	-1000
2951	-1000
2952	-1000
2953	-1000
2954	-1000
2955	-1000
2956	-1000
2957	-1000
2958	-1000
2959	-1000
2960	-1000
2961	-1000
2962	-1000
2963	-1000
2964	-1000
2965	-1000
2966	-1000
2967	-1000
2968	-1000
2969	-1000
2970	-1000
2971	-1000
2972	-1000
2973	-1000
2974	-1000
2975	-1000
2976	-1000
2977	-1000
2978	-1000
2979	-1000
2980	-1000
2981	-1000
2982	-1000
2983	-1000
2984	-1000
2985	-1000
2986	-1000
2987	-1000
2988	-1000
2989	-1000
2990	-1000
2991	-1000
2992	-1000
2993	-1000
2994	-1000
2995	-1000
2996	-1000
2997	-1000
2998	-1000
2999	-1000
3000	-1000
3001	-1000
3002	-1000
3003	-1000
3004	-1000
3005	-1000
3006	-1000
3007	-1000
3008	-1000
3009	-1000
3010	-1000
3011	-1000
3012	-1000
3013	-1000
3014	-1000
3015	-1000
3016	-1000
3017	-1000
3018	-1000
3019	-1000
3020	-1000
3021	-1000
3022	-1000
3023	-1000
3024	-1000
3025	-1000
3026	-1000
3027	-1000
3028	-1000
3029	-1000
3030	-1000
3031	-1000
3032	-1000
3033	-1000
3034	-1000
3035	-1000
3036	-1000
3037	-1000
3038	-1000
3039	-1000
3040	-1000
3041	-1000
3042	-1000
3043	-1000
3044	-1000
3045	-1000
3046	-1000
3047	-1000
3048	-1000
3049	-1000
3050	-1000
3051	-1000
3052	-1000
3053	-1000
3054	-1000
3055	-1000
3056	-1000
3057	-1000
3058	-1000
3059	-1000
3060	-1000
3061	-1000
3062	-1000
3063	-1000
3064	-1000
3065	-1000
3066	-1000
3067	-1000
3068	-1000
3069	-1000
3070	-1000
3071	-1000
3072	-1000
3073	-1000
3074	-1000
3075	-1000
3076	-1000
3077	-1000
3078	-1000
3079	-1000
3080	-1000
3081	-1000
3082	-1000
3083	-1000
3084	-1000
3085	-1000
3086	-1000
3087	-1000
3088	-1000
3089	-1000
3090	-1000
3091	-1000
3092	-1000
3093	-1000
3094	-1000
3095	-1000
3096	-1000
3097	-1000
3098	-1000
3099	-1000
3100	7
3101	7
3102	7
3103	7
3104	7
3105	7
3106	7
3107	7
3108	7
3109	7
3110	7
3111	7
3112	7
3113	7
3114	7
3115	7
3116	7
3117	7
3118	7
3119	7
3120	7
3121	7
3122	7
3123	7
3124	7
3125	7
3126	7
3127	7
3128	7
3129	7
3130	7
3131	7
3132	7
3133	7
3134	7
3135	7
3136	7
3137	7
3138	7
3139	7
3140	7
3141	7
3142	7
3143	7
3144	7
3145	7
3146	7
3147	7
3148	7
3149	7
3150	7
3151	7
3152	7
3153	7
3154	7
3155	7
3156	7
3157	7
3158	7
3159	7
3160	7
3161	7
3162	7
3163	7
3164	7
3165	7
3166	7
3167	7
3168	7
3169	7
3170	7
3171	7
3172	7
3173	7
3174	7
3175	7
3176	7
3177	7
3178	7
3179	7
3180	7
3181	7
3182	7
3183	7
3184	7
3185	7
3186	7
3187	7
3188	7
3189	7
3190	7
3191	7
3192	7
3193	7
3194	7
3195	7
3196	7
3197	7
3198	7
3199	7
3200	7
3201	7
3202	7
3203	7
3204	7
3205	7
3206	7
3207	7
3208	7
3209	7
3210	7
3211	7
3212	7
3213	7
3214	7
3215	7
3216	7
3217	7
3218	7
3219	7
3220	7
3221	7
3222	7
3223	7
3224	7
3225	7
3226	7
3227	7
3228	7
3229	7
3230	7
3231	7
3232	7
3233	7
3234	7
3235	7
3236	7
3237	7
3238	7
3239	7
3240	7
3241	7
3242	7
3243	7
3244	7
3245	7
3246	7
3247	7
3248	7
3249	7
3250	7
3251	7
3252	7
3253	7
3254	7
3255	7
3256	7
3257	7
3258	7
3259	7
3260	7
3261	7
3262	7
3263	7
3264	7
3265	7
3266	7
3267	7
3268	7
3269	7
3270	7
3271	7
3272	7
3273	7
3274	7
3275	7
3276	7
3277	7
3278	7
3279	7
3280	7
3281	7
3282	7
3283	7
3284	7
3285	7
3286	7
3287	7
3288	7
3289	7
3290	7
3291	7
3292	7
3293	7
3294	7
3295	7
3296	7
3297	7
3298	7
3299	7
3300	7
3301	7
3302	7
3303	7
3304	7
3305	7
3306	7
3307	7
3308	7
3309	7
3310	7
3311	7
3312	7
3313	7
3314	7
3315	7
3316	7
3317	7
3318	7
3319	7
3320	7
3321	7
3322	7
3323	7
3324	7
3325	7
3326	7
3327	7
3328	7
3329	7
3330	7
3331	7
3332	7
3333	7
3334	7
3335	7
3336	7
3337	7
3338	7
3339	7
3340	7
3341	7
3342	7
3343	7
3344	7
3345	7
3346	7
3347	7
3348	7
3349	7
3350	7
3351	7
3352	7
3353	7
3354	7
3355	7
3356	7
3357	7
3358	7
3359	7
3360	7
3361	7
3362	7
3363	7
3364	7
3365	7
3366	7
3367	7
3368	7
3369	7
3370	7
3371	7
3372	7
3373	7
3374	7
3375	7
3376	7
3377	7
3378	7
3379	7
3380	7
3381	7
3382	7
3383	7
3384	7
3385	7
3386	7
3387	7
3388	7
3389	7
3390	7
3391	7
3392	7
3393	7
3394	7
3395	7
3396	7
3397	-1000
3398	-1000
3399	-1000
3400	-1000
3401	-1000
3402	-1000
3403	-1000
3404	-1000
3405	-1000
3406	-1000
3407	-1000
3408	-1000
3409	-1000
3410	-1000
3411	-1000
3412	-1000
3413	-1000
3414	-1000
3415	-1000
3416	-1000
3417	-1000
3418	-1000
3419	-1000
3420	-1000
3421	-1000
3422	-1000
3423	-1000
3424	-1000
3425	-1000
3426	-1000
3427	-1000
3428	-1000
3429	-1000
3430	-1000
3431	-1000
3432	-1000
3433	-1000
3434	-1000
3435	-1000
3436	-1000
3437	-1000
3438	-1000
3439	-1000
3440	-1000
3441	-1000
3442	-1000
3443	-1000
3444	-1000
3445	-1000
3446	-1000
3447	-1000
3448	-1000
3449	-1000
3450	-1000
3451	-1000
3452	-1000
3453	-1000
3454	-1000
3455	-1000
3456	-1000
3457	-1000
3458	-1000
3459	-1000
3460	-1000
3461	-1000
3462	-1000
3463	-1000
3464	-1000
3465	-1000
3466	-1000
3467	-1000
3468	-1000
3469	-1000
3470	-1000
3471	-1000
3472	-1000
3473	-1000
3474	-1000
3475	-1000
3476	-1000
3477	-1000
3478	-1000
3479	-1000
3480	-1000
3481	-1000
3482	-1000
3483	-1000
3484	-1000
3485	-1000
3486	-1000
3487	-1000
3488	-1000
3489	-1000
3490	-1000
3491	-1000
3492	-1000
3493	-1000
3494	-1000
3495	-1000
3496	-1000
3497	-1000
3498	-1000
3499	-1000
3500	-1000
3501	-1000
3502	-1000
3503	-1000
3504	-1000
3505	-1000
3506	-1000
3507	-1000
3508	-1000
3509	-1000
3510	-1000
3511	-1000
3512	-1000
3513	-1000
3514	-1000
3515	-1000
3516	-1000
3517	-1000
3518	-1000
3519	-1000
3520	-1000
3521	2
3522	2
3523	2
3524	2
3525	2
3526	2
3527	2
3528	2
3529	2
3530	2
3531	2
3532	2
3533	2
3534	2
3535	2
3536	2
3537	2
3538	2
3539	2
3540	2
3541	2
3542	2
3543	2
3544	2
3545	2
3546	2
3547	2
3548	2
3549	2
3550	2
3551	2
3552	2
3553	2
3554	2
3555	2
3556	2
3557	2
3558	2
3559	2
3560	2
3561	2
3562	2
3563	2
3564	2
3565	2
3566	2
3567	2
3568	2
3569	2
3570	2
3571	2
3572	2
3573	2
3574	2
3575	2
3576	2
3577	2
3578	2
3579	2
3580	2
3581	2
3582	2
3583	2
3584	2
3585	2
3586	2
3587	2
3588	2
3589	2
3590	2
3591	2
3592	2
3593	2
3594	2
3595	2
3596	2
3597	2
3598	2
3599	2
3600	2
3601	2
3602	2
3603	2
3604	2
3605	2
3606	2
3607	2
3608	2
3609	2
3610	2
3611	2
3612	2
3613	2
3614	2
3615	2
3616	2
3617	2
3618	2
3619	2
3620	2
3621	2
3622	2
3623	2
3624	2
3625	2
3626	2
3627	2
3628	2
3629	2
3630	2
3631	2
3632	2
3633	2
3634	2
3635	2
3636	2
3637	2
3638	2
3639	2
3640	2
3641	2
3642	2
3643	2
3644	2
3645	2
3646	2
3647	2
3648	2
3649	2
3650	2
3651	2
3652	2
3653	2
3654	2
3655	2
3656	2
3657	2
3658	2
3659	2
3660	2
3661	2
3662	2
3663	2
3664	2
3665	2
3666	2
3667	2
3668	2
3669	2
3670	2
3671	2
3672	2
3673	2
3674	2
3675	2
3676	2
3677	2
3678	2
3679	2
3680	2
3681	2
3682	2
3683	2
3684	2
3685	2
3686	2
3687	2
3688	2
3689	2
3690	2
3691	2
3692	2
3693	2
3694	2
3695	2
3696	2
3697	2
3698	2
3699	2
3700	2
3701	2
3702	2
3703	2
3704	2
3705	2
3706	2
3707	2
3708	2
3709	2
3710	2
3711	2
3712	2
3713	2
3714	2
3715	2
3716	2
3717	2
3718	2
3719	2
3720	2
3721	2
3722	2
3723	2
3724	2
3725	2
3726	2
3727	2
3728	2
3729	2
3730	2
3731	2
3732	2
3733	2
3734	2
3735	2
3736	2
3737	2
3738	2
3739	2
3740	2
3741	2
3742	2
3743	2
3744	2
3745	2
3746	2
3747	2
3748	2
3749	2
3750	2
3751	2
3752	2
3753	2
3754	2
3755	2
3756	2
3757	2
3758	2
3759	2
3760	2
3761	2
3762	2
3763	2
3764	2
3765	2
3766	2
3767	2
3768	2
3769	2
3770	2
3771	2
3772	2
3773	2
3774	2
3775	2
3776	2
3777	2
3778	2
3779	2
3780	2
3781	2
3782	2
3783	2
3784	2
3785	2
3786	2
3787	2
3788	2
3789	2
3790	2
3791	2
3792	2
3793	2
3794	2
3795	2
3796	2
3797	2
3798	2
3799	2
3800	2
3801	2
3802	2
3803	2
3804	2
3805	2
3806	2
3807	2
3808	2
3809	2
3810	2
3811	2
3812	2
3813	2
3814	2
3815	2
3816	2
3817	2
3818	2
3819	2
3820	2
3821	2
3822	2
3823	2
3824	2
3825	2
3826	2
3827	2
3828	2
3829	2
3830	2
3831	2
3832	2
3833	2
3834	2
3835	2
3836	2
3837	2
3838	2
3839	2
3840	2
3841	2
3842	2
3843	2
3844	2
3845	2
3846	2
3847	2
3848	2
3849	2
3850	2
3851	2
3852	2
3853	2
3854	2
3855	2
3856	2
3857	2
3858	2
3859	2
3860	2
3861	2
3862	2
3863	2
3864	2
3865	2
3866	2
3867	2
3868	2
3869	2
3870	2
3871	2
3872	2
3873	2
3874	2
3875	2
3876	2
3877	2
3878	2
3879	2
3880	2
3881	2
3882	2
3883	2
3884	2
3885	2
3886	2
3887	2
3888	2
3889	2
3890	2
3891	2
3892	2
3893	2
3894	2
3895	2
3896	2
3897	2
3898	2
3899	2
3900	2
3901	2
3902	2
3903	2
3904	2
3905	2
3906	2
3907	2
3908	2
3909	2
3910	2
3911	2
3912	2
3913	2
3914	2
3915	2
3916	2
3917	2
3918	2
3919	2
3920	2
3921	2
3922	2
3923	2
3924	2
3925	2
3926	2
3927	2
3928	2
3929	2
3930	2
3931	2
3932	2
3933	2
3934	2
3935	2
3936	2
3937	2
3938	2
3939	2
3940	2
3941	2
3942	2
3943	2
3944	2
3945	2
3946	2
3947	2
3948	2
3949	2
3950	2
3951	2
3952	2
3953	2
3954	2
3955	2
3956	2
3957	-1000
3958	-1000
3959	-1000
3960	-1000
3961	-1000
3962	-1000
3963	-1000
3964	-1000
3965	-1000
3966	-1000
3967	-1000
3968	-1000
3969	-1000
3970	-1000
3971	-1000
3972	-1000
3973	-1000
3974	-1000
3975	-1000
3976	-1000
3977	-1000
3978	-1000
3979	-1000
3980	-1000
3981	-1000
3982	-1000
3983	-1000
3984	-1000
3985	-1000
3986	-1000
3987	-1000
3988	-1000
3989	-1000
3990	-1000
3991	-1000
3992	-1000
3993	-1000
3994	-1000
3995	-1000
3996	-1000
3997	-1000
3998	-1000
3999	-1000
4000	-1000
4001	-1000
4002	-1000
4003	-1000
4004	-1000
4005	-1000
4006	-1000
4007	-1000
4008	-1000
4009	-1000
4010	-1000
4011	-1000
4012	-1000
4013	-1000
4014	-1000
4015	-1000
4016	-1000
4017	-1000
4018	-1000
4019	-1000
4020	-1000
4021	-1000
4022	-1000
4023	-1000
4024	-1000
4025	-1000
4026	-1000
4027	-1000
4028	-1000
4029	-1000
4030	-1000
4031	-1000
4032	-1000
4033	-1000
4034	-1000
4035	-1000
4036	-1000
4037	-1000
4038	-1000
4039	-1000
4040	-1000
4041	-1000
4042	-1000
4043	-1000
4044	-1000
4045	-1000
4046	-1000
4047	-1000
4048	-1000
4049	-1000
4050	-1000
4051	-1000
4052	-1000
4053	-1000
4054	-1000
4055	-1000
4056	-1000
4057	-1000
4058	-1000
4059	-1000
4060	-1000
4061	-1000
4062	-1000
4063	-1000
4064	-1000
4065	-1000
4066	-1000
4067	-1000
4068	-1000
4069	-1000
4070	-1000
4071	-1000
4072	-1000
4073	-1000
4074	-1000
4075	-1000
4076	-1000
4077	-1000
4078	-1000
4079	-1000
4080	-1000
4081	-1000
4082	-1000
4083	-1000
4084	-1000
4085	-1000
4086	-1000
4087	-1000
4088	-1000
4089	-1000
4090	-1000
4091	-1000
4092	-1000
4093	-1000
4094	-1000
4095	-1000
4096	-1000
4097	-1000
4098	-1000
4099	-1000
4100	-1000
4101	-1000
4102	-1000
4103	-1000
4104	-1000
4105	-1000
4106	-1000
4107	-1000
4108	-1000
4109	-1000
4110	-1000
4111	-1000
4112	-1000
4113	-1000
4114	-1000
4115	-1000
4116	-1000
4117	-1000
4118	-1000
4119	-1000
4120	-1000
4121	-1000
4122	-1000
4123	-1000
4124	-1000
4125	-1000
4126	-1000
4127	-1000
4128	-1000
4129	-1000
4130	-1000
4131	-1000
4132	-1000
4133	-1000
4134	-1000
4135	-1000
4136	-1000
4137	-1000
4138	-1000
4139	-1000
4140	-1000
4141	-1000
4142	-1000
4143	-1000
4144	-1000
4145	-1000
4146	-1000
4147	-1000
4148	-1000
4149	-1000
4150	-1000
4151	-1000
4152	-1000
4153	-1000
4154	-1000
4155	-1000
4156	-1000
4157	-1000
4158	-1000
4159	-1000
4160	-1000
4161	-1000
4162	-1000
4163	-1000
4164	-1000
4165	-1000
4166	-1000
4167	-1000
4168	-1000
4169	-1000
4170	-1000
4171	-1000
4172	-1000
4173	-1000
4174	-1000
4175	-1000
4176	-1000
4177	-1000
4178	-1000
4179	-1000
4180	-1000
4181	-1000
4182	-1000
4183	-1000
4184	-1000
4185	-1000
4186	-1000
4187	-1000
4188	-1000
4189	-1000
4190	-1000
4191	-1000
4192	-1000
4193	-1000
4194	-1000
4195	-1000
4196	-1000
4197	-1000
4198	-1000
4199	-1000
4200	-1000
4201	-1000
4202	-1000
4203	-1000
4204	-1000
4205	-1000
4206	-1000
4207	-1000
4208	-1000
4209	-1000
4210	-1000
4211	-1000
4212	-1000
4213	-1000
4214	-1000
4215	-1000
4216	-1000
4217	-1000
4218	-1000
4219	-1000
4220	-1000
4221	-1000
4222	-1000
4223	-1000
4224	-1000
4225	-1000
4226	-1000
4227	-1000
4228	-1000
4229	-1000
4230	-1000
4231	-1000
4232	-1000
4233	-1000
4234	-1000
4235	-1000
4236	-1000
4237	-1000
4238	-1000
4239	-1000
4240	-1000
4241	-1000
4242	-1000
4243	-1000
4244	-1000
4245	-1000
4246	-1000
4247	-1000
4248	-1000
4249	-1000
4250	-1000
4251	-1000
4252	-1000
4253	-1000
4254	-1000
4255	-1000
4256	-1000
4257	-1000
4258	-1000
4259	-1000
4260	-1000
4261	-1000
4262	-1000
4263	-1000
4264	-1000
4265	-1000
4266	-1000
4267	-1000
4268	-1000
4269	-1000
4270	-1000
4271	-1000
4272	-1000
4273	-1000
4274	-1000
4275	-1000
4276	-1000
4277	-1000
4278	-1000
4279	-1000
4280	-1000
4281	-1000
4282	-1000
4283	-1000
4284	-1000
4285	-1000
4286	-1000
4287	-1000
4288	-1000
4289	-1000
4290	-1000
4291	-1000
4292	-1000
4293	-1000
4294	-1000
4295	-1000
4296	-1000
4297	-1000
4298	-1000
4299	-1000
4300	-1000
4301	-1000
4302	-1000
4303	-1000
4304	-1000
4305	-1000
4306	-1000
4307	-1000
4308	-1000
4309	-1000
4310	-1000
4311	-1000
4312	-1000
4313	-1000
4314	-1000
4315	-1000
4316	-1000
4317	-1000
4318	-1000
4319	-1000
4320	-1000
4321	-1000
4322	-1000
4323	-1000
4324	-1000
4325	-1000
4326	-1000
4327	-1000
4328	-1000
4329	-1000
4330	-1000
4331	-1000
4332	-1000
4333	-1000
4334	-1000
4335	-1000
4336	-1000
4337	-1000
4338	-1000
4339	-1000
4340	-1000
4341	-1000
4342	-1000
4343	-1000
4344	-1000
4345	-1000
4346	-1000
4347	-1000
4348	-1000
4349	-1000
4350	-1000
4351	-1000
4352	-1000
4353	-1000
4354	-1000
4355	-1000
4356	-1000
4357	-1000
4358	-1000
4359	-1000
4360	-1000
4361	-1000
4362	-1000
4363	-1000
4364	-1000
4365	-1000
4366	-1000
4367	-1000
4368	-1000
4369	-1000
4370	-1000
4371	-1000
4372	-1000
4373	-1000
4374	-1000
4375	-1000
4376	-1000
4377	-1000
4378	-1000
4379	-1000
4380	-1000
4381	-1000
4382	-1000
4383	-1000
4384	-1000
4385	-1000
4386	-1000
4387	-1000
4388	-1000
4389	-1000
4390	-1000
4391	-1000
4392	-1000
4393	-1000
4394	-1000
4395	-1000
4396	-1000
4397	-1000
4398	-1000
4399	-1000
4400	-1000
4401	-1000
4402	-1000
4403	-1000
4404	-1000
4405	-1000
4406	-1000
4407	-1000
4408	-1000
4409	-1000
4410	-1000
4411	-1000
4412	-1000
4413	-1000
4414	-1000
4415	-1000
4416	-1000
4417	-1000
4418	-1000
4419	-1000
4420	-1000
4421	-1000
4422	-1000
4423	-1000
4424	-1000
4425	-1000
4426	-1000
4427	-1000
4428	-1000
4429	-1000
4430	-1000
4431	-1000
4432	-1000
4433	-1000
4434	-1000
4435	-1000
4436	-1000
4437	-1000
4438	-1000
4439	-1000
4440	-1000
4441	-1000
4442	-1000
4443	-1000
4444	-1000
4445	-1000
4446	-1000
4447	-1000
4448	-1000
4449	-1000
4450	-1000
4451	-1000
4452	-1000
4453	-1000
4454	-1000
4455	-1000
4456	-1000
4457	-1000
4458	-1000
4459	-1000
4460	-1000
4461	-1000
4462	-1000
4463	-1000
4464	-1000
4465	-1000
4466	-1000
4467	-1000
4468	-1000
4469	-1000
4470	-1000
4471	-1000
4472	-1000
4473	-1000
4474	-1000
4475	-1000
4476	-1000
4477	-1000
4478	-1000
4479	-1000
4480	-1000
4481	-1000
4482	-1000
4483	-1000
4484	-1000
4485	-1000
4486	-1000
4487	-1000
4488	-1000
4489	-1000
4490	-1000
4491	-1000
4492	-1000
4493	-1000
4494	-1000
4495	-1000
4496	-1000
4497	-1000
4498	-1000
4499	-1000
4500	-1000
4501	-1000
4502	-1000
4503	-1000
4504	-1000
4505	-1000
4506	-1000
4507	-1000
4508	-1000
4509	-1000
4510	-1000
4511	-1000
4512	-1000
4513	-1000
4514	-1000
4515	-1000
4516	-1000
4517	-1000
4518	-1000
4519	-1000
4520	-1000
4521	-1000
4522	-1000
4523	-1000
4524	-1000
4525	-1000
4526	-1000
4527	-1000
4528	-1000
4529	-1000
4530	-1000
4531	-1000
4532	-1000
4533	-1000
4534	-1000
4535	-1000
4536	-1000
4537	-1000
4538	-1000
4539	-1000
4540	-1000
4541	-1000
4542	-1000
4543	-1000
4544	-1000
4545	-1000
4546	-1000
4547	-1000
4548	-1000
4549	-1000
4550	-1000
4551	-1000
4552	-1000
4553	-1000
4554	-1000
4555	-1000
4556	-1000
4557	-1000
4558	-1000
4559	-1000
4560	-1000
4561	-1000
4562	-1000
4563	-1000
4564	-1000
4565	-1000
4566	-1000
4567	-1000
4568	-1000
4569	-1000
4570	-1000
4571	-1000
4572	-1000
4573	-1000
4574	-1000
4575	-1000
4576	-1000
4577	-1000
4578	-1000
4579	-1000
4580	-1000
4581	-1000
4582	-1000
4583	-1000
4584	-1000
4585	-1000
4586	-1000
4587	-1000
4588	-1000
4589	-1000
4590	-1000
4591	-1000
4592	-1000
4593	-1000
4594	-1000
4595	-1000
4596	-1000
4597	-1000
4598	-1000
4599	-1000
4600	-1000
4601	-1000
4602	-1000
4603	-1000
4604	-1000
4605	-1000
4606	-1000
4607	-1000
4608	-1000
4609	-1000
4610	-1000
4611	-1000
4612	-1000
4613	-1000
4614	-1000
4615	-1000
4616	-1000
4617	-1000
4618	-1000
4619	-1000
4620	-1000
4621	-1000
4622	-1000
4623	-1000
4624	-1000
4625	-1000
4626	-1000
4627	-1000
4628	-1000
4629	-1000
4630	-1000
4631	-1000
4632	-1000
4633	-1000
4634	-1000
4635	-1000
4636	-1000
4637	-1000
4638	-1000
4639	-1000
4640	-1000
4641	-1000
4642	-1000
4643	-1000
4644	-1000
4645	-1000
4646	-1000
4647	-1000
4648	-1000
4649	-1000
4650	-1000
4651	-1000
4652	-1000
4653	-1000
4654	-1000
4655	-1000
4656	-1000
4657	-1000
4658	-1000
4659	-1000
4660	-1000
4661	-1000
4662	-1000
4663	-1000
4664	-1000
4665	-1000
4666	-1000
4667	-1000
4668	-1000
4669	-1000
4670	-1000
4671	-1000
4672	-1000
4673	-1000
4674	-1000
4675	-1000
4676	-1000
4677	-1000
4678	-1000
4679	-1000
4680	-1000
4681	-1000
4682	-1000
4683	-1000
4684	-1000
4685	-1000
4686	-1000
4687	-1000
4688	-1000
4689	-1000
4690	-1000
4691	-1000
4692	-1000
4693	-1000
4694	-1000
4695	-1000
4696	-1000
4697	-1000
4698	-1000
4699	-1000
4700	-1000
4701	-1000
4702	-1000
4703	-1000
4704	-1000
4705	-1000
4706	-1000
4707	-1000
4708	-1000
4709	-1000
4710	-1000
4711	-1000
4712	-1000
4713	-1000
4714	-1000
4715	-1000
4716	-1000
4717	-1000
4718	-1000
4719	-1000
4720	-1000
4721	-1000
4722	-1000
4723	-1000
4724	-1000
4725	-1000
4726	-1000
4727	-1000
4728	-1000
4729	-1000
4730	-1000
4731	-1000
4732	-1000
4733	-1000
4734	-1000
4735	-1000
4736	-1000
4737	-1000
4738	-1000
4739	-1000
4740	-1000
4741	-1000
4742	-1000
4743	-1000
4744	-1000
4745	-1000
4746	-1000
4747	-1000
4748	-1000
4749	-1000
4750	-1000
4751	-1000
4752	-1000
4753	-1000
4754	-1000
4755	-1000
4756	-1000
4757	-1000
4758	-1000
4759	-1000
4760	-1000
4761	-1000
4762	-1000
4763	-1000
4764	-1000
4765	-1000
4766	-1000
4767	-1000
4768	-1000
4769	-1000
4770	-1000
4771	-1000
4772	-1000
4773	-1000
4774	-1000
4775	-1000
4776	-1000
4777	-1000
4778	-1000
4779	-1000
4780	-1000
4781	-1000
4782	-1000
4783	-1000
4784	-1000
4785	-1000
4786	-1000
4787	-1000
4788	-1000
4789	-1000
4790	-1000
4791	-1000
4792	-1000
4793	-1000
4794	-1000
4795	-1000
4796	-1000
4797	-1000
4798	-1000
4799	-1000
4800	-1000
4801	-1000
4802	-1000
4803	-1000
4804	-1000
4805	-1000
4806	-1000
4807	-1000
4808	-1000
4809	-1000
4810	-1000
4811	-1000
4812	-1000
4813	-1000
4814	-1000
4815	-1000
4816	-1000
4817	2
4818	2
4819	2
4820	2
4821	2
4822	2
4823	2
4824	2
4825	2
4826	2
4827	2
4828	2
4829	2
4830	2
4831	2
4832	2
4833	2
4834	2
4835	2
4836	2
4837	2
4838	2
4839	2
4840	2
4841	2
4842	2
4843	2
4844	2
4845	2
4846	2
4847	2
4848	2
4849	2
4850	2
4851	2
4852	2
4853	2
4854	2
4855	2
4856	2
4857	2
4858	2
4859	2
4860	2
4861	2
4862	2
4863	2
4864	2
4865	2
4866	2
4867	2
4868	2
4869	2
4870	2
4871	2
4872	2
4873	2
4874	2
4875	-1000
4876	-1000
4877	-1000
4878	-1000
4879	-1000
4880	-1000
4881	-1000
4882	-1000
4883	-1000
4884	-1000
4885	-1000
4886	-1000
4887	-1000
4888	-1000
4889	-1000
4890	-1000
4891	-1000
4892	-1000
4893	-1000
4894	-1000
4895	-1000
4896	-1000
4897	-1000
4898	-1000
4899	-1000
4900	-1000
4901	-1000
4902	-1000
4903	-1000
4904	-1000
4905	-1000
4906	-1000
4907	-1000
4908	-1000
4909	-1000
4910	-1000
4911	-1000
4912	-1000
4913	-1000
4914	-1000
4915	-1000
4916	-1000
4917	-1000
4918	-1000
4919	-1000
4920	-1000
4921	-1000
4922	-1000
4923	-1000
4924	-1000
4925	-1000
4926	-1000
4927	-1000
4928	-1000
4929	-1000
4930	-1000
4931	-1000
4932	-1000
4933	-1000
4934	-1000
4935	-1000
4936	-1000
4937	-1000
4938	-1000
4939	-1000
4940	-1000
4941	-1000
4942	-1000
4943	2
4944	2
4945	2
4946	2
4947	2
4948	2
4949	2
4950	2
4951	2
4952	2
4953	2
4954	2
4955	2
4956	2
4957	2
4958	2
4959	2
4960	2
4961	2
4962	2
4963	2
4964	2
4965	2
4966	2
4967	2
4968	2
4969	2
4970	2
4971	2
4972	2
4973	2
4974	2
4975	2
4976	2
4977	2
4978	2
4979	2
4980	2
4981	2
4982	2
4983	2
4984	2
4985	2
4986	2
4987	2
4988	2
4989	2
4990	2
4991	2
4992	2
4993	2
4994	2
4995	2
4996	2
4997	2
4998	2
4999	2
5000	2
5001	2
5002	2
5003	2
5004	2
5005	2
5006	2
5007	2
5008	2
5009	2
5010	2
5011	2
5012	2
5013	2
5014	2
5015	2
5016	2
5017	2
5018	2
5019	2
5020	2
5021	2
5022	2
5023	2
5024	2
5025	2
5026	2
5027	2
5028	2
5029	2
5030	2
5031	2
5032	2
5033	2
5034	2
5035	2
5036	2
5037	2
5038	2
5039	2
5040	2
5041	2
5042	2
5043	2
5044	2
5045	2
5046	2
5047	2
5048	2
5049	2
5050	2
5051	2
5052	2
5053	2
5054	2
5055	2
5056	2
5057	2
5058	2
5059	2
5060	2
5061	2
5062	2
5063	2
5064	2
5065	2
5066	2
5067	2
5068	2
5069	2
5070	2
5071	2
5072	2
5073	2
5074	2
5075	2
5076	2
5077	2
5078	2
5079	2
5080	2
5081	2
5082	2
5083	2
5084	2
5085	2
5086	2
5087	2
5088	2
5089	2
5090	2
5091	2
5092	2
5093	2
5094	2
5095	2
5096	2
5097	2
5098	2
5099	2
5100	2
5101	2
5102	2
5103	2
5104	2
5105	2
5106	2
5107	2
5108	2
5109	2
5110	2
5111	2
5112	2
5113	2
5114	2
5115	2
5116	2
5117	2
5118	2
5119	2
5120	2
5121	2
5122	2
5123	2
5124	2
5125	2
5126	2
5127	2
5128	2
5129	2
5130	2
5131	2
5132	2
5133	2
5134	2
5135	2
5136	2
5137	2
5138	2
5139	2
5140	2
5141	2
5142	2
5143	2
5144	2
5145	2
5146	2
5147	2
5148	2
5149	2
5150	2
5151	2
5152	2
5153	2
5154	2
5155	2
5156	2
5157	2
5158	2
5159	2
5160	2
5161	2
5162	2
5163	2
5164	2
5165	2
5166	2
5167	2
5168	2
5169	2
5170	2
5171	2
5172	2
5173	2
5174	2
5175	2
5176	2
5177	2
5178	2
5179	2
5180	2
5181	2
5182	2
5183	2
5184	2
5185	2
5186	2
5187	2
5188	2
5189	2
5190	2
5191	2
5192	2
5193	2
5194	2
5195	2
5196	2
5197	2
5198	2
5199	2
5200	2
5201	2
5202	2
5203	2
5204	2
5205	2
5206	2
5207	2
5208	2
5209	2
5210	2
5211	2
5212	2
5213	2
5214	2
5215	2
5216	2
5217	2
5218	2
5219	2
5220	2
5221	2
5222	2
5223	2
5224	2
5225	2
5226	2
5227	2
5228	2
5229	2
5230	2
5231	2
5232	2
5233	2
5234	2
5235	2
5236	2
5237	2
5238	2
5239	2
5240	2
5241	2
5242	2
5243	2
5244	2
5245	2
5246	2
5247	2
5248	2
5249	2
5250	2
5251	2
5252	2
5253	2
5254	2
5255	2
5256	2
5257	2
5258	2
5259	2
5260	2
5261	2
5262	2
5263	2
5264	2
5265	2
5266	2
5267	2
5268	2
5269	2
5270	2
5271	2
5272	2
5273	2
5274	2
5275	2
5276	2
5277	2
5278	2
5279	2
5280	2
5281	2
5282	2
5283	2
5284	2
5285	2
5286	2
5287	2
5288	2
5289	2
5290	2
5291	2
5292	2
5293	2
5294	2
5295	2
5296	2
5297	2
5298	2
5299	2
5300	2
5301	2
5302	2
5303	2
5304	2
5305	2
5306	2
5307	2
5308	2
5309	-1000
5310	-1000
5311	-1000
5312	-1000
5313	-1000
5314	-1000
5315	-1000
5316	-1000
5317	-1000
5318	-1000
5319	-1000
5320	-1000
5321	-1000
5322	-1000
5323	-1000
5324	-1000
5325	-1000
5326	-1000
5327	-1000
5328	-1000
5329	-1000
5330	-1000
5331	-1000
5332	-1000
5333	-1000
5334	-1000
5335	-1000
5336	-1000
5337	-1000
5338	-1000
5339	-1000
5340	-1000
5341	-1000
5342	-1000
5343	-1000
5344	-1000
5345	-1000
5346	-1000
5347	-1000
5348	-1000
5349	-1000
5350	-1000
5351	-1000
5352	-1000
5353	-1000
5354	-1000
5355	-1000
5356	-1000
5357	-1000
5358	-1000
5359	-1000
5360	-1000
5361	-1000
5362	-1000
5363	-1000
5364	-1000
5365	-1000
5366	-1000
5367	-1000
5368	-1000
5369	-1000
5370	-1000
5371	-1000
5372	-1000
5373	-1000
5374	-1000
5375	-1000
5376	-1000
5377	-1000
5378	-1000
5379	-1000
5380	-1000
5381	-1000
5382	-1000
5383	-1000
5384	-1000
5385	-1000
5386	-1000
5387	-1000
5388	-1000
5389	-1000
5390	-1000
5391	-1000
5392	-1000
5393	-1000
5394	-1000
5395	-1000
5396	-1000
5397	-1000
5398	-1000
5399	-1000
5400	-1000
5401	-1000
5402	-1000
5403	-1000
5404	-1000
5405	-1000
5406	-1000
5407	-1000
5408	-1000
5409	-1000
5410	-1000
5411	-1000
5412	-1000
5413	-1000
5414	-1000
5415	-1000
5416	-1000
5417	-1000
5418	-1000
5419	-1000
5420	-1000
5421	-1000
5422	-1000
5423	-1000
5424	-1000
5425	-1000
5426	-1000
5427	-1000
5428	-1000
5429	-1000
5430	-1000
5431	-1000
5432	-1000
5433	-1000
5434	-1000
5435	-1000
5436	-1000
5437	-1000
5438	-1000
5439	-1000
5440	-1000
5441	-1000
5442	-1000
5443	2
5444	2
5445	2
5446	2
5447	2
5448	3
5449	3
5450	3
5451	3
5452	3
5453	3
5454	3
5455	3
5456	3
5457	3
5458	3
5459	3
5460	3
5461	3
5462	3
5463	3
5464	3
5465	3
5466	3
5467	3
5468	3
5469	3
5470	3
5471	3
5472	3
5473	3
5474	3
5475	3
5476	3
5477	3
5478	3
5479	3
5480	3
5481	3
5482	3
5483	3
5484	3
5485	3
5486	3
5487	3
5488	3
5489	3
5490	3
5491	3
5492	3
5493	3
5494	3
5495	3
5496	3
5497	3
5498	3
5499	3
5500	3
5501	3
5502	3
5503	3
5504	3
5505	3
5506	3
5507	3
5508	3
5509	3
5510	3
5511	3
5512	3
5513	3
5514	3
5515	3
5516	3
5517	3
5518	3
5519	3
5520	3
5521	3
5522	3
5523	3
5524	3
5525	3
5526	3
5527	3
5528	3
5529	3
5530	3
5531	3
5532	3
5533	3
5534	3
5535	3
5536	3
5537	3
5538	3
5539	3
5540	3
5541	3
5542	3
5543	3
5544	3
5545	3
5546	3
5547	3
5548	3
5549	3
5550	3
5551	3
5552	3
5553	3
5554	3
5555	3
5556	3
5557	3
5558	3
5559	3
5560	3
5561	3
5562	3
5563	3
5564	3
5565	3
5566	3
5567	3
5568	3
5569	3
5570	3
5571	3
5572	3
5573	3
5574	3
5575	3
5576	3
5577	3
5578	3
5579	3
5580	3
5581	3
5582	3
5583	3
5584	3
5585	3
5586	3
5587	3
5588	3
5589	3
5590	3
5591	3
5592	3
5593	3
5594	3
5595	3
5596	3
5597	3
5598	3
5599	3
5600	3
5601	3
5602	3
5603	3
5604	3
5605	3
5606	3
5607	3
5608	3
5609	3
5610	3
5611	3
5612	3
5613	3
5614	3
5615	3
5616	3
5617	3
5618	3
5619	3
5620	3
5621	3
5622	3
5623	3
5624	3
5625	3
5626	3
5627	3
5628	3
5629	3
5630	3
5631	3
5632	3
5633	3
5634	3
5635	3
5636	3
5637	3
5638	3
5639	3
5640	3
5641	3
5642	3
5643	3
5644	3
5645	3
5646	3
5647	3
5648	3
5649	3
5650	3
5651	3
5652	3
5653	3
5654	3
5655	3
5656	3
5657	3
5658	3
5659	3
5660	3
5661	3
5662	3
5663	3
5664	3
5665	3
5666	3
5667	3
5668	3
5669	3
5670	3
5671	3
5672	3
5673	3
5674	3
5675	3
5676	3
5677	3
5678	3
5679	3
5680	3
5681	3
5682	3
5683	3
5684	3
5685	3
5686	3
5687	3
5688	3
5689	3
5690	3
5691	3
5692	3
5693	3
5694	3
5695	3
5696	3
5697	3
5698	3
5699	3
5700	3
5701	3
5702	3
5703	3
5704	3
5705	3
5706	3
5707	3
5708	3
5709	3
5710	3
5711	3
5712	3
5713	3
5714	3
5715	3
5716	3
5717	3
5718	3
5719	3
5720	3
5721	3
5722	3
5723	3
5724	3
5725	3
5726	3
5727	3
5728	3
5729	3
5730	3
5731	3
5732	3
5733	3
5734	3
5735	3
5736	3
5737	3
5738	3
5739	3
5740	3
5741	3
5742	3
5743	3
5744	3
5745	3
5746	3
5747	3
5748	3
5749	3
5750	3
5751	3
5752	3
5753	3
5754	3
5755	3
5756	3
5757	3
5758	3
5759	3
5760	3
5761	3
5762	3
5763	3
5764	3
5765	3
5766	3
5767	3
5768	3
5769	3
5770	3
5771	3
5772	3
5773	3
5774	3
5775	3
5776	3
5777	3
5778	3
5779	3
5780	3
5781	3
5782	3
5783	3
5784	3
5785	3
5786	3
5787	3
5788	3
5789	3
5790	3
5791	3
5792	3
5793	3
5794	3
5795	3
5796	3
5797	3
5798	3
5799	3
5800	3
5801	3
5802	3
5803	3
5804	3
5805	3
5806	3
5807	3
5808	3
5809	3
5810	3
5811	3
5812	3
5813	3
5814	3
5815	3
5816	3
5817	3
5818	3
5819	3
5820	3
5821	3
5822	3
5823	3
5824	3
5825	3
5826	3
5827	3
5828	3
5829	3
5830	3
5831	3
5832	3
5833	3
5834	3
5835	3
5836	3
5837	3
5838	3
5839	3
5840	3
5841	3
5842	3
5843	3
5844	3
5845	3
5846	3
5847	3
5848	3
5849	3
5850	3
5851	3
5852	3
5853	3
5854	3
5855	3
5856	3
5857	3
5858	3
5859	3
5860	3
5861	3
5862	3
5863	3
5864	3
5865	3
5866	3
5867	3
5868	3
5869	3
5870	3
5871	3
5872	3
5873	3
5874	3
5875	3
5876	3
5877	3
5878	3
5879	3
5880	3
5881	3
5882	3
5883	3
5884	3
5885	3
5886	3
5887	3
5888	3
5889	3
5890	3
5891	3
5892	3
5893	3
5894	3
5895	3
5896	3
5897	3
5898	3
5899	3
5900	3
5901	3
5902	3
5903	3
5904	3
5905	3
5906	3
5907	3
5908	3
5909	3
5910	3
5911	3
5912	3
5913	3
5914	3
5915	3
5916	3
5917	3
5918	3
5919	3
5920	3
5921	3
5922	3
5923	3
5924	3
5925	3
5926	3
5927	3
5928	3
5929	3
5930	3
5931	3
5932	3
5933	3
5934	3
5935	3
5936	3
5937	3
5938	3
5939	3
5940	3
5941	3
5942	3
5943	3
5944	3
5945	3
5946	3
5947	3
5948	3
5949	3
5950	3
5951	3
5952	3
5953	3
5954	3
5955	3
5956	3
5957	3
5958	3
5959	3
5960	3
5961	3
5962	3
5963	3
5964	3
5965	3
5966	3
5967	3
5968	3
5969	3
5970	3
5971	3
5972	3
5973	3
5974	3
5975	2
5976	2
5977	2
5978	2
5979	2
5980	2
5981	2
5982	2
5983	2
5984	2
5985	2
5986	2
5987	2
5988	2
5989	2
5990	2
5991	2
5992	2
5993	2
5994	2
5995	2
5996	2
5997	2
5998	2
5999	2
6000	2
6001	2
6002	2
6003	2
6004	2
6005	2
6006	2
6007	2
6008	2
6009	2
6010	2
6011	2
6012	2
6013	2
6014	2
6015	2
6016	2
6017	2
6018	2
6019	2
6020	2
6021	2
6022	2
6023	2
6024	2
6025	2
6026	2
6027	2
6028	2
6029	2
6030	2
6031	2
6032	2
6033	2
6034	2
6035	2
6036	2
6037	2
6038	2
6039	2
6040	2
6041	2
6042	2
6043	2
6044	2
6045	2
6046	2
6047	2
6048	2
6049	2
6050	2
6051	2
6052	2
6053	2
6054	2
6055	2
6056	2
6057	2
6058	2
6059	2
6060	2
6061	2
6062	2
6063	2
6064	2
6065	2
6066	2
6067	2
6068	2
6069	2
6070	2
6071	2
6072	2
6073	2
6074	2
6075	2
6076	2
6077	2
6078	2
6079	2
6080	2
6081	2
6082	2
6083	2
6084	2
6085	2
6086	2
6087	2
6088	2
6089	2
6090	2
6091	2
6092	2
6093	2
6094	2
6095	2
6096	2
6097	2
6098	2
6099	2
6100	2
6101	2
6102	2
6103	2
6104	2
6105	2
6106	2
6107	2
6108	2
6109	2
6110	2
6111	2
6112	2
6113	2
6114	2
6115	2
6116	2
6117	2
6118	2
6119	2
6120	2
6121	2
6122	2
6123	2
6124	2
6125	2
6126	2
6127	2
6128	2
6129	2
6130	2
6131	2
6132	2
6133	2
6134	2
6135	2
6136	2
6137	2
6138	2
6139	2
6140	2
6141	2
6142	2
6143	2
6144	2
6145	2
6146	2
6147	2
6148	2
6149	2
6150	2
6151	2
6152	2
6153	2
6154	2
6155	2
6156	2
6157	2
6158	2
6159	2
6160	2
6161	2
6162	2
6163	2
6164	2
6165	2
6166	2
6167	2
6168	2
6169	2
6170	2
6171	2
6172	2
6173	2
6174	2
6175	2
6176	2
6177	2
6178	2
6179	2
6180	2
6181	2
6182	2
6183	2
6184	2
6185	2
6186	2
6187	2
6188	2
6189	2
6190	2
6191	2
6192	2
6193	2
6194	2
6195	2
6196	2
6197	2
6198	2
6199	2
6200	2
6201	2
6202	2
6203	2
6204	2
6205	2
6206	2
6207	2
6208	2
6209	2
6210	2
6211	2
6212	2
6213	2
6214	2
6215	2
6216	2
6217	2
6218	2
6219	2
6220	2
6221	2
6222	2
6223	2
6224	2
6225	2
6226	2
6227	2
6228	2
6229	2
6230	2
6231	2
6232	2
6233	2
6234	2
6235	2
6236	2
6237	2
6238	2
6239	2
6240	2
6241	2
6242	2
6243	2
6244	2
6245	2
6246	2
6247	2
6248	2
6249	2
6250	2
6251	2
6252	2
6253	2
6254	2
6255	2
6256	2
6257	2
6258	2
6259	2
6260	2
6261	2
6262	2
6263	2
6264	2
6265	2
6266	2
6267	2
6268	2
6269	2
6270	2
6271	2
6272	2
6273	2
6274	2
6275	2
6276	2
6277	2
6278	2
6279	2
6280	2
6281	2
6282	2
6283	2
6284	2
6285	2
6286	2
6287	2
6288	2
6289	2
6290	2
6291	2
6292	2
6293	2
6294	2
6295	2
6296	2
6297	2
6298	2
6299	2
6300	2
6301	2
6302	2
6303	2
6304	2
6305	2
6306	2
6307	2
6308	2
6309	2
6310	2
6311	2
6312	2
6313	2
6314	2
6315	2
6316	2
6317	2
6318	2
6319	2
6320	2
6321	2
6322	2
6323	2
6324	2
6325	2
6326	2
6327	2
6328	2
6329	2
6330	2
6331	2
6332	2
6333	2
6334	2
6335	2
6336	2
6337	2
6338	2
6339	2
6340	2
6341	2
6342	2
6343	2
6344	2
6345	2
6346	2
6347	2
6348	2
6349	2
6350	2
6351	2
6352	2
6353	2
6354	2
6355	2
6356	2
6357	2
6358	2
6359	2
6360	2
6361	2
6362	2
6363	2
6364	2
6365	2
6366	2
6367	2
6368	2
6369	2
6370	2
6371	2
6372	2
6373	2
6374	2
6375	2
6376	2
6377	2
6378	2
6379	2
6380	2
6381	2
6382	2
6383	2
6384	2
6385	2
6386	2
6387	2
6388	2
6389	2
6390	2
6391	2
6392	2
6393	2
6394	2
6395	2
6396	2
6397	2
6398	2
6399	2
6400	2
6401	2
6402	2
6403	2
6404	2
6405	2
6406	2
6407	2
6408	2
6409	2
6410	2
6411	2
6412	2
6413	2
6414	2
6415	2
6416	2
6417	2
6418	2
6419	2
6420	2
6421	2
6422	2
6423	2
6424	2
6425	2
6426	2
6427	2
6428	2
6429	2
6430	2
6431	2
6432	2
6433	2
6434	2
6435	2
6436	2
6437	2
6438	2
6439	2
6440	2
6441	2
6442	2
6443	2
6444	2
6445	2
6446	2
6447	2
6448	2
6449	2
6450	2
6451	2
6452	2
6453	2
6454	2
6455	2
6456	2
6457	2
6458	2
6459	2
6460	2
6461	2
6462	2
6463	2
6464	2
6465	2
6466	2
6467	2
6468	2
6469	2
6470	2
6471	2
6472	2
6473	2
6474	2
6475	2
6476	2
6477	2
6478	2
6479	2
6480	2
6481	2
6482	2
6483	2
6484	2
6485	2
6486	2
6487	2
6488	2
6489	2
6490	2
6491	2
6492	2
6493	2
6494	2
6495	2
6496	2
6497	2
6498	2
6499	2
6500	2
6501	2
6502	2
6503	2
6504	2
6505	2
6506	2
6507	2
6508	2
6509	2
6510	2
6511	2
6512	2
6513	2
6514	2
6515	2
6516	2
6517	2
6518	2
6519	2
6520	2
6521	2
6522	2
6523	2
6524	2
6525	2
6526	2
6527	2
6528	2
6529	2
6530	2
6531	2
6532	2
6533	2
6534	2
6535	2
6536	2
6537	2
6538	2
6539	2
6540	2
6541	2
6542	2
6543	2
6544	2
6545	2
6546	2
6547	2
6548	2
6549	2
6550	2
6551	2
6552	2
6553	2
6554	2
6555	2
6556	2
6557	2
6558	2
6559	2
6560	2
6561	2
6562	2
6563	2
6564	2
6565	2
6566	2
6567	2
6568	2
6569	2
6570	2
6571	2
6572	2
6573	2
6574	2
6575	2
6576	2
6577	2
6578	2
6579	2
6580	2
6581	2
6582	2
6583	2
6584	2
6585	2
6586	2
6587	2
6588	2
6589	2
6590	2
6591	2
6592	2
6593	2
6594	2
6595	2
6596	2
6597	2
6598	2
6599	2
6600	2
6601	2
6602	2
6603	2
6604	2
6605	2
6606	2
6607	2
6608	2
6609	2
6610	2
6611	2
6612	2
6613	2
6614	2
6615	2
6616	2
6617	2
6618	2
6619	2
6620	2
6621	2
6622	2
6623	2
6624	2
6625	2
6626	2
6627	2
6628	2
6629	2
6630	2
6631	2
6632	2
6633	2
6634	2
6635	2
6636	2
6637	2
6638	2
6639	2
6640	2
6641	2
6642	2
6643	2
6644	2
6645	2
6646	2
6647	2
6648	2
6649	2
6650	2
6651	2
6652	2
6653	2
6654	2
6655	2
6656	2
6657	2
6658	2
6659	2
6660	2
6661	2
6662	2
6663	2
6664	2
6665	2
6666	2
6667	2
6668	2
6669	2
6670	2
6671	2
6672	2
6673	2
6674	2
6675	2
6676	2
6677	2
6678	2
6679	2
6680	2
6681	2
6682	2
6683	2
6684	2
6685	2
6686	2
6687	2
6688	2
6689	2
6690	2
6691	2
6692	2
6693	2
6694	2
6695	2
6696	2
6697	2
6698	2
6699	2
6700	2
6701	2
6702	2
6703	2
6704	2
6705	2
6706	2
6707	2
6708	2
6709	2
6710	2
6711	2
6712	2
6713	2
6714	2
6715	2
6716	2
6717	2
6718	2
6719	2
6720	2
6721	2
6722	2
6723	2
6724	2
6725	2
6726	2
6727	2
6728	2
6729	2
6730	2
6731	2
6732	2
6733	2
6734	2
6735	2
6736	2
6737	2
6738	2
6739	2
6740	2
6741	2
6742	2
6743	2
6744	2
6745	2
6746	2
6747	2
6748	2
6749	2
6750	2
6751	2
6752	2
6753	2
6754	2
6755	2
6756	2
6757	2
6758	2
6759	2
6760	2
6761	2
6762	2
6763	2
6764	2
6765	2
6766	2
6767	2
6768	2
6769	2
6770	2
6771	2
6772	2
6773	2
6774	2
6775	2
6776	2
6777	2
6778	2
6779	2
6780	2
6781	2
6782	2
6783	2
6784	2
6785	2
6786	2
6787	2
6788	2
6789	2
6790	2
6791	2
6792	2
6793	2
6794	2
6795	2
6796	2
6797	2
6798	2
6799	2
6800	2
6801	2
6802	2
6803	2
6804	2
6805	2
6806	2
6807	2
6808	2
6809	2
6810	2
6811	2
6812	2
6813	2
6814	2
6815	2
6816	2
6817	2
6818	2
6819	2
6820	2
6821	2
6822	2
6823	2
6824	2
6825	2
6826	2
6827	2
6828	2
6829	2
6830	2
6831	2
6832	2
6833	2
6834	2
6835	2
6836	2
6837	2
6838	2
6839	2
6840	2
6841	2
6842	2
6843	2
6844	2
6845	2
6846	2
6847	2
6848	2
6849	2
6850	2
6851	2
6852	2
6853	2
6854	2
6855	2
6856	2
6857	2
6858	2
6859	2
6860	2
6861	2
6862	2
6863	2
6864	2
6865	2
6866	2
6867	2
6868	2
6869	2
6870	2
6871	2
6872	2
6873	2
6874	2
6875	2
6876	2
6877	2
6878	2
6879	2
6880	2
6881	2
6882	2
6883	2
6884	2
6885	2
6886	2
6887	2
6888	2
6889	2
6890	2
6891	2
6892	2
6893	2
6894	2
6895	2
6896	2
6897	2
6898	2
6899	2
6900	2
6901	2
6902	2
6903	2
6904	2
6905	2
6906	2
6907	2
6908	2
6909	2
6910	2
6911	2
6912	2
6913	2
6914	2
6915	2
6916	2
6917	2
6918	2
6919	2
6920	2
6921	2
6922	2
6923	2
6924	2
6925	2
6926	2
6927	2
6928	2
6929	2
6930	2
6931	2
6932	2
6933	2
6934	2
6935	2
6936	2
6937	2
6938	2
6939	2
6940	2
6941	2
6942	2
6943	2
6944	2
6945	2
6946	2
6947	2
6948	2
6949	2
6950	2
6951	2
6952	2
6953	2
6954	2
6955	2
6956	2
6957	2
6958	2
6959	2
6960	2
6961	2
6962	2
6963	2
6964	2
6965	2
6966	2
6967	2
6968	2
6969	2
6970	2
6971	2
6972	2
6973	2
6974	2
6975	2
6976	2
6977	2
6978	2
6979	2
6980	2
6981	2
6982	2
6983	2
6984	2
6985	2
6986	2
6987	2
6988	2
6989	2
6990	2
6991	2
6992	2
6993	2
6994	2
6995	2
6996	2
6997	2
6998	2
6999	2
7000	2
7001	2
7002	2
7003	2
7004	2
7005	2
7006	2
7007	2
7008	2
7009	2
7010	2
7011	2
7012	2
7013	2
7014	2
7015	2
7016	2
7017	2
7018	2
7019	2
7020	2
7021	2
7022	2
7023	2
7024	2
7025	2
7026	2
7027	2
7028	2
7029	2
7030	2
7031	2
7032	2
7033	2
7034	2
7035	2
7036	2
7037	2
7038	2
7039	2
7040	2
7041	2
7042	2
7043	2
7044	2
7045	2
7046	2
7047	2
7048	2
7049	2
7050	2
7051	2
7052	2
7053	2
7054	2
7055	2
7056	2
7057	2
7058	2
7059	2
7060	2
7061	2
7062	2
7063	2
7064	2
7065	2
7066	2
7067	2
7068	2
7069	2
7070	2
7071	2
7072	2
7073	2
7074	2
7075	2
7076	2
7077	2
7078	2
7079	2
7080	2
7081	2
7082	2
7083	2
7084	2
7085	2
7086	2
7087	2
7088	2
7089	2
7090	2
7091	2
7092	2
7093	2
7094	2
7095	2
7096	2
7097	2
7098	2
7099	2
7100	2
7101	2
7102	2
7103	2
7104	2
7105	2
7106	2
7107	2
7108	2
7109	2
7110	2
7111	2
7112	2
7113	2
7114	2
7115	2
7116	2
7117	2
7118	2
7119	2
7120	2
7121	2
7122	2
7123	2
7124	2
7125	2
7126	2
7127	2
7128	2
7129	2
7130	2
7131	2
7132	2
7133	2
7134	2
7135	2
7136	2
7137	2
7138	2
7139	2
7140	2
7141	2
7142	2
7143	2
7144	2
7145	2
7146	2
7147	2
7148	2
7149	2
7150	2
7151	2
7152	2
7153	2
7154	2
7155	2
7156	2
7157	2
7158	2
7159	2
7160	2
7161	2
7162	2
7163	2
7164	2
7165	2
7166	2
7167	2
7168	2
7169	2
7170	2
7171	2
7172	2
7173	2
7174	2
7175	2
7176	2
7177	2
7178	2
7179	2
7180	2
7181	2
7182	2
7183	2
7184	2
7185	2
7186	2
7187	2
7188	2
7189	2
7190	2
7191	2
7192	2
7193	2
7194	2
7195	2
7196	2
7197	2
7198	2
7199	2
7200	2
7201	2
7202	2
7203	2
7204	2
7205	2
7206	2
7207	2
7208	2
7209	2
7210	2
7211	2
7212	2
7213	2
7214	2
7215	2
7216	2
7217	2
7218	2
7219	2
7220	2
7221	2
7222	2
7223	2
7224	2
7225	2
7226	2
7227	2
7228	2
7229	2
7230	2
7231	2
7232	2
7233	2
7234	2
7235	2
7236	2
7237	2
7238	2
7239	2
7240	2
7241	2
7242	2
7243	2
7244	2
7245	2
7246	2
7247	2
7248	2
7249	2
7250	2
7251	2
7252	2
7253	2
7254	2
7255	2
7256	2
7257	2
7258	2
7259	2
7260	2
7261	2
7262	2
7263	2
7264	2
7265	2
7266	2
7267	2
7268	2
7269	2
7270	2
7271	2
7272	2
7273	2
7274	2
7275	2
7276	2
7277	2
7278	2
7279	2
7280	2
7281	2
7282	2
7283	2
7284	2
7285	2
7286	2
7287	2
7288	2
7289	2
7290	2
7291	2
7292	2
7293	2
7294	2
7295	2
7296	2
7297	2
7298	2
7299	2
7300	2
7301	2
7302	2
7303	2
7304	2
7305	2
7306	2
7307	2
7308	2
7309	2
7310	2
7311	2
7312	2
7313	2
7314	2
7315	2
7316	2
7317	2
7318	2
7319	2
7320	2
7321	2
7322	2
7323	2
7324	2
7325	2
7326	2
7327	2
7328	2
7329	2
7330	2
7331	2
7332	2
7333	2
7334	2
7335	2
7336	2
7337	2
7338	2
7339	2
7340	2
7341	2
7342	2
7343	2
7344	2
7345	2
7346	2
7347	2
7348	2
7349	2
7350	2
7351	2
7352	2
7353	2
7354	2
7355	2
7356	2
7357	2
7358	2
7359	2
7360	2
7361	2
7362	2
7363	2
7364	2
7365	2
7366	2
7367	2
7368	2
7369	2
7370	2
7371	2
7372	2
7373	2
7374	2
7375	2
7376	2
7377	2
7378	2
7379	2
7380	2
7381	2
7382	2
7383	2
7384	2
7385	2
7386	2
7387	2
7388	2
7389	2
7390	2
7391	2
7392	2
7393	2
7394	2
7395	2
7396	2
7397	2
7398	2
7399	2
7400	2
7401	2
7402	2
7403	2
7404	2
7405	2
7406	2
7407	2
7408	2
7409	2
7410	2
7411	2
7412	2
7413	2
7414	2
7415	2
7416	2
7417	2
7418	2
7419	2
7420	2
7421	2
7422	2
7423	2
7424	2
7425	2
7426	2
7427	2
7428	2
7429	2
7430	2
7431	2
7432	2
7433	2
7434	2
7435	2
7436	2
7437	2
7438	2
7439	2
7440	2
7441	2
7442	2
7443	2
7444	2
7445	2
7446	2
7447	2
7448	2
7449	2
7450	2
7451	2
7452	2
7453	2
7454	2
7455	2
7456	2
7457	2
7458	2
7459	2
7460	2
7461	2
7462	2
7463	2
7464	2
7465	2
7466	2
7467	2
7468	2
7469	2
7470	2
7471	2
7472	2
7473	2
7474	2
7475	2
7476	2
7477	2
7478	2
7479	2
7480	2
7481	2
7482	2
7483	2
7484	2
7485	2
7486	2
7487	2
7488	2
7489	2
7490	2
7491	2
7492	2
7493	2
7494	2
7495	2
7496	2
7497	2
7498	2
7499	2
7500	2
7501	2
7502	2
7503	2
7504	2
7505	2
7506	2
7507	2
7508	2
7509	2
7510	2
7511	2
7512	2
7513	2
7514	2
7515	2
7516	2
7517	2
7518	2
7519	2
7520	2
7521	2
7522	2
7523	2
7524	2
7525	2
7526	2
7527	2
7528	2
7529	2
7530	2
7531	2
7532	2
7533	2
7534	2
7535	2
7536	2
7537	2
7538	2
7539	2
7540	2
7541	2
7542	2
7543	2
7544	2
7545	2
7546	2
7547	2
7548	2
7549	2
7550	2
7551	2
7552	2
7553	2
7554	2
7555	2
7556	2
7557	2
7558	2
7559	2
7560	2
7561	2
7562	2
7563	2
7564	2
7565	2
7566	2
7567	2
7568	2
7569	2
7570	2
7571	2
7572	2
7573	2
7574	2
7575	2
7576	2
7577	2
7578	2
7579	2
7580	2
7581	2
7582	2
7583	2
7584	2
7585	2
7586	2
7587	2
7588	2
7589	2
7590	2
7591	2
7592	2
7593	2
7594	2
7595	2
7596	2
7597	2
7598	2
7599	2
7600	2
7601	2
7602	2
7603	2
7604	2
7605	2
7606	2
7607	2
7608	2
7609	2
7610	2
7611	2
7612	2
7613	2
7614	2
7615	2
7616	2
7617	2
7618	2
7619	2
7620	2
7621	2
7622	2
7623	2
7624	2
7625	2
7626	2
7627	2
7628	2
7629	2
7630	2
7631	2
7632	2
7633	2
7634	2
7635	2
7636	2
7637	2
7638	2
7639	2
7640	2
7641	2
7642	2
7643	2
7644	2
7645	2
7646	2
7647	2
7648	2
7649	2
7650	2
7651	2
7652	2
7653	2
7654	2
7655	2
7656	2
7657	2
7658	2
7659	2
7660	2
7661	2
7662	2
7663	2
7664	2
7665	2
7666	2
7667	2
7668	2
7669	2
7670	2
7671	2
7672	2
7673	2
7674	2
7675	2
7676	2
7677	2
7678	2
7679	2
7680	2
7681	2
7682	2
7683	2
7684	2
7685	2
7686	2
7687	2
7688	2
7689	2
7690	2
7691	2
7692	2
7693	2
7694	2
7695	2
7696	2
7697	2
7698	2
7699	2
7700	2
7701	2
7702	2
7703	2
7704	2
7705	2
7706	2
7707	2
7708	2
7709	2
7710	2
7711	2
7712	2
7713	2
7714	2
7715	2
7716	2
7717	2
7718	2
7719	2
7720	2
7721	2
7722	2
7723	2
7724	2
7725	2
7726	2
7727	2
7728	2
7729	2
7730	2
7731	2
7732	2
7733	2
7734	2
7735	2
7736	2
7737	2
7738	2
7739	2
7740	2
7741	2
7742	2
7743	2
7744	2
7745	2
7746	2
7747	2
7748	2
7749	2
7750	2
7751	2
7752	2
7753	2
7754	2
7755	2
7756	2
7757	2
7758	2
7759	2
7760	2
7761	2
7762	2
7763	2
7764	2
7765	2
7766	2
7767	2
7768	2
7769	2
7770	2
7771	2
7772	2
7773	2
7774	2
7775	2
7776	2
7777	2
7778	2
7779	2
7780	2
7781	2
7782	2
7783	2
7784	2
7785	2
7786	2
7787	2
7788	2
7789	2
7790	2
7791	2
7792	2
7793	2
7794	2
7795	2
7796	2
7797	2
7798	2
7799	2
7800	2
7801	2
7802	2
7803	2
7804	2
7805	2
7806	2
7807	2
7808	2
7809	2
7810	2
7811	2
7812	2
7813	2
7814	2
7815	2
7816	2
7817	2
7818	2
7819	2
7820	2
7821	2
7822	2
7823	2
7824	2
7825	2
7826	2
7827	2
7828	2
7829	2
7830	2
7831	2
7832	2
7833	2
7834	2
7835	2
7836	2
7837	2
7838	2
7839	2
7840	2
7841	2
7842	2
7843	2
7844	2
7845	2
7846	2
7847	2
7848	2
7849	2
7850	2
7851	2
7852	2
7853	2
7854	2
7855	2
7856	2
7857	2
7858	2
7859	2
7860	2
7861	2
7862	2
7863	2
7864	2
7865	2
7866	2
7867	2
7868	2
7869	2
7870	2
7871	2
7872	2
7873	2
7874	2
7875	2
7876	2
7877	2
7878	2
7879	2
7880	2
7881	2
7882	2
7883	2
7884	2
7885	2
7886	2
7887	2
7888	2
7889	2
7890	2
7891	2
7892	2
7893	2
7894	2
7895	2
7896	2
7897	2
7898	2
7899	2
7900	2
7901	2
7902	2
7903	2
7904	2
7905	2
7906	2
7907	2
7908	2
7909	2
7910	2
7911	2
7912	2
7913	2
7914	2
7915	2
7916	2
7917	2
7918	2
7919	2
7920	2
7921	2
7922	2
7923	2
7924	2
7925	2
7926	2
7927	2
7928	2
7929	2
7930	2
7931	2
7932	2
7933	2
7934	2
7935	2
7936	2
7937	2
7938	2
7939	2
7940	2
7941	2
7942	2
7943	2
7944	2
7945	2
7946	2
7947	2
7948	2
7949	2
7950	2
7951	2
7952	2
7953	2
7954	2
7955	2
7956	2
7957	2
7958	2
7959	2
7960	2
7961	2
7962	2
7963	2
7964	2
7965	2
7966	2
7967	2
7968	2
7969	2
7970	2
7971	2
7972	2
7973	2
7974	2
7975	2
7976	2
7977	2
7978	2
7979	2
7980	2
7981	2
7982	2
7983	2
7984	2
7985	2
7986	2
7987	2
7988	2
7989	2
7990	2
7991	2
7992	2
7993	2
7994	2
7995	2
7996	2
7997	2
7998	2
7999	2
8000	2
8001	2
8002	2
8003	2
8004	2
8005	2
8006	2
8007	2
8008	2
8009	2
8010	2
8011	2
8012	2
8013	2
8014	2
8015	2
8016	2
8017	2
8018	2
8019	2
8020	2
8021	2
8022	2
8023	2
8024	2
8025	2
8026	2
8027	2
8028	2
8029	2
8030	2
8031	2
8032	2
8033	2
8034	2
8035	2
8036	2
8037	2
8038	2
8039	2
8040	2
8041	2
8042	2
8043	2
8044	2
8045	2
8046	2
8047	2
8048	2
8049	2
8050	2
8051	2
8052	2
8053	2
8054	2
8055	2
8056	2
8057	2
8058	2
8059	2
8060	2
8061	2
8062	2
8063	2
8064	2
8065	2
8066	2
8067	2
8068	2
8069	2
8070	2
8071	2
8072	2
8073	2
8074	2
8075	2
8076	2
8077	2
8078	2
8079	2
8080	2
8081	2
8082	2
8083	2
8084	2
8085	2
8086	2
8087	2
8088	2
8089	2
8090	2
8091	2
8092	2
8093	2
8094	2
8095	2
8096	2
8097	2
8098	2
8099	2
8100	2
8101	2
8102	2
8103	2
8104	2
8105	2
8106	2
8107	2
8108	2
8109	2
8110	2
8111	2
8112	2
8113	2
8114	2
8115	2
8116	2
8117	2
8118	2
8119	2
8120	2
8121	2
8122	2
8123	2
8124	2
8125	2
8126	2
8127	2
8128	2
8129	2
8130	2
8131	2
8132	2
8133	2
8134	2
8135	2
8136	2
8137	2
8138	2
8139	2
8140	2
8141	2
8142	2
8143	2
8144	2
8145	2
8146	2
8147	2
8148	2
8149	2
8150	2
8151	2
8152	2
8153	2
8154	2
8155	2
8156	2
8157	2
8158	2
8159	2
8160	2
8161	2
8162	2
8163	2
8164	2
8165	2
8166	2
8167	2
8168	2
8169	2
8170	2
8171	2
8172	2
8173	2
8174	2
8175	2
8176	2
8177	2
8178	2
8179	2
8180	2
8181	2
8182	2
8183	2
8184	2
8185	2
8186	2
8187	2
8188	2
8189	2
8190	2
8191	2
8192	2
8193	2
8194	2
8195	2
8196	2
8197	2
8198	2
8199	2
8200	2
8201	2
8202	2
8203	2
8204	2
8205	2
8206	2
8207	2
8208	2
8209	2
8210	2
8211	2
8212	2
8213	2
8214	2
8215	2
8216	2
8217	2
8218	2
8219	2
8220	2
8221	2
8222	2
8223	2
8224	2
8225	2
8226	2
8227	2
8228	2
8229	2
8230	2
8231	2
8232	2
8233	2
8234	2
8235	2
8236	2
8237	2
8238	2
8239	2
8240	2
8241	2
8242	2
8243	2
8244	2
8245	2
8246	2
8247	2
8248	2
8249	2
8250	2
8251	2
8252	2
8253	2
8254	2
8255	2
8256	2
8257	2
8258	2
8259	2
8260	2
8261	2
8262	2
8263	2
8264	2
8265	2
8266	2
8267	2
8268	2
8269	2
8270	2
8271	2
8272	2
8273	2
8274	2
8275	2
8276	2
8277	2
8278	2
8279	2
8280	2
8281	2
8282	2
8283	2
8284	2
8285	2
8286	2
8287	2
8288	2
8289	2
8290	2
8291	2
8292	2
8293	2
8294	2
8295	2
8296	2
8297	2
8298	2
8299	2
8300	2
8301	2
8302	2
8303	2
8304	2
8305	2
8306	2
8307	2
8308	2
8309	2
8310	2
8311	2
8312	2
8313	2
8314	2
8315	2
8316	2
8317	2
8318	2
8319	2
8320	2
8321	2
8322	2
8323	2
8324	2
8325	2
8326	2
8327	2
8328	2
8329	2
8330	2
8331	2
8332	2
8333	2
8334	2
8335	2
8336	2
8337	2
8338	2
8339	2
8340	2
8341	2
8342	2
8343	2
8344	2
8345	2
8346	2
8347	2
8348	2
8349	2
8350	2
8351	2
8352	2
8353	2
8354	2
8355	2
8356	2
8357	2
8358	2
8359	2
8360	2
8361	2
8362	2
8363	2
8364	2
8365	2
8366	2
8367	2
8368	2
8369	2
8370	2
8371	2
8372	2
8373	2
8374	2
8375	2
8376	2
8377	2
8378	2
8379	2
8380	2
8381	2
8382	2
8383	2
8384	2
8385	2
8386	2
8387	2
8388	2
8389	2
8390	2
8391	2
8392	2
8393	2
8394	2
8395	2
8396	2
8397	2
8398	2
8399	2
8400	2
8401	2
8402	2
8403	2
8404	2
8405	2
8406	2
8407	2
8408	2
8409	2
8410	2
8411	2
8412	2
8413	2
8414	2
8415	2
8416	2
8417	2
8418	2
8419	2
8420	2
8421	2
8422	2
8423	2
8424	2
8425	2
8426	2
8427	2
8428	2
8429	2
8430	2
8431	2
8432	2
8433	2
8434	2
8435	2
8436	2
8437	2
8438	2
8439	2
8440	2
8441	2
8442	2
8443	2
8444	2
8445	2
8446	2
8447	2
8448	2
8449	2
8450	2
8451	2
8452	2
8453	2
8454	2
8455	2
8456	2
8457	2
8458	2
8459	2
8460	2
8461	2
8462	2
8463	2
8464	2
8465	2
8466	2
8467	2
8468	2
8469	2
8470	2
8471	2
8472	2
8473	2
8474	2
8475	2
8476	2
8477	2
8478	2
8479	2
8480	2
8481	2
8482	2
8483	2
8484	2
8485	2
8486	2
8487	2
8488	2
8489	2
8490	2
8491	2
8492	2
8493	2
8494	2
8495	2
8496	2
8497	2
8498	2
8499	2
8500	2
8501	2
8502	2
8503	2
8504	2
8505	2
8506	2
8507	2
8508	2
8509	2
8510	2
8511	2
8512	2
8513	2
8514	2
8515	2
8516	2
8517	2
8518	2
8519	2
8520	2
8521	2
8522	2
8523	2
8524	2
8525	2
8526	2
8527	2
8528	2
8529	2
8530	2
8531	2
8532	2
8533	2
8534	2
8535	2
8536	2
8537	2
8538	2
8539	2
8540	2
8541	2
8542	2
8543	2
8544	2
8545	2
8546	2
8547	2
8548	2
8549	2
8550	2
8551	2
8552	2
8553	2
8554	2
8555	2
8556	2
8557	2
8558	2
8559	2
8560	2
8561	2
8562	2
8563	2
8564	2
8565	2
8566	2
8567	2
8568	2
8569	2
8570	2
8571	2
8572	2
8573	2
8574	2
8575	2
8576	2
8577	2
8578	2
8579	2
8580	2
8581	2
8582	2
8583	2
8584	2
8585	2
8586	2
8587	2
8588	2
8589	2
8590	2
8591	2
8592	2
8593	2
8594	2
8595	2
8596	2
8597	2
8598	2
8599	2
8600	2
8601	2
8602	2
8603	2
8604	2
8605	2
8606	2
8607	2
8608	2
8609	2
8610	2
8611	2
8612	2
8613	2
8614	2
8615	2
8616	2
8617	2
8618	2
8619	2
8620	2
8621	2
8622	2
8623	2
8624	2
8625	2
8626	2
8627	2
8628	2
8629	2
8630	2
8631	2
8632	2
8633	2
8634	2
8635	2
8636	2
8637	2
8638	2
8639	2
8640	2
8641	2
8642	2
8643	2
8644	2
8645	2
8646	2
8647	2
8648	2
8649	2
8650	2
8651	2
8652	2
8653	2
8654	2
8655	2
8656	2
8657	2
8658	2
8659	2
8660	2
8661	2
8662	2
8663	2
8664	2
8665	2
8666	2
8667	2
8668	2
8669	2
8670	2
8671	2
8672	2
8673	2
8674	2
8675	2
8676	2
8677	2
8678	2
8679	2
8680	2
8681	2
8682	2
8683	2
8684	2
8685	2
8686	2
8687	2
8688	2
8689	2
8690	2
8691	2
8692	2
8693	2
8694	2
8695	2
8696	2
8697	2
8698	2
8699	2
8700	2
8701	2
8702	2
8703	2
8704	2
8705	2
8706	2
8707	2
8708	2
8709	2
8710	2
8711	2
8712	2
8713	2
8714	2
8715	2
8716	2
8717	2
8718	2
8719	2
8720	2
8721	2
8722	2
8723	2
8724	2
8725	2
8726	2
8727	2
8728	2
8729	2
8730	2
8731	2
8732	2
8733	2
8734	2
8735	2
8736	2
8737	2
8738	2
8739	-1000
8740	3
8741	3
8742	3
8743	3
8744	3
8745	3
8746	3
8747	3
8748	3
8749	3
8750	3
8751	3
8752	3
8753	3
8754	3
8755	3
8756	3
8757	3
8758	3
8759	3
8760	3
8761	3
8762	3
8763	3
8764	3
8765	3
8766	3
8767	3
8768	3
8769	3
8770	3
8771	3
8772	3
8773	3
8774	3
8775	3
8776	3
8777	3
8778	3
8779	3
8780	3
8781	3
8782	3
8783	3
8784	3
8785	3
8786	3
8787	3
8788	3
8789	3
8790	3
8791	3
8792	3
8793	3
8794	3
8795	3
8796	3
8797	3
8798	3
8799	3
8800	3
8801	3
8802	3
8803	3
8804	3
8805	3
8806	3
8807	3
8808	3
8809	3
8810	3
8811	3
8812	3
8813	3
8814	3
8815	3
8816	3
8817	3
8818	3
8819	3
8820	3
8821	3
8822	3
8823	3
8824	3
8825	3
8826	3
8827	3
8828	3
8829	3
8830	3
8831	3
8832	3
8833	3
8834	3
8835	3
8836	3
8837	3
8838	3
8839	3
8840	3
8841	3
8842	3
8843	3
8844	3
8845	3
8846	3
8847	3
8848	3
8849	3
8850	3
8851	3
8852	3
8853	3
8854	3
8855	3
8856	3
8857	3
8858	3
8859	3
8860	3
8861	3
8862	3
8863	3
8864	3
8865	3
8866	3
8867	3
8868	3
8869	3
8870	3
8871	3
8872	3
8873	3
8874	3
8875	3
8876	3
8877	3
8878	3
8879	3
8880	3
8881	3
8882	3
8883	3
8884	3
8885	3
8886	3
8887	3
8888	3
8889	3
8890	3
8891	3
8892	3
8893	3
8894	3
8895	3
8896	3
8897	3
8898	3
8899	3
8900	3
8901	3
8902	3
8903	3
8904	3
8905	3
8906	3
8907	3
8908	3
8909	3
8910	3
8911	3
8912	3
8913	3
8914	3
8915	3
8916	3
8917	3
8918	3
8919	3
8920	3
8921	3
8922	3
8923	3
8924	3
8925	3
8926	3
8927	3
8928	3
8929	3
8930	3
8931	3
8932	3
8933	3
8934	3
8935	3
8936	3
8937	3
8938	3
8939	3
8940	3
8941	3
8942	3
8943	3
8944	3
8945	3
8946	3
8947	3
8948	3
8949	3
8950	3
8951	3
8952	3
8953	3
8954	3
8955	3
8956	3
8957	3
8958	3
8959	3
8960	3
8961	3
8962	3
8963	3
8964	3
8965	3
8966	3
8967	3
8968	3
8969	3
8970	3
8971	3
8972	3
8973	3
8974	3
8975	3
8976	3
8977	3
8978	3
8979	3
8980	3
8981	3
8982	3
8983	3
8984	3
8985	3
8986	3
8987	3
8988	3
8989	3
8990	3
8991	3
8992	3
8993	3
8994	3
8995	3
8996	3
8997	3
8998	3
8999	3
9000	3
9001	3
9002	3
9003	3
9004	3
9005	3
9006	3
9007	3
9008	3
9009	3
9010	3
9011	3
9012	3
9013	3
9014	3
9015	3
9016	3
9017	3
9018	3
9019	3
9020	3
9021	3
9022	3
9023	3
9024	3
9025	3
9026	3
9027	3
9028	3
9029	3
9030	3
9031	3
9032	3
9033	3
9034	3
9035	3
9036	3
9037	3
9038	3
9039	3
9040	3
9041	3
9042	3
9043	3
9044	3
9045	3
9046	3
9047	3
9048	3
9049	3
9050	3
9051	3
9052	3
9053	3
9054	3
9055	3
9056	3
9057	3
9058	3
9059	3
9060	3
9061	3
9062	3
9063	3
9064	3
9065	3
9066	3
9067	3
9068	3
9069	3
9070	3
9071	3
9072	3
9073	3
9074	3
9075	3
9076	3
9077	3
9078	3
9079	3
9080	3
9081	3
9082	3
9083	3
9084	3
9085	3
9086	3
9087	3
9088	3
9089	3
9090	3
9091	3
9092	3
9093	3
9094	3
9095	3
9096	3
9097	3
9098	3
9099	3
9100	3
9101	3
9102	3
9103	3
9104	3
9105	3
9106	3
9107	3
9108	3
9109	3
9110	3
9111	3
9112	3
9113	3
9114	3
9115	3
9116	3
9117	3
9118	3
9119	3
9120	3
9121	3
9122	3
9123	3
9124	3
9125	3
9126	3
9127	3
9128	3
9129	3
9130	3
9131	3
9132	3
9133	3
9134	3
9135	3
9136	3
9137	3
9138	3
9139	3
9140	3
9141	3
9142	3
9143	3
9144	3
9145	3
9146	3
9147	3
9148	3
9149	3
9150	3
9151	3
9152	3
9153	3
9154	3
9155	3
9156	3
9157	3
9158	3
9159	3
9160	3
9161	3
9162	3
9163	3
9164	3
9165	3
9166	3
9167	3
9168	3
9169	3
9170	3
9171	3
9172	3
9173	3
9174	3
9175	3
9176	3
9177	3
9178	3
9179	3
9180	3
9181	3
9182	3
9183	3
9184	3
9185	3
9186	3
9187	3
9188	3
9189	3
9190	3
9191	3
9192	3
9193	3
9194	3
9195	3
9196	3
9197	3
9198	3
9199	3
9200	3
9201	3
9202	3
9203	3
9204	3
9205	3
9206	3
9207	3
9208	3
9209	3
9210	3
9211	3
9212	3
9213	3
9214	3
9215	3
9216	3
9217	3
9218	3
9219	3
9220	3
9221	3
9222	3
9223	3
9224	3
9225	3
9226	3
9227	3
9228	3
9229	3
9230	3
9231	3
9232	3
9233	3
9234	3
9235	3
9236	3
9237	3
9238	3
9239	3
9240	3
9241	3
9242	3
9243	3
9244	3
9245	3
9246	3
9247	3
9248	3
9249	3
9250	3
9251	3
9252	3
9253	3
9254	3
9255	3
9256	3
9257	3
9258	3
9259	3
9260	3
9261	3
9262	3
9263	3
9264	3
9265	3
9266	3
9267	3
9268	3
9269	3
9270	3
9271	3
9272	3
9273	3
9274	3
9275	3
9276	3
9277	3
9278	3
9279	3
9280	3
9281	3
9282	3
9283	3
9284	3
9285	3
9286	3
9287	3
9288	3
9289	3
9290	3
9291	3
9292	3
9293	3
9294	3
9295	3
9296	3
9297	3
9298	3
9299	3
9300	3
9301	3
9302	3
9303	3
9304	3
9305	3
9306	3
9307	3
9308	3
9309	3
9310	3
9311	3
9312	3
9313	3
9314	3
9315	3
9316	3
9317	3
9318	3
9319	3
9320	3
9321	3
9322	3
9323	3
9324	3
9325	3
9326	3
9327	3
9328	3
9329	3
9330	3
9331	3
9332	3
9333	3
9334	3
9335	3
9336	3
9337	3
9338	3
9339	3
9340	3
9341	3
9342	3
9343	3
9344	3
9345	3
9346	3
9347	3
9348	3
9349	3
9350	3
9351	3
9352	3
9353	3
9354	3
9355	3
9356	3
9357	3
9358	3
9359	3
9360	3
9361	3
9362	3
9363	3
9364	3
9365	3
9366	3
9367	3
9368	3
9369	3
9370	3
9371	3
9372	3
9373	3
9374	3
9375	3
9376	3
9377	3
9378	3
9379	3
9380	3
9381	3
9382	3
9383	3
9384	3
9385	3
9386	3
9387	3
9388	3
9389	3
9390	3
9391	3
9392	3
9393	3
9394	3
9395	3
9396	3
9397	3
9398	3
9399	3
9400	3
9401	3
9402	3
9403	3
9404	3
9405	3
9406	3
9407	3
9408	3
9409	3
9410	3
9411	3
9412	3
9413	3
9414	3
9415	3
9416	3
9417	3
9418	3
9419	3
9420	3
9421	3
9422	3
9423	3
9424	3
9425	3
9426	3
9427	3
9428	3
9429	3
9430	3
9431	3
9432	3
9433	3
9434	3
9435	3
9436	3
9437	3
9438	3
9439	3
9440	3
9441	3
9442	3
9443	3
9444	3
9445	3
9446	3
9447	3
9448	3
9449	3
9450	3
9451	3
9452	3
9453	3
9454	3
9455	3
9456	3
9457	3
9458	3
9459	3
9460	3
9461	3
9462	3
9463	3
9464	3
9465	3
9466	3
9467	3
9468	3
9469	3
9470	3
9471	3
9472	3
9473	3
9474	3
9475	3
9476	3
9477	3
9478	3
9479	3
9480	3
9481	-1000
9482	-1000
9483	-1000
9484	-1000
9485	-1000
9486	-1000
9487	-1000
9488	-1000
9489	-1000
9490	-1000
9491	-1000
9492	-1000
9493	-1000
9494	-1000
9495	-1000
9496	-1000
9497	-1000
9498	-1000
9499	-1000
9500	-1000
9501	-1000
9502	-1000
9503	-1000
9504	-1000
9505	-1000
9506	-1000
9507	-1000
9508	-1000
9509	-1000
9510	-1000
9511	-1000
9512	-1000
9513	-1000
9514	-1000
9515	-1000
9516	-1000
9517	-1000
9518	-1000
9519	-1000
9520	-1000
9521	-1000
9522	-1000
9523	-1000
9524	-1000
9525	-1000
9526	-1000
9527	-1000
9528	-1000
9529	-1000
9530	-1000
9531	-1000
9532	-1000
9533	-1000
9534	-1000
9535	-1000
9536	-1000
9537	-1000
9538	-1000
9539	-1000
9540	-1000
9541	-1000
9542	-1000
9543	-1000
9544	-1000
9545	-1000
9546	-1000
9547	-1000
9548	-1000
9549	-1000
9550	-1000
9551	-1000
9552	-1000
9553	-1000
9554	-1000
9555	-1000
9556	-1000
9557	-1000
9558	-1000
9559	-1000
9560	-1000
9561	-1000
9562	-1000
9563	-1000
9564	-1000
9565	-1000
9566	-1000
9567	-1000
9568	-1000
9569	-1000
9570	-1000
9571	-1000
9572	-1000
9573	-1000
9574	-1000
9575	-1000
9576	-1000
9577	-1000
9578	-1000
9579	-1000
9580	-1000
9581	-1000
9582	-1000
9583	-1000
9584	-1000
9585	-1000
9586	-1000
9587	-1000
9588	-1000
9589	-1000
9590	-1000
9591	-1000
9592	-1000
9593	-1000
9594	-1000
9595	-1000
9596	-1000
9597	-1000
9598	-1000
9599	-1000
9600	-1000
9601	-1000
9602	-1000
9603	-1000
9604	-1000
9605	-1000
9606	-1000
9607	-1000
9608	-1000
9609	-1000
9610	-1000
9611	-1000
9612	-1000
9613	-1000
9614	-1000
9615	-1000
9616	-1000
9617	-1000
9618	-1000
9619	-1000
9620	-1000
9621	-1000
9622	-1000
9623	-1000
9624	-1000
9625	-1000
9626	-1000
9627	-1000
9628	-1000
9629	-1000
9630	-1000
9631	-1000
9632	-1000
9633	-1000
9634	-1000
9635	-1000
9636	-1000
9637	-1000
9638	-1000
9639	-1000
9640	-1000
9641	-1000
9642	-1000
9643	-1000
9644	-1000
9645	-1000
9646	-1000
9647	-1000
9648	-1000
9649	-1000
9650	-1000
9651	-1000
9652	-1000
9653	-1000
9654	-1000
9655	-1000
9656	-1000
9657	-1000
9658	-1000
9659	-1000
9660	-1000
9661	-1000
9662	-1000
9663	-1000
9664	-1000
9665	-1000
9666	-1000
9667	-1000
9668	-1000
9669	-1000
9670	-1000
9671	-1000
9672	-1000
9673	-1000
9674	-1000
9675	-1000
9676	-1000
9677	-1000
9678	-1000
9679	-1000
9680	-1000
9681	-1000
9682	-1000
9683	-1000
9684	-1000
9685	-1000
9686	-1000
9687	-1000
9688	-1000
9689	-1000
9690	-1000
9691	-1000
9692	-1000
9693	-1000
9694	-1000
9695	-1000
9696	-1000
9697	-1000
9698	-1000
9699	-1000
9700	-1000
9701	-1000
9702	-1000
9703	-1000
9704	-1000
9705	-1000
9706	-1000
9707	-1000
9708	-1000
9709	-1000
9710	-1000
9711	-1000
9712	-1000
9713	-1000
9714	-1000
9715	-1000
9716	-1000
9717	-1000
9718	-1000
9719	-1000
9720	-1000
9721	-1000
9722	-1000
9723	-1000
9724	-1000
9725	-1000
9726	-1000
9727	-1000
9728	-1000
9729	-1000
9730	-1000
9731	-1000
9732	-1000
9733	-1000
9734	-1000
9735	-1000
9736	-1000
9737	-1000
9738	-1000
9739	-1000
9740	-1000
9741	-1000
9742	-1000
9743	-1000
9744	-1000
9745	-1000
9746	-1000
9747	-1000
9748	-1000
9749	-1000
9750	-1000
9751	-1000
9752	-1000
9753	-1000
9754	-1000
9755	-1000
9756	-1000
9757	-1000
9758	-1000
9759	-1000
9760	-1000
9761	-1000
9762	-1000
9763	-1000
9764	-1000
9765	-1000
9766	-1000
9767	-1000
9768	-1000
9769	-1000
9770	-1000
9771	-1000
9772	-1000
9773	-1000
9774	-1000
9775	-1000
9776	-1000
9777	-1000
9778	-1000
9779	-1000
9780	-1000
9781	-1000
9782	-1000
9783	-1000
9784	-1000
9785	-1000
9786	-1000
9787	-1000
9788	-1000
9789	-1000
9790	-1000
9791	-1000
9792	-1000
9793	-1000
9794	-1000
9795	-1000
9796	-1000
9797	-1000
9798	-1000
9799	-1000
9800	-1000
9801	-1000
9802	-1000
9803	-1000
9804	-1000
9805	-1000
9806	-1000
9807	-1000
9808	-1000
9809	-1000
9810	-1000
9811	-1000
9812	-1000
9813	-1000
9814	-1000
9815	-1000
9816	-1000
9817	-1000
9818	-1000
9819	-1000
9820	-1000
9821	-1000
9822	-1000
9823	-1000
9824	-1000
9825	-1000
9826	-1000
9827	-1000
9828	-1000
9829	-1000
9830	-1000
9831	-1000
9832	-1000
9833	-1000
9834	-1000
9835	-1000
9836	-1000
9837	-1000
9838	-1000
9839	-1000
9840	-1000
9841	-1000
9842	-1000
9843	-1000
9844	-1000
9845	-1000
9846	-1000
9847	-1000
9848	-1000
9849	-1000
9850	-1000
9851	-1000
9852	-1000
9853	-1000
9854	-1000
9855	-1000
9856	-1000
9857	-1000
9858	-1000
9859	-1000
9860	-1000
9861	-1000
9862	-1000
9863	-1000
9864	-1000
9865	-1000
9866	-1000
9867	-1000
9868	-1000
9869	-1000
9870	-1000
9871	-1000
9872	-1000
9873	-1000
9874	-1000
9875	-1000
9876	-1000
9877	-1000
9878	-1000
9879	-1000
9880	-1000
9881	-1000
9882	-1000
9883	-1000
9884	-1000
9885	-1000
9886	-1000
9887	-1000
9888	-1000
9889	-1000
9890	-1000
9891	-1000
9892	-1000
9893	-1000
9894	-1000
9895	-1000
9896	-1000
9897	-1000
9898	-1000
9899	-1000
9900	-1000
9901	-1000
9902	-1000
9903	-1000
9904	-1000
9905	-1000
9906	-1000
9907	-1000
9908	-1000
9909	-1000
9910	-1000
9911	-1000
9912	-1000
9913	-1000
9914	-1000
9915	-1000
9916	-1000
9917	-1000
9918	-1000
9919	-1000
9920	-1000
9921	-1000
9922	-1000
9923	-1000
9924	-1000
9925	-1000
9926	-1000
9927	-1000
9928	-1000
9929	-1000
9930	-1000
9931	-1000
9932	-1000
9933	-1000
9934	-1000
9935	-1000
9936	-1000
9937	-1000
9938	-1000
9939	-1000
9940	-1000
9941	-1000
9942	-1000
9943	-1000
9944	-1000
9945	-1000
9946	-1000
9947	-1000
9948	-1000
9949	-1000
9950	-1000
9951	-1000
9952	-1000
9953	-1000
9954	-1000
9955	-1000
9956	-1000
