0	-1000
1	-1000
2	-1000
3	-1000
4	-1000
5	-1000
6	-1000
7	-1000
8	-1000
9	-1000
10	-1000
11	-1000
12	-1000
13	-1000
14	-1000
15	-1000
16	-1000
17	-1000
18	-1000
19	-1000
20	-1000
21	-1000
22	-1000
23	-1000
24	-1000
25	-1000
26	-1000
27	-1000
28	-1000
29	-1000
30	-1000
31	-1000
32	-1000
33	-1000
34	-1000
35	-1000
36	-1000
37	-1000
38	-1000
39	-1000
40	-1000
41	-1000
42	-1000
43	-1000
44	-1000
45	-1000
46	-1000
47	-1000
48	-1000
49	-1000
50	-1000
51	-1000
52	-1000
53	-1000
54	-1000
55	-1000
56	-1000
57	-1000
58	-1000
59	-1000
60	-1000
61	-1000
62	-1000
63	-1000
64	-1000
65	-1000
66	-1000
67	-1000
68	-1000
69	-1000
70	-1000
71	-1000
72	-1000
73	-1000
74	-1000
75	-1000
76	-1000
77	-1000
78	-1000
79	-1000
80	-1000
81	-1000
82	-1000
83	-1000
84	-1000
85	-1000
86	-1000
87	-1000
88	-1000
89	-1000
90	-1000
91	-1000
92	-1000
93	-1000
94	-1000
95	-1000
96	-1000
97	-1000
98	-1000
99	-1000
100	-1000
101	-1000
102	-1000
103	-1000
104	-1000
105	-1000
106	-1000
107	-1000
108	-1000
109	-1000
110	-1000
111	-1000
112	-1000
113	-1000
114	-1000
115	-1000
116	-1000
117	-1000
118	-1000
119	-1000
120	-1000
121	-1000
122	-1000
123	-1000
124	-1000
125	-1000
126	-1000
127	-1000
128	-1000
129	-1000
130	-1000
131	-1000
132	-1000
133	-1000
134	-1000
135	-1000
136	-1000
137	-1000
138	-1000
139	-1000
140	-1000
141	-1000
142	-1000
143	-1000
144	-1000
145	-1000
146	-1000
147	-1000
148	-1000
149	-1000
150	-1000
151	-1000
152	-1000
153	-1000
154	-1000
155	-1000
156	-1000
157	-1000
158	-1000
159	-1000
160	-1000
161	-1000
162	-1000
163	-1000
164	-1000
165	-1000
166	-1000
167	-1000
168	-1000
169	-1000
170	-1000
171	-1000
172	-1000
173	-1000
174	-1000
175	-1000
176	-1000
177	-1000
178	-1000
179	-1000
180	-1000
181	-1000
182	-1000
183	-1000
184	-1000
185	-1000
186	-1000
187	-1000
188	-1000
189	-1000
190	-1000
191	-1000
192	-1000
193	-1000
194	-1000
195	-1000
196	-1000
197	-1000
198	-1000
199	-1000
200	-1000
201	-1000
202	-1000
203	-1000
204	-1000
205	-1000
206	-1000
207	-1000
208	-1000
209	-1000
210	-1000
211	-1000
212	-1000
213	-1000
214	-1000
215	-1000
216	-1000
217	-1000
218	-1000
219	-1000
220	-1000
221	-1000
222	-1000
223	-1000
224	-1000
225	-1000
226	-1000
227	-1000
228	-1000
229	-1000
230	-1000
231	-1000
232	-1000
233	-1000
234	-1000
235	-1000
236	-1000
237	-1000
238	-1000
239	-1000
240	-1000
241	1
242	1
243	1
244	1
245	1
246	1
247	1
248	1
249	1
250	1
251	1
252	1
253	1
254	1
255	1
256	1
257	1
258	1
259	1
260	1
261	1
262	1
263	1
264	1
265	1
266	1
267	1
268	1
269	1
270	1
271	1
272	1
273	1
274	1
275	1
276	1
277	1
278	1
279	1
280	1
281	1
282	1
283	1
284	1
285	1
286	1
287	1
288	1
289	1
290	1
291	1
292	1
293	1
294	1
295	1
296	1
297	1
298	1
299	1
300	1
301	1
302	1
303	1
304	1
305	1
306	1
307	1
308	1
309	1
310	1
311	1
312	1
313	1
314	1
315	1
316	1
317	1
318	1
319	1
320	1
321	1
322	1
323	1
324	1
325	1
326	1
327	1
328	1
329	1
330	1
331	1
332	1
333	1
334	1
335	1
336	1
337	1
338	1
339	1
340	1
341	1
342	1
343	1
344	1
345	1
346	1
347	1
348	1
349	1
350	1
351	1
352	1
353	1
354	1
355	1
356	1
357	1
358	1
359	1
360	1
361	1
362	1
363	1
364	1
365	1
366	1
367	1
368	1
369	1
370	1
371	1
372	1
373	1
374	1
375	1
376	1
377	1
378	1
379	1
380	1
381	1
382	1
383	1
384	1
385	1
386	1
387	1
388	1
389	1
390	1
391	1
392	1
393	1
394	1
395	1
396	1
397	1
398	1
399	1
400	1
401	1
402	1
403	1
404	1
405	1
406	1
407	1
408	1
409	1
410	1
411	1
412	1
413	1
414	1
415	1
416	1
417	1
418	1
419	1
420	1
421	1
422	1
423	1
424	1
425	1
426	1
427	1
428	1
429	1
430	1
431	1
432	1
433	1
434	1
435	1
436	1
437	1
438	1
439	1
440	1
441	1
442	1
443	1
444	1
445	1
446	1
447	1
448	1
449	1
450	1
451	1
452	1
453	1
454	1
455	1
456	1
457	1
458	1
459	1
460	1
461	1
462	1
463	1
464	1
465	1
466	1
467	1
468	1
469	1
470	1
471	1
472	1
473	1
474	1
475	1
476	1
477	1
478	1
479	1
480	1
481	1
482	1
483	1
484	1
485	1
486	1
487	1
488	1
489	1
490	1
491	1
492	1
493	1
494	1
495	1
496	1
497	1
498	1
499	1
500	1
501	1
502	1
503	1
504	1
505	1
506	1
507	1
508	1
509	1
510	1
511	1
512	1
513	1
514	1
515	1
516	-1000
517	-1000
518	-1000
519	-1000
520	-1000
521	-1000
522	-1000
523	-1000
524	-1000
525	-1000
526	-1000
527	-1000
528	-1000
529	-1000
530	-1000
531	-1000
532	-1000
533	-1000
534	-1000
535	-1000
536	-1000
537	-1000
538	-1000
539	-1000
540	-1000
541	-1000
542	-1000
543	-1000
544	-1000
545	-1000
546	-1000
547	-1000
548	-1000
549	-1000
550	-1000
551	-1000
552	-1000
553	-1000
554	-1000
555	-1000
556	-1000
557	-1000
558	-1000
559	-1000
560	-1000
561	-1000
562	-1000
563	-1000
564	-1000
565	-1000
566	-1000
567	-1000
568	-1000
569	-1000
570	-1000
571	-1000
572	-1000
573	-1000
574	-1000
575	-1000
576	-1000
577	-1000
578	-1000
579	-1000
580	-1000
581	-1000
582	-1000
583	-1000
584	-1000
585	-1000
586	-1000
587	-1000
588	-1000
589	-1000
590	-1000
591	-1000
592	-1000
593	-1000
594	-1000
595	-1000
596	-1000
597	-1000
598	-1000
599	-1000
600	-1000
601	-1000
602	-1000
603	-1000
604	-1000
605	-1000
606	-1000
607	-1000
608	-1000
609	-1000
610	2
611	2
612	2
613	2
614	2
615	2
616	2
617	2
618	2
619	2
620	2
621	2
622	2
623	2
624	2
625	2
626	2
627	2
628	2
629	2
630	2
631	2
632	2
633	2
634	2
635	2
636	2
637	2
638	2
639	2
640	2
641	2
642	2
643	2
644	2
645	2
646	2
647	2
648	2
649	2
650	2
651	2
652	2
653	2
654	2
655	2
656	2
657	2
658	2
659	2
660	2
661	2
662	2
663	2
664	2
665	2
666	2
667	2
668	2
669	2
670	2
671	2
672	2
673	2
674	2
675	2
676	2
677	2
678	2
679	2
680	2
681	2
682	2
683	2
684	2
685	2
686	2
687	2
688	2
689	2
690	2
691	2
692	2
693	2
694	2
695	2
696	2
697	2
698	2
699	2
700	2
701	2
702	2
703	2
704	2
705	2
706	2
707	2
708	2
709	2
710	2
711	2
712	2
713	2
714	2
715	2
716	2
717	2
718	2
719	2
720	2
721	2
722	2
723	2
724	2
725	2
726	2
727	2
728	2
729	2
730	2
731	2
732	2
733	2
734	2
735	2
736	2
737	2
738	2
739	2
740	2
741	2
742	2
743	2
744	2
745	2
746	2
747	2
748	2
749	2
750	2
751	2
752	2
753	2
754	2
755	2
756	2
757	2
758	2
759	2
760	2
761	2
762	2
763	2
764	2
765	2
766	2
767	2
768	2
769	2
770	2
771	2
772	2
773	2
774	2
775	2
776	2
777	2
778	2
779	2
780	2
781	2
782	2
783	2
784	2
785	2
786	2
787	2
788	2
789	2
790	2
791	2
792	2
793	2
794	2
795	2
796	2
797	2
798	2
799	2
800	2
801	2
802	2
803	2
804	2
805	2
806	2
807	2
808	2
809	2
810	2
811	2
812	2
813	2
814	2
815	2
816	2
817	2
818	2
819	2
820	2
821	2
822	2
823	2
824	2
825	2
826	2
827	2
828	2
829	2
830	2
831	2
832	2
833	2
834	2
835	2
836	2
837	2
838	2
839	2
840	2
841	2
842	2
843	2
844	2
845	2
846	2
847	2
848	2
849	2
850	2
851	2
852	2
853	2
854	2
855	2
856	2
857	2
858	2
859	2
860	2
861	2
862	2
863	2
864	2
865	2
866	2
867	2
868	2
869	2
870	2
871	2
872	2
873	2
874	2
875	2
876	2
877	2
878	2
879	2
880	2
881	2
882	2
883	2
884	2
885	2
886	2
887	2
888	2
889	2
890	2
891	2
892	2
893	2
894	2
895	2
896	2
897	2
898	2
899	2
900	2
901	2
902	2
903	2
904	2
905	2
906	2
907	2
908	2
909	2
910	2
911	2
912	2
913	2
914	2
915	2
916	2
917	2
918	2
919	2
920	2
921	2
922	2
923	2
924	2
925	2
926	2
927	2
928	2
929	2
930	2
931	2
932	2
933	2
934	2
935	2
936	2
937	2
938	2
939	2
940	2
941	2
942	2
943	2
944	2
945	2
946	2
947	2
948	2
949	2
950	2
951	2
952	2
953	2
954	2
955	2
956	2
957	2
958	2
959	2
960	2
961	2
962	2
963	2
964	2
965	2
966	2
967	2
968	2
969	2
970	2
971	2
972	2
973	2
974	2
975	2
976	2
977	2
978	2
979	2
980	2
981	2
982	2
983	2
984	2
985	-1000
986	-1000
987	-1000
988	-1000
989	-1000
990	-1000
991	-1000
992	-1000
993	-1000
994	-1000
995	-1000
996	-1000
997	-1000
998	-1000
999	-1000
1000	-1000
1001	-1000
1002	-1000
1003	-1000
1004	-1000
1005	-1000
1006	-1000
1007	-1000
1008	-1000
1009	-1000
1010	-1000
1011	-1000
1012	-1000
1013	-1000
1014	-1000
1015	-1000
1016	-1000
1017	-1000
1018	-1000
1019	-1000
1020	-1000
1021	-1000
1022	-1000
1023	-1000
1024	-1000
1025	-1000
1026	-1000
1027	-1000
1028	-1000
1029	-1000
1030	-1000
1031	-1000
1032	-1000
1033	-1000
1034	-1000
1035	-1000
1036	-1000
1037	-1000
1038	-1000
1039	-1000
1040	-1000
1041	-1000
1042	-1000
1043	-1000
1044	-1000
1045	-1000
1046	-1000
1047	-1000
1048	-1000
1049	-1000
1050	-1000
1051	-1000
1052	-1000
1053	-1000
1054	-1000
1055	-1000
1056	-1000
1057	-1000
1058	-1000
1059	-1000
1060	-1000
1061	-1000
1062	-1000
1063	-1000
1064	-1000
1065	-1000
1066	-1000
1067	-1000
1068	-1000
1069	-1000
1070	-1000
1071	-1000
1072	-1000
1073	-1000
1074	-1000
1075	-1000
1076	-1000
1077	-1000
1078	-1000
1079	-1000
1080	-1000
1081	-1000
1082	-1000
1083	-1000
1084	-1000
1085	-1000
1086	-1000
1087	-1000
1088	-1000
1089	-1000
1090	-1000
1091	-1000
1092	-1000
1093	-1000
1094	-1000
1095	-1000
1096	-1000
1097	-1000
1098	-1000
1099	-1000
1100	-1000
1101	-1000
1102	-1000
1103	-1000
1104	-1000
1105	-1000
1106	-1000
1107	-1000
1108	-1000
1109	-1000
1110	-1000
1111	-1000
1112	-1000
1113	-1000
1114	-1000
1115	-1000
1116	-1000
1117	-1000
1118	-1000
1119	-1000
1120	-1000
1121	-1000
1122	-1000
1123	-1000
1124	-1000
1125	-1000
1126	-1000
1127	-1000
1128	-1000
1129	-1000
1130	-1000
1131	-1000
1132	-1000
1133	-1000
1134	-1000
1135	-1000
1136	-1000
1137	-1000
1138	-1000
1139	-1000
1140	-1000
1141	-1000
1142	-1000
1143	-1000
1144	-1000
1145	-1000
1146	-1000
1147	-1000
1148	-1000
1149	-1000
1150	-1000
1151	-1000
1152	-1000
1153	-1000
1154	-1000
1155	-1000
1156	-1000
1157	-1000
1158	-1000
1159	-1000
1160	-1000
1161	-1000
1162	-1000
1163	-1000
1164	-1000
1165	-1000
1166	-1000
1167	-1000
1168	-1000
1169	-1000
1170	-1000
1171	-1000
1172	-1000
1173	-1000
1174	-1000
1175	-1000
1176	-1000
1177	-1000
1178	-1000
1179	-1000
1180	-1000
1181	-1000
1182	-1000
1183	-1000
1184	-1000
1185	-1000
1186	-1000
1187	-1000
1188	-1000
1189	-1000
1190	-1000
1191	-1000
1192	-1000
1193	-1000
1194	-1000
1195	-1000
1196	-1000
1197	-1000
1198	-1000
1199	-1000
1200	-1000
1201	-1000
1202	-1000
1203	-1000
1204	-1000
1205	-1000
1206	-1000
1207	-1000
1208	-1000
1209	-1000
1210	-1000
1211	-1000
1212	-1000
1213	-1000
1214	-1000
1215	-1000
1216	-1000
1217	-1000
1218	-1000
1219	-1000
1220	-1000
1221	-1000
1222	-1000
1223	-1000
1224	-1000
1225	-1000
1226	-1000
1227	-1000
1228	-1000
1229	-1000
1230	-1000
1231	-1000
1232	-1000
1233	-1000
1234	-1000
1235	-1000
1236	-1000
1237	-1000
1238	-1000
1239	-1000
1240	-1000
1241	-1000
1242	-1000
1243	-1000
1244	-1000
1245	-1000
1246	-1000
1247	-1000
1248	-1000
1249	-1000
1250	-1000
1251	-1000
1252	-1000
1253	-1000
1254	-1000
1255	-1000
1256	-1000
1257	-1000
1258	-1000
1259	-1000
1260	-1000
1261	-1000
1262	-1000
1263	-1000
1264	-1000
1265	-1000
1266	-1000
1267	-1000
1268	-1000
1269	-1000
1270	-1000
1271	-1000
1272	-1000
1273	-1000
1274	-1000
1275	-1000
1276	-1000
1277	-1000
1278	-1000
1279	-1000
1280	-1000
1281	-1000
1282	-1000
1283	-1000
1284	-1000
1285	-1000
1286	-1000
1287	-1000
1288	-1000
1289	-1000
1290	-1000
1291	-1000
1292	-1000
1293	-1000
1294	-1000
1295	-1000
1296	-1000
1297	-1000
1298	-1000
1299	-1000
1300	-1000
1301	2
1302	2
1303	2
1304	2
1305	2
1306	2
1307	2
1308	2
1309	2
1310	2
1311	2
1312	2
1313	2
1314	2
1315	2
1316	2
1317	2
1318	2
1319	2
1320	2
1321	2
1322	2
1323	2
1324	2
1325	2
1326	2
1327	2
1328	2
1329	2
1330	2
1331	2
1332	2
1333	2
1334	2
1335	2
1336	2
1337	2
1338	2
1339	2
1340	2
1341	2
1342	2
1343	2
1344	2
1345	2
1346	2
1347	2
1348	2
1349	2
1350	2
1351	2
1352	2
1353	2
1354	2
1355	2
1356	2
1357	2
1358	2
1359	2
1360	2
1361	2
1362	2
1363	2
1364	2
1365	2
1366	2
1367	2
1368	2
1369	2
1370	2
1371	2
1372	2
1373	2
1374	2
1375	2
1376	2
1377	2
1378	2
1379	2
1380	2
1381	2
1382	2
1383	2
1384	2
1385	2
1386	2
1387	2
1388	2
1389	2
1390	2
1391	2
1392	2
1393	2
1394	2
1395	2
1396	2
1397	2
1398	2
1399	2
1400	2
1401	2
1402	2
1403	2
1404	2
1405	2
1406	2
1407	2
1408	2
1409	2
1410	2
1411	2
1412	2
1413	2
1414	2
1415	2
1416	2
1417	2
1418	2
1419	2
1420	2
1421	2
1422	2
1423	2
1424	2
1425	2
1426	2
1427	2
1428	2
1429	2
1430	2
1431	2
1432	2
1433	2
1434	2
1435	2
1436	2
1437	2
1438	2
1439	2
1440	2
1441	2
1442	2
1443	2
1444	2
1445	2
1446	2
1447	2
1448	2
1449	2
1450	2
1451	2
1452	2
1453	2
1454	2
1455	2
1456	2
1457	2
1458	2
1459	2
1460	2
1461	2
1462	2
1463	2
1464	2
1465	2
1466	2
1467	2
1468	2
1469	2
1470	2
1471	2
1472	2
1473	2
1474	2
1475	2
1476	2
1477	2
1478	2
1479	2
1480	2
1481	2
1482	2
1483	2
1484	2
1485	2
1486	2
1487	2
1488	2
1489	2
1490	2
1491	2
1492	2
1493	2
1494	2
1495	2
1496	2
1497	2
1498	2
1499	2
1500	2
1501	2
1502	2
1503	2
1504	2
1505	2
1506	2
1507	2
1508	2
1509	2
1510	2
1511	2
1512	2
1513	2
1514	2
1515	2
1516	2
1517	2
1518	2
1519	2
1520	2
1521	2
1522	2
1523	2
1524	2
1525	2
1526	2
1527	2
1528	2
1529	2
1530	2
1531	2
1532	2
1533	2
1534	2
1535	2
1536	2
1537	2
1538	2
1539	2
1540	2
1541	2
1542	2
1543	2
1544	2
1545	2
1546	2
1547	2
1548	2
1549	2
1550	2
1551	2
1552	2
1553	2
1554	2
1555	2
1556	2
1557	2
1558	2
1559	2
1560	2
1561	2
1562	2
1563	2
1564	2
1565	2
1566	2
1567	2
1568	2
1569	2
1570	2
1571	2
1572	2
1573	2
1574	2
1575	-1000
1576	-1000
1577	-1000
1578	-1000
1579	-1000
1580	-1000
1581	-1000
1582	-1000
1583	-1000
1584	-1000
1585	-1000
1586	-1000
1587	-1000
1588	-1000
1589	-1000
1590	-1000
1591	-1000
1592	-1000
1593	-1000
1594	-1000
1595	-1000
1596	-1000
1597	-1000
1598	-1000
1599	-1000
1600	-1000
1601	-1000
1602	-1000
1603	-1000
1604	-1000
1605	-1000
1606	-1000
1607	-1000
1608	-1000
1609	-1000
1610	-1000
1611	-1000
1612	-1000
1613	-1000
1614	-1000
1615	-1000
1616	-1000
1617	-1000
1618	-1000
1619	-1000
1620	-1000
1621	-1000
1622	-1000
1623	-1000
1624	-1000
1625	-1000
1626	-1000
1627	-1000
1628	-1000
1629	-1000
1630	-1000
1631	-1000
1632	-1000
1633	-1000
1634	-1000
1635	-1000
1636	-1000
1637	-1000
1638	-1000
1639	-1000
1640	-1000
1641	-1000
1642	-1000
1643	-1000
1644	-1000
1645	-1000
1646	-1000
1647	-1000
1648	-1000
1649	-1000
1650	-1000
1651	-1000
1652	-1000
1653	-1000
1654	-1000
1655	-1000
1656	-1000
1657	-1000
1658	-1000
1659	-1000
1660	-1000
1661	-1000
1662	-1000
1663	-1000
1664	-1000
1665	-1000
1666	-1000
1667	-1000
1668	-1000
1669	-1000
1670	-1000
1671	-1000
1672	-1000
1673	-1000
1674	-1000
1675	-1000
1676	-1000
1677	-1000
1678	-1000
1679	-1000
1680	-1000
1681	-1000
1682	-1000
1683	-1000
1684	-1000
1685	-1000
1686	-1000
1687	-1000
1688	-1000
1689	-1000
1690	-1000
1691	-1000
1692	-1000
1693	-1000
1694	-1000
1695	-1000
1696	-1000
1697	-1000
1698	-1000
1699	-1000
1700	-1000
1701	-1000
1702	-1000
1703	-1000
1704	-1000
1705	-1000
1706	-1000
1707	-1000
1708	-1000
1709	-1000
1710	-1000
1711	-1000
1712	-1000
1713	-1000
1714	-1000
1715	-1000
1716	-1000
1717	-1000
1718	-1000
1719	-1000
1720	-1000
1721	-1000
1722	-1000
1723	-1000
1724	-1000
1725	-1000
1726	-1000
1727	-1000
1728	-1000
1729	-1000
1730	-1000
1731	-1000
1732	-1000
1733	-1000
1734	-1000
1735	-1000
1736	-1000
1737	-1000
1738	-1000
1739	-1000
1740	-1000
1741	-1000
1742	-1000
1743	-1000
1744	-1000
1745	-1000
1746	-1000
1747	-1000
1748	-1000
1749	-1000
1750	-1000
1751	-1000
1752	-1000
1753	-1000
1754	-1000
1755	-1000
1756	-1000
1757	-1000
1758	-1000
1759	-1000
1760	-1000
1761	-1000
1762	-1000
1763	-1000
1764	-1000
1765	-1000
1766	-1000
1767	-1000
1768	-1000
1769	-1000
1770	-1000
1771	-1000
1772	-1000
1773	-1000
1774	-1000
1775	-1000
1776	-1000
1777	-1000
1778	-1000
1779	-1000
1780	-1000
1781	-1000
1782	-1000
1783	-1000
1784	-1000
1785	-1000
1786	-1000
1787	-1000
1788	-1000
1789	-1000
1790	-1000
1791	-1000
1792	-1000
1793	-1000
1794	-1000
1795	-1000
1796	-1000
1797	-1000
1798	-1000
1799	-1000
1800	-1000
1801	-1000
1802	-1000
1803	-1000
1804	-1000
1805	-1000
1806	-1000
1807	-1000
1808	-1000
1809	-1000
1810	-1000
1811	-1000
1812	-1000
1813	-1000
1814	-1000
1815	-1000
1816	-1000
1817	-1000
1818	-1000
1819	-1000
1820	-1000
1821	-1000
1822	-1000
1823	-1000
1824	-1000
1825	-1000
1826	-1000
1827	-1000
1828	-1000
1829	-1000
1830	-1000
1831	-1000
1832	-1000
1833	-1000
1834	-1000
1835	-1000
1836	-1000
1837	-1000
1838	-1000
1839	-1000
1840	-1000
1841	-1000
1842	-1000
1843	-1000
1844	-1000
1845	-1000
1846	-1000
1847	-1000
1848	-1000
1849	-1000
1850	-1000
1851	-1000
1852	-1000
1853	-1000
1854	-1000
1855	-1000
1856	-1000
1857	-1000
1858	-1000
1859	-1000
1860	-1000
1861	-1000
1862	-1000
1863	-1000
1864	-1000
1865	-1000
1866	-1000
1867	-1000
1868	-1000
1869	-1000
1870	-1000
1871	-1000
1872	-1000
1873	-1000
1874	-1000
1875	-1000
1876	-1000
1877	-1000
1878	-1000
1879	-1000
1880	-1000
1881	-1000
1882	-1000
1883	-1000
1884	-1000
1885	-1000
1886	-1000
1887	-1000
1888	-1000
1889	-1000
1890	-1000
1891	-1000
1892	-1000
1893	-1000
1894	-1000
1895	-1000
1896	-1000
1897	-1000
1898	-1000
1899	-1000
1900	-1000
1901	-1000
1902	-1000
1903	-1000
1904	-1000
1905	-1000
1906	-1000
1907	-1000
1908	-1000
1909	-1000
1910	-1000
1911	-1000
1912	-1000
1913	-1000
1914	-1000
1915	-1000
1916	-1000
1917	-1000
1918	-1000
1919	-1000
1920	-1000
1921	-1000
1922	-1000
1923	-1000
1924	-1000
1925	-1000
1926	-1000
1927	-1000
1928	-1000
1929	-1000
1930	-1000
1931	-1000
1932	-1000
1933	-1000
1934	-1000
1935	-1000
1936	-1000
1937	-1000
1938	-1000
1939	-1000
1940	-1000
1941	-1000
1942	-1000
1943	-1000
1944	-1000
1945	-1000
1946	-1000
1947	-1000
1948	-1000
1949	-1000
1950	-1000
1951	-1000
1952	-1000
1953	-1000
1954	-1000
1955	-1000
1956	-1000
1957	-1000
1958	-1000
1959	-1000
1960	-1000
1961	-1000
1962	-1000
1963	-1000
1964	-1000
1965	-1000
1966	-1000
1967	-1000
1968	-1000
1969	-1000
1970	-1000
1971	-1000
1972	-1000
1973	-1000
1974	-1000
1975	-1000
1976	-1000
1977	-1000
1978	-1000
1979	-1000
1980	-1000
1981	-1000
1982	-1000
1983	-1000
1984	-1000
1985	-1000
1986	-1000
1987	-1000
1988	-1000
1989	-1000
1990	-1000
1991	-1000
1992	-1000
1993	-1000
1994	-1000
1995	-1000
1996	-1000
1997	-1000
1998	-1000
1999	-1000
2000	-1000
2001	-1000
2002	-1000
2003	-1000
2004	-1000
2005	-1000
2006	-1000
2007	-1000
2008	-1000
2009	-1000
2010	-1000
2011	-1000
2012	-1000
2013	-1000
2014	-1000
2015	-1000
2016	-1000
2017	-1000
2018	-1000
2019	-1000
2020	-1000
2021	-1000
2022	-1000
2023	-1000
2024	-1000
2025	-1000
2026	-1000
2027	-1000
2028	-1000
2029	-1000
2030	-1000
2031	-1000
2032	-1000
2033	-1000
2034	-1000
2035	-1000
2036	-1000
2037	-1000
2038	-1000
2039	-1000
2040	-1000
2041	-1000
2042	-1000
2043	-1000
2044	-1000
2045	-1000
2046	-1000
2047	-1000
2048	-1000
2049	-1000
2050	-1000
2051	-1000
2052	-1000
2053	-1000
2054	-1000
2055	-1000
2056	-1000
2057	-1000
2058	-1000
2059	-1000
2060	-1000
2061	-1000
2062	-1000
2063	-1000
2064	-1000
2065	-1000
2066	-1000
2067	-1000
2068	-1000
2069	-1000
2070	-1000
2071	-1000
2072	-1000
2073	-1000
2074	-1000
2075	-1000
2076	-1000
2077	-1000
2078	-1000
2079	-1000
2080	-1000
2081	-1000
2082	-1000
2083	-1000
2084	-1000
2085	-1000
2086	-1000
2087	-1000
2088	-1000
2089	-1000
2090	-1000
2091	-1000
2092	-1000
2093	-1000
2094	-1000
2095	-1000
2096	-1000
2097	-1000
2098	-1000
2099	-1000
2100	-1000
2101	-1000
2102	-1000
2103	-1000
2104	-1000
2105	-1000
2106	-1000
2107	-1000
2108	-1000
2109	-1000
2110	-1000
2111	-1000
2112	-1000
2113	-1000
2114	-1000
2115	-1000
2116	-1000
2117	-1000
2118	-1000
2119	-1000
2120	-1000
2121	-1000
2122	-1000
2123	-1000
2124	-1000
2125	-1000
2126	-1000
2127	-1000
2128	-1000
2129	-1000
2130	-1000
2131	-1000
2132	-1000
2133	-1000
2134	-1000
2135	-1000
2136	-1000
2137	-1000
2138	-1000
2139	-1000
2140	-1000
2141	-1000
2142	-1000
2143	-1000
2144	-1000
2145	-1000
2146	-1000
2147	-1000
2148	-1000
2149	-1000
2150	-1000
2151	-1000
2152	-1000
2153	-1000
2154	-1000
2155	-1000
2156	-1000
2157	-1000
2158	-1000
2159	-1000
2160	-1000
2161	-1000
2162	-1000
2163	-1000
2164	-1000
2165	-1000
2166	-1000
2167	-1000
2168	-1000
2169	-1000
2170	-1000
2171	-1000
2172	-1000
2173	-1000
2174	-1000
2175	-1000
2176	-1000
2177	-1000
2178	-1000
2179	-1000
2180	-1000
2181	-1000
2182	-1000
2183	-1000
2184	-1000
2185	-1000
2186	-1000
2187	-1000
2188	-1000
2189	-1000
2190	-1000
2191	-1000
2192	-1000
2193	-1000
2194	-1000
2195	-1000
2196	-1000
2197	-1000
2198	2
2199	2
2200	2
2201	2
2202	2
2203	2
2204	2
2205	2
2206	2
2207	2
2208	2
2209	2
2210	2
2211	2
2212	2
2213	2
2214	2
2215	2
2216	2
2217	2
2218	2
2219	2
2220	2
2221	2
2222	2
2223	2
2224	2
2225	2
2226	2
2227	2
2228	2
2229	2
2230	2
2231	2
2232	2
2233	2
2234	2
2235	2
2236	2
2237	2
2238	2
2239	2
2240	2
2241	2
2242	2
2243	2
2244	2
2245	2
2246	2
2247	2
2248	2
2249	2
2250	2
2251	2
2252	2
2253	2
2254	2
2255	-1000
2256	-1000
2257	-1000
2258	-1000
2259	-1000
2260	-1000
2261	-1000
2262	-1000
2263	-1000
2264	-1000
2265	-1000
2266	-1000
2267	-1000
2268	-1000
2269	-1000
2270	-1000
2271	-1000
2272	-1000
2273	-1000
2274	-1000
2275	-1000
2276	-1000
2277	-1000
2278	-1000
2279	-1000
2280	-1000
2281	-1000
2282	-1000
2283	-1000
2284	-1000
2285	-1000
2286	-1000
2287	-1000
2288	-1000
2289	-1000
2290	-1000
2291	-1000
2292	-1000
2293	-1000
2294	-1000
2295	-1000
2296	-1000
2297	-1000
2298	-1000
2299	-1000
2300	-1000
2301	-1000
2302	-1000
2303	-1000
2304	-1000
2305	-1000
2306	-1000
2307	-1000
2308	-1000
2309	-1000
2310	-1000
2311	-1000
2312	-1000
2313	-1000
2314	-1000
2315	-1000
2316	-1000
2317	-1000
2318	-1000
2319	-1000
2320	-1000
2321	-1000
2322	-1000
2323	-1000
2324	-1000
2325	-1000
2326	-1000
2327	-1000
2328	-1000
2329	-1000
2330	-1000
2331	-1000
2332	-1000
2333	-1000
2334	-1000
2335	3
2336	3
2337	3
2338	3
2339	3
2340	3
2341	3
2342	3
2343	3
2344	3
2345	3
2346	3
2347	3
2348	3
2349	3
2350	3
2351	3
2352	3
2353	3
2354	3
2355	3
2356	3
2357	3
2358	3
2359	3
2360	3
2361	3
2362	3
2363	3
2364	3
2365	3
2366	3
2367	3
2368	3
2369	3
2370	3
2371	3
2372	3
2373	3
2374	3
2375	3
2376	3
2377	3
2378	3
2379	3
2380	3
2381	3
2382	3
2383	3
2384	3
2385	3
2386	3
2387	3
2388	3
2389	3
2390	3
2391	3
2392	3
2393	3
2394	3
2395	3
2396	3
2397	3
2398	3
2399	3
2400	3
2401	3
2402	3
2403	3
2404	3
2405	3
2406	3
2407	3
2408	3
2409	3
2410	3
2411	3
2412	3
2413	3
2414	3
2415	3
2416	3
2417	3
2418	3
2419	3
2420	3
2421	3
2422	3
2423	3
2424	3
2425	3
2426	3
2427	3
2428	3
2429	3
2430	3
2431	3
2432	3
2433	3
2434	3
2435	3
2436	3
2437	3
2438	3
2439	3
2440	3
2441	3
2442	3
2443	3
2444	3
2445	3
2446	3
2447	3
2448	3
2449	3
2450	3
2451	3
2452	3
2453	3
2454	3
2455	3
2456	3
2457	3
2458	3
2459	3
2460	3
2461	3
2462	3
2463	3
2464	3
2465	3
2466	3
2467	3
2468	3
2469	3
2470	3
2471	3
2472	3
2473	3
2474	3
2475	3
2476	3
2477	3
2478	3
2479	3
2480	3
2481	3
2482	3
2483	3
2484	3
2485	3
2486	3
2487	3
2488	3
2489	3
2490	3
2491	3
2492	3
2493	3
2494	3
2495	3
2496	3
2497	3
2498	3
2499	3
2500	3
2501	3
2502	3
2503	3
2504	3
2505	3
2506	3
2507	3
2508	3
2509	3
2510	3
2511	3
2512	3
2513	3
2514	3
2515	3
2516	3
2517	3
2518	3
2519	3
2520	3
2521	3
2522	3
2523	3
2524	3
2525	3
2526	3
2527	3
2528	3
2529	3
2530	3
2531	3
2532	3
2533	3
2534	3
2535	3
2536	3
2537	3
2538	3
2539	3
2540	3
2541	3
2542	3
2543	3
2544	3
2545	3
2546	3
2547	3
2548	3
2549	3
2550	3
2551	3
2552	3
2553	3
2554	3
2555	3
2556	3
2557	3
2558	3
2559	3
2560	3
2561	3
2562	3
2563	3
2564	3
2565	3
2566	3
2567	3
2568	3
2569	3
2570	3
2571	3
2572	3
2573	3
2574	3
2575	3
2576	3
2577	3
2578	3
2579	3
2580	3
2581	3
2582	3
2583	3
2584	3
2585	3
2586	3
2587	3
2588	3
2589	3
2590	3
2591	3
2592	3
2593	3
2594	3
2595	3
2596	3
2597	3
2598	3
2599	3
2600	3
2601	3
2602	3
2603	3
2604	3
2605	3
2606	3
2607	3
2608	3
2609	3
2610	3
2611	3
2612	3
2613	3
2614	3
2615	3
2616	3
2617	3
2618	3
2619	3
2620	3
2621	3
2622	3
2623	3
2624	3
2625	3
2626	3
2627	3
2628	3
2629	3
2630	3
2631	3
2632	3
2633	3
2634	3
2635	3
2636	3
2637	3
2638	3
2639	3
2640	3
2641	3
2642	3
2643	3
2644	3
2645	3
2646	3
2647	3
2648	3
2649	3
2650	3
2651	3
2652	3
2653	3
2654	3
2655	3
2656	3
2657	3
2658	3
2659	3
2660	3
2661	3
2662	3
2663	3
2664	3
2665	3
2666	3
2667	3
2668	3
2669	3
2670	3
2671	3
2672	3
2673	3
2674	3
2675	3
2676	3
2677	3
2678	3
2679	3
2680	3
2681	3
2682	3
2683	3
2684	3
2685	3
2686	3
2687	3
2688	3
2689	3
2690	3
2691	3
2692	3
2693	3
2694	3
2695	3
2696	3
2697	3
2698	3
2699	3
2700	3
2701	3
2702	3
2703	3
2704	3
2705	3
2706	3
2707	3
2708	3
2709	3
2710	3
2711	3
2712	3
2713	3
2714	3
2715	3
2716	3
2717	3
2718	3
2719	3
2720	3
2721	3
2722	3
2723	3
2724	3
2725	3
2726	3
2727	3
2728	3
2729	3
2730	3
2731	3
2732	3
2733	3
2734	3
2735	3
2736	3
2737	3
2738	3
2739	3
2740	3
2741	3
2742	3
2743	3
2744	3
2745	3
2746	3
2747	3
2748	3
2749	3
2750	3
2751	3
2752	3
2753	3
2754	3
2755	3
2756	3
2757	3
2758	3
2759	3
2760	3
2761	3
2762	3
2763	3
2764	3
2765	3
2766	3
2767	3
2768	3
2769	3
2770	3
2771	3
2772	3
2773	3
2774	3
2775	3
2776	3
2777	3
2778	3
2779	3
2780	3
2781	3
2782	3
2783	3
2784	3
2785	3
2786	3
2787	3
2788	3
2789	3
2790	3
2791	3
2792	3
2793	3
2794	3
2795	3
2796	3
2797	3
2798	3
2799	3
2800	3
2801	3
2802	3
2803	3
2804	3
2805	3
2806	3
2807	3
2808	3
2809	3
2810	3
2811	3
2812	3
2813	3
2814	3
2815	3
2816	3
2817	3
2818	3
2819	3
2820	3
2821	3
2822	3
2823	3
2824	3
2825	3
2826	3
2827	3
2828	3
2829	3
2830	3
2831	3
2832	3
2833	3
2834	3
2835	3
2836	3
2837	3
2838	3
2839	3
2840	3
2841	3
2842	3
2843	3
2844	3
2845	3
2846	3
2847	3
2848	3
2849	3
2850	3
2851	3
2852	3
2853	3
2854	3
2855	3
2856	3
2857	3
2858	3
2859	3
2860	3
2861	3
2862	3
2863	3
2864	3
2865	3
2866	3
2867	3
2868	3
2869	3
2870	3
2871	3
2872	3
2873	3
2874	3
2875	3
2876	3
2877	3
2878	3
2879	3
2880	3
2881	3
2882	3
2883	3
2884	3
2885	3
2886	3
2887	3
2888	3
2889	3
2890	3
2891	3
2892	3
2893	3
2894	3
2895	3
2896	3
2897	3
2898	3
2899	3
2900	3
2901	3
2902	3
2903	3
2904	3
2905	3
2906	3
2907	3
2908	3
2909	3
2910	3
2911	3
2912	3
2913	3
2914	3
2915	3
2916	3
2917	3
2918	3
2919	3
2920	3
2921	3
2922	3
2923	3
2924	3
2925	3
2926	3
2927	3
2928	3
2929	3
2930	3
2931	3
2932	3
2933	3
2934	3
2935	3
2936	3
2937	3
2938	3
2939	3
2940	3
2941	3
2942	3
2943	3
2944	3
2945	3
2946	3
2947	3
2948	3
2949	3
2950	3
2951	3
2952	3
2953	3
2954	3
2955	3
2956	3
2957	3
2958	3
2959	3
2960	3
2961	3
2962	3
2963	3
2964	3
2965	3
2966	3
2967	3
2968	3
2969	3
2970	3
2971	3
2972	3
2973	3
2974	3
2975	3
2976	3
2977	3
2978	3
2979	3
2980	3
2981	3
2982	3
2983	3
2984	3
2985	3
2986	3
2987	3
2988	3
2989	3
2990	3
2991	3
2992	3
2993	3
2994	3
2995	3
2996	3
2997	3
2998	3
2999	3
3000	3
3001	3
3002	3
3003	3
3004	3
3005	3
3006	3
3007	3
3008	3
3009	3
3010	3
3011	3
3012	3
3013	3
3014	3
3015	3
3016	3
3017	3
3018	3
3019	3
3020	3
3021	3
3022	3
3023	3
3024	3
3025	3
3026	3
3027	3
3028	3
3029	3
3030	3
3031	3
3032	3
3033	3
3034	3
3035	3
3036	3
3037	3
3038	3
3039	3
3040	3
3041	3
3042	3
3043	3
3044	3
3045	3
3046	3
3047	3
3048	3
3049	3
3050	3
3051	3
3052	3
3053	3
3054	3
3055	3
3056	3
3057	3
3058	3
3059	3
3060	3
3061	3
3062	3
3063	3
3064	3
3065	3
3066	3
3067	3
3068	3
3069	3
3070	3
3071	3
3072	3
3073	3
3074	3
3075	3
3076	3
3077	3
3078	3
3079	3
3080	3
3081	3
3082	3
3083	3
3084	3
3085	3
3086	3
3087	3
3088	3
3089	3
3090	3
3091	3
3092	3
3093	3
3094	3
3095	3
3096	3
3097	3
3098	3
3099	3
3100	3
3101	3
3102	3
3103	3
3104	3
3105	3
3106	3
3107	3
3108	3
3109	3
3110	3
3111	3
3112	3
3113	3
3114	3
3115	3
3116	3
3117	3
3118	3
3119	3
3120	3
3121	3
3122	3
3123	3
3124	3
3125	3
3126	3
3127	3
3128	3
3129	3
3130	3
3131	3
3132	3
3133	3
3134	3
3135	3
3136	3
3137	3
3138	3
3139	3
3140	3
3141	3
3142	3
3143	3
3144	3
3145	3
3146	3
3147	3
3148	3
3149	3
3150	3
3151	3
3152	3
3153	3
3154	3
3155	3
3156	3
3157	3
3158	3
3159	3
3160	3
3161	3
3162	3
3163	3
3164	3
3165	3
3166	3
3167	3
3168	3
3169	3
3170	3
3171	3
3172	3
3173	3
3174	3
3175	3
3176	3
3177	3
3178	3
3179	3
3180	3
3181	3
3182	3
3183	3
3184	3
3185	3
3186	3
3187	3
3188	3
3189	3
3190	3
3191	3
3192	3
3193	3
3194	3
3195	3
3196	3
3197	3
3198	3
3199	3
3200	3
3201	3
3202	3
3203	3
3204	3
3205	3
3206	3
3207	3
3208	3
3209	3
3210	3
3211	3
3212	3
3213	3
3214	3
3215	3
3216	3
3217	3
3218	3
3219	3
3220	3
3221	3
3222	3
3223	3
3224	3
3225	3
3226	3
3227	3
3228	3
3229	3
3230	3
3231	3
3232	3
3233	3
3234	3
3235	3
3236	3
3237	3
3238	3
3239	3
3240	3
3241	3
3242	3
3243	3
3244	3
3245	3
3246	3
3247	3
3248	3
3249	3
3250	3
3251	3
3252	3
3253	3
3254	3
3255	3
3256	3
3257	3
3258	3
3259	3
3260	3
3261	3
3262	3
3263	3
3264	3
3265	3
3266	3
3267	3
3268	3
3269	3
3270	3
3271	3
3272	3
3273	3
3274	3
3275	3
3276	3
3277	3
3278	3
3279	3
3280	3
3281	3
3282	3
3283	3
3284	3
3285	3
3286	3
3287	3
3288	3
3289	3
3290	3
3291	3
3292	3
3293	3
3294	3
3295	3
3296	3
3297	3
3298	3
3299	3
3300	3
3301	3
3302	3
3303	3
3304	3
3305	3
3306	3
3307	3
3308	3
3309	3
3310	3
3311	3
3312	3
3313	3
3314	3
3315	3
3316	3
3317	3
3318	3
3319	3
3320	3
3321	3
3322	3
3323	3
3324	3
3325	3
3326	3
3327	3
3328	3
3329	3
3330	3
3331	3
3332	3
3333	3
3334	3
3335	3
3336	3
3337	3
3338	3
3339	3
3340	3
3341	3
3342	3
3343	3
3344	3
3345	3
3346	3
3347	3
3348	3
3349	3
3350	3
3351	3
3352	3
3353	3
3354	3
3355	3
3356	3
3357	3
3358	3
3359	3
3360	3
3361	3
3362	3
3363	3
3364	3
3365	3
3366	3
3367	3
3368	3
3369	3
3370	3
3371	3
3372	3
3373	3
3374	3
3375	3
3376	3
3377	3
3378	3
3379	3
3380	3
3381	3
3382	3
3383	3
3384	3
3385	3
3386	3
3387	3
3388	3
3389	3
3390	3
3391	3
3392	3
3393	3
3394	3
3395	3
3396	3
3397	3
3398	3
3399	3
3400	3
3401	3
3402	3
3403	3
3404	3
3405	3
3406	3
3407	3
3408	3
3409	3
3410	3
3411	3
3412	3
3413	3
3414	3
3415	3
3416	3
3417	3
3418	3
3419	3
3420	3
3421	3
3422	3
3423	3
3424	3
3425	3
3426	3
3427	3
3428	3
3429	3
3430	3
3431	3
3432	3
3433	3
3434	3
3435	3
3436	3
3437	3
3438	3
3439	3
3440	3
3441	3
3442	3
3443	3
3444	3
3445	3
3446	3
3447	3
3448	3
3449	3
3450	3
3451	3
3452	3
3453	3
3454	3
3455	3
3456	3
3457	3
3458	3
3459	3
3460	3
3461	3
3462	3
3463	3
3464	3
3465	3
3466	3
3467	3
3468	3
3469	3
3470	3
3471	3
3472	3
3473	3
3474	3
3475	3
3476	3
3477	3
3478	3
3479	3
3480	3
3481	3
3482	3
3483	3
3484	3
3485	3
3486	3
3487	3
3488	3
3489	3
3490	3
3491	3
3492	3
3493	3
3494	3
3495	3
3496	3
3497	3
3498	3
3499	3
3500	3
3501	3
3502	3
3503	3
3504	3
3505	3
3506	3
3507	3
3508	3
3509	3
3510	3
3511	3
3512	3
3513	3
3514	3
3515	3
3516	3
3517	3
3518	3
3519	3
3520	3
3521	3
3522	3
3523	3
3524	3
3525	3
3526	3
3527	3
3528	3
3529	3
3530	3
3531	3
3532	3
3533	3
3534	3
3535	3
3536	3
3537	3
3538	3
3539	3
3540	3
3541	3
3542	3
3543	3
3544	3
3545	3
3546	3
3547	3
3548	3
3549	3
3550	3
3551	3
3552	3
3553	3
3554	3
3555	3
3556	3
3557	3
3558	3
3559	3
3560	3
3561	3
3562	3
3563	3
3564	3
3565	3
3566	3
3567	3
3568	3
3569	3
3570	3
3571	3
3572	3
3573	3
3574	3
3575	3
3576	3
3577	3
3578	3
3579	3
3580	3
3581	3
3582	3
3583	3
3584	3
3585	3
3586	3
3587	3
3588	3
3589	3
3590	3
3591	3
3592	3
3593	3
3594	3
3595	3
3596	3
3597	3
3598	3
3599	3
3600	3
3601	3
3602	3
3603	3
3604	3
3605	3
3606	3
3607	3
3608	3
3609	3
3610	3
3611	3
3612	3
3613	3
3614	3
3615	3
3616	3
3617	3
3618	3
3619	3
3620	3
3621	3
3622	3
3623	3
3624	3
3625	3
3626	3
3627	3
3628	3
3629	3
3630	3
3631	3
3632	3
3633	3
3634	3
3635	3
3636	3
3637	3
3638	3
3639	3
3640	3
3641	3
3642	3
3643	3
3644	3
3645	3
3646	3
3647	3
3648	3
3649	3
3650	3
3651	3
3652	3
3653	3
3654	3
3655	3
3656	3
3657	3
3658	3
3659	3
3660	3
3661	3
3662	3
3663	3
3664	3
3665	3
3666	3
3667	3
3668	3
3669	3
3670	3
3671	3
3672	3
3673	3
3674	3
3675	3
3676	3
3677	3
3678	3
3679	3
3680	3
3681	3
3682	3
3683	3
3684	3
3685	3
3686	3
3687	3
3688	3
3689	3
3690	3
3691	3
3692	3
3693	3
3694	3
3695	3
3696	3
3697	3
3698	3
3699	3
3700	3
3701	3
3702	3
3703	3
3704	3
3705	3
3706	3
3707	3
3708	3
3709	3
3710	3
3711	3
3712	3
3713	3
3714	3
3715	3
3716	3
3717	3
3718	3
3719	3
3720	3
3721	3
3722	3
3723	3
3724	3
3725	3
3726	3
3727	3
3728	3
3729	3
3730	3
3731	3
3732	3
3733	3
3734	3
3735	3
3736	3
3737	3
3738	3
3739	3
3740	3
3741	3
3742	3
3743	3
3744	3
3745	3
3746	3
3747	3
3748	3
3749	3
3750	3
3751	3
3752	3
3753	3
3754	3
3755	3
3756	3
3757	3
3758	3
3759	3
3760	3
3761	3
3762	3
3763	3
3764	3
3765	3
3766	3
3767	3
3768	3
3769	3
3770	3
3771	3
3772	3
3773	3
3774	3
3775	3
3776	3
3777	3
3778	3
3779	3
3780	3
3781	3
3782	3
3783	3
3784	3
3785	3
3786	3
3787	3
3788	3
3789	3
3790	3
3791	3
3792	3
3793	3
3794	3
3795	3
3796	3
3797	3
3798	3
3799	3
3800	3
3801	3
3802	3
3803	3
3804	3
3805	3
3806	3
3807	3
3808	3
3809	3
3810	3
3811	3
3812	3
3813	3
3814	3
3815	3
3816	3
3817	3
3818	3
3819	3
3820	3
3821	3
3822	3
3823	3
3824	3
3825	3
3826	3
3827	3
3828	3
3829	3
3830	3
3831	3
3832	3
3833	3
3834	3
3835	3
3836	3
3837	3
3838	3
3839	3
3840	3
3841	3
3842	3
3843	3
3844	3
3845	3
3846	3
3847	3
3848	3
3849	3
3850	3
3851	3
3852	3
3853	3
3854	3
3855	3
3856	3
3857	3
3858	3
3859	3
3860	3
3861	3
3862	3
3863	3
3864	3
3865	3
3866	3
3867	3
3868	3
3869	3
3870	3
3871	3
3872	3
3873	3
3874	3
3875	3
3876	3
3877	3
3878	3
3879	3
3880	3
3881	3
3882	3
3883	3
3884	3
3885	3
3886	3
3887	3
3888	3
3889	3
3890	3
3891	3
3892	3
3893	3
3894	3
3895	3
3896	3
3897	3
3898	3
3899	3
3900	3
3901	3
3902	3
3903	3
3904	3
3905	3
3906	-1000
3907	-1000
3908	-1000
3909	-1000
3910	-1000
3911	-1000
3912	-1000
3913	-1000
3914	-1000
3915	-1000
3916	-1000
3917	-1000
3918	-1000
3919	-1000
3920	-1000
3921	-1000
3922	-1000
3923	-1000
3924	-1000
3925	-1000
3926	-1000
3927	-1000
3928	-1000
3929	-1000
3930	-1000
3931	-1000
3932	-1000
3933	-1000
3934	-1000
3935	-1000
3936	-1000
3937	-1000
3938	-1000
3939	-1000
3940	-1000
3941	-1000
3942	-1000
3943	-1000
3944	-1000
3945	-1000
3946	-1000
3947	-1000
3948	-1000
3949	-1000
3950	-1000
3951	-1000
3952	-1000
3953	-1000
3954	-1000
3955	-1000
3956	-1000
3957	-1000
3958	-1000
3959	-1000
3960	-1000
3961	-1000
3962	-1000
3963	-1000
3964	-1000
3965	-1000
3966	-1000
3967	-1000
3968	-1000
3969	-1000
3970	-1000
3971	-1000
3972	-1000
3973	-1000
3974	-1000
3975	-1000
3976	-1000
3977	-1000
3978	-1000
3979	-1000
3980	-1000
3981	-1000
3982	-1000
3983	-1000
3984	-1000
3985	-1000
3986	-1000
3987	-1000
3988	-1000
3989	-1000
3990	-1000
3991	-1000
3992	-1000
3993	-1000
3994	-1000
3995	-1000
3996	-1000
3997	-1000
3998	-1000
3999	-1000
4000	-1000
4001	-1000
4002	-1000
4003	-1000
4004	-1000
4005	-1000
4006	-1000
4007	-1000
4008	-1000
4009	-1000
4010	-1000
4011	-1000
4012	-1000
4013	-1000
4014	-1000
4015	-1000
4016	-1000
4017	-1000
4018	-1000
4019	-1000
4020	-1000
4021	-1000
4022	-1000
4023	-1000
4024	-1000
4025	-1000
4026	-1000
4027	-1000
4028	-1000
4029	-1000
4030	-1000
4031	-1000
4032	-1000
4033	-1000
4034	-1000
4035	-1000
4036	-1000
4037	-1000
4038	-1000
4039	-1000
4040	-1000
4041	-1000
4042	-1000
4043	-1000
4044	-1000
4045	-1000
4046	-1000
4047	-1000
4048	-1000
4049	-1000
4050	-1000
4051	-1000
4052	-1000
4053	-1000
4054	-1000
4055	-1000
4056	-1000
4057	-1000
4058	-1000
4059	-1000
4060	-1000
4061	-1000
4062	-1000
4063	-1000
4064	-1000
4065	-1000
4066	-1000
4067	-1000
4068	-1000
4069	-1000
4070	-1000
4071	-1000
4072	-1000
4073	-1000
4074	-1000
4075	-1000
4076	-1000
4077	-1000
4078	-1000
4079	-1000
4080	-1000
4081	-1000
4082	-1000
4083	-1000
4084	-1000
4085	-1000
4086	-1000
4087	-1000
4088	-1000
4089	-1000
4090	-1000
4091	-1000
4092	-1000
4093	-1000
4094	-1000
4095	-1000
4096	-1000
4097	-1000
4098	-1000
4099	-1000
4100	-1000
4101	-1000
4102	-1000
4103	-1000
4104	-1000
4105	-1000
4106	-1000
4107	-1000
4108	-1000
4109	-1000
4110	-1000
4111	-1000
4112	-1000
4113	-1000
4114	-1000
4115	-1000
4116	-1000
4117	-1000
4118	-1000
4119	-1000
4120	-1000
4121	-1000
4122	-1000
4123	-1000
4124	-1000
4125	-1000
4126	-1000
4127	-1000
4128	-1000
4129	-1000
4130	-1000
4131	-1000
4132	-1000
4133	-1000
4134	-1000
4135	-1000
4136	-1000
4137	-1000
4138	-1000
4139	-1000
4140	-1000
4141	-1000
4142	-1000
4143	-1000
4144	-1000
4145	-1000
4146	-1000
4147	-1000
4148	-1000
4149	-1000
4150	-1000
4151	-1000
4152	-1000
4153	-1000
4154	-1000
4155	-1000
4156	-1000
4157	-1000
4158	-1000
4159	-1000
4160	-1000
4161	-1000
4162	-1000
4163	-1000
4164	-1000
4165	-1000
4166	-1000
4167	-1000
4168	-1000
4169	-1000
4170	-1000
4171	-1000
4172	-1000
4173	-1000
4174	-1000
4175	-1000
4176	-1000
4177	-1000
4178	-1000
4179	-1000
4180	-1000
4181	-1000
4182	-1000
4183	-1000
4184	-1000
4185	-1000
4186	-1000
4187	-1000
4188	-1000
4189	-1000
4190	-1000
4191	-1000
4192	-1000
4193	-1000
4194	-1000
4195	-1000
4196	-1000
4197	-1000
4198	-1000
4199	-1000
4200	-1000
4201	-1000
4202	-1000
4203	-1000
4204	-1000
4205	-1000
4206	-1000
4207	-1000
4208	-1000
4209	-1000
4210	-1000
4211	-1000
4212	-1000
4213	-1000
4214	-1000
4215	-1000
4216	-1000
4217	-1000
4218	-1000
4219	-1000
4220	-1000
4221	-1000
4222	-1000
4223	-1000
4224	-1000
4225	-1000
4226	-1000
4227	-1000
4228	-1000
4229	-1000
4230	-1000
4231	-1000
4232	-1000
4233	-1000
4234	-1000
4235	-1000
4236	-1000
4237	-1000
4238	-1000
4239	-1000
4240	-1000
4241	-1000
4242	-1000
4243	-1000
4244	-1000
4245	-1000
4246	-1000
4247	-1000
4248	-1000
4249	-1000
4250	-1000
4251	-1000
4252	-1000
4253	-1000
4254	-1000
4255	-1000
4256	-1000
4257	-1000
4258	-1000
4259	-1000
4260	-1000
4261	-1000
4262	-1000
4263	-1000
4264	-1000
4265	-1000
4266	-1000
4267	-1000
4268	-1000
4269	-1000
4270	-1000
4271	-1000
4272	-1000
4273	-1000
4274	-1000
4275	-1000
4276	-1000
4277	-1000
4278	-1000
4279	-1000
4280	-1000
4281	-1000
4282	-1000
4283	-1000
4284	-1000
4285	-1000
4286	-1000
4287	-1000
4288	-1000
4289	-1000
4290	-1000
4291	-1000
4292	-1000
4293	-1000
4294	-1000
4295	-1000
4296	-1000
4297	-1000
4298	-1000
4299	-1000
4300	-1000
4301	-1000
4302	-1000
4303	-1000
4304	-1000
4305	-1000
4306	-1000
4307	-1000
4308	-1000
4309	-1000
4310	-1000
4311	-1000
4312	-1000
4313	-1000
4314	-1000
4315	-1000
4316	-1000
4317	-1000
4318	-1000
4319	-1000
4320	-1000
4321	-1000
4322	-1000
4323	-1000
4324	-1000
4325	-1000
4326	-1000
4327	-1000
4328	-1000
4329	-1000
4330	-1000
4331	-1000
4332	-1000
4333	-1000
4334	-1000
4335	-1000
4336	-1000
4337	-1000
4338	-1000
4339	-1000
4340	-1000
4341	-1000
4342	-1000
4343	-1000
4344	-1000
4345	-1000
4346	-1000
4347	-1000
4348	-1000
4349	-1000
4350	-1000
4351	-1000
4352	-1000
4353	-1000
4354	-1000
4355	-1000
4356	-1000
4357	-1000
4358	-1000
4359	-1000
4360	-1000
4361	-1000
4362	-1000
4363	-1000
4364	-1000
4365	-1000
4366	-1000
4367	-1000
4368	-1000
4369	-1000
4370	-1000
4371	-1000
4372	-1000
4373	-1000
4374	-1000
4375	-1000
4376	-1000
4377	-1000
4378	-1000
4379	-1000
4380	-1000
4381	-1000
4382	-1000
4383	-1000
4384	-1000
4385	-1000
4386	-1000
4387	-1000
4388	-1000
4389	-1000
4390	-1000
4391	-1000
4392	-1000
4393	-1000
4394	-1000
4395	-1000
4396	-1000
4397	-1000
4398	-1000
4399	-1000
4400	-1000
4401	-1000
4402	-1000
4403	-1000
4404	-1000
4405	-1000
4406	-1000
4407	-1000
4408	-1000
4409	-1000
4410	-1000
4411	-1000
4412	-1000
4413	-1000
4414	-1000
4415	-1000
4416	-1000
4417	-1000
4418	-1000
4419	-1000
4420	-1000
4421	-1000
4422	-1000
4423	-1000
4424	-1000
4425	-1000
4426	-1000
4427	-1000
4428	-1000
4429	-1000
4430	-1000
4431	-1000
4432	-1000
4433	-1000
4434	-1000
4435	-1000
4436	-1000
4437	-1000
4438	-1000
4439	-1000
4440	-1000
4441	-1000
4442	-1000
4443	-1000
4444	-1000
4445	-1000
4446	-1000
4447	-1000
4448	-1000
4449	-1000
4450	-1000
4451	-1000
4452	-1000
4453	-1000
4454	-1000
4455	-1000
4456	-1000
4457	-1000
4458	-1000
4459	-1000
4460	-1000
4461	-1000
4462	-1000
4463	-1000
4464	-1000
4465	-1000
4466	-1000
4467	-1000
4468	-1000
4469	-1000
4470	-1000
4471	-1000
4472	-1000
4473	-1000
4474	-1000
4475	-1000
4476	-1000
4477	-1000
4478	-1000
4479	-1000
4480	-1000
4481	-1000
4482	-1000
4483	-1000
4484	-1000
4485	-1000
4486	-1000
4487	-1000
4488	-1000
4489	-1000
4490	-1000
4491	-1000
4492	-1000
4493	-1000
4494	-1000
4495	-1000
4496	-1000
4497	-1000
4498	-1000
4499	-1000
4500	-1000
4501	-1000
4502	-1000
4503	-1000
4504	-1000
4505	-1000
4506	-1000
4507	-1000
4508	-1000
4509	-1000
4510	-1000
4511	-1000
4512	-1000
4513	-1000
4514	-1000
4515	-1000
4516	-1000
4517	-1000
4518	-1000
4519	-1000
4520	-1000
4521	-1000
4522	-1000
4523	-1000
4524	-1000
4525	-1000
4526	-1000
4527	-1000
4528	-1000
4529	-1000
4530	-1000
4531	-1000
4532	-1000
4533	-1000
4534	-1000
4535	-1000
4536	-1000
4537	-1000
4538	-1000
4539	-1000
4540	-1000
4541	-1000
4542	-1000
4543	-1000
4544	-1000
4545	-1000
4546	-1000
4547	-1000
4548	-1000
4549	-1000
4550	-1000
4551	-1000
4552	-1000
4553	-1000
4554	-1000
4555	-1000
4556	-1000
4557	-1000
4558	-1000
4559	-1000
4560	-1000
4561	-1000
4562	-1000
4563	-1000
4564	-1000
4565	-1000
4566	-1000
4567	-1000
4568	-1000
4569	-1000
4570	-1000
4571	-1000
4572	-1000
4573	-1000
4574	-1000
4575	-1000
4576	-1000
4577	-1000
4578	-1000
4579	-1000
4580	-1000
4581	-1000
4582	-1000
4583	-1000
4584	-1000
4585	-1000
4586	-1000
4587	-1000
4588	-1000
4589	-1000
4590	-1000
4591	-1000
4592	-1000
4593	-1000
4594	-1000
4595	-1000
4596	-1000
4597	-1000
4598	-1000
4599	-1000
4600	-1000
4601	-1000
4602	-1000
4603	-1000
4604	-1000
4605	-1000
4606	-1000
4607	-1000
4608	-1000
4609	-1000
4610	-1000
4611	-1000
4612	-1000
4613	-1000
4614	-1000
4615	-1000
4616	-1000
4617	-1000
4618	-1000
4619	-1000
4620	-1000
4621	-1000
4622	-1000
4623	-1000
4624	-1000
4625	-1000
4626	-1000
4627	-1000
4628	-1000
4629	-1000
4630	-1000
4631	-1000
4632	-1000
4633	-1000
4634	-1000
4635	-1000
4636	-1000
4637	-1000
4638	-1000
4639	-1000
4640	-1000
4641	-1000
4642	-1000
4643	-1000
4644	-1000
4645	-1000
4646	-1000
4647	-1000
4648	-1000
4649	-1000
4650	-1000
4651	-1000
4652	-1000
4653	-1000
4654	-1000
4655	-1000
4656	-1000
4657	-1000
4658	-1000
4659	-1000
4660	-1000
4661	-1000
4662	-1000
4663	-1000
4664	-1000
4665	-1000
4666	-1000
4667	-1000
4668	-1000
4669	-1000
4670	-1000
4671	-1000
4672	-1000
4673	-1000
4674	-1000
4675	-1000
4676	-1000
4677	-1000
4678	-1000
4679	-1000
4680	-1000
4681	-1000
4682	-1000
4683	-1000
4684	-1000
4685	-1000
4686	-1000
4687	-1000
4688	-1000
4689	-1000
4690	-1000
4691	-1000
4692	-1000
4693	-1000
4694	-1000
4695	-1000
4696	-1000
4697	-1000
4698	-1000
4699	-1000
4700	-1000
4701	-1000
4702	-1000
4703	-1000
4704	-1000
4705	-1000
4706	-1000
4707	-1000
4708	-1000
4709	-1000
4710	-1000
4711	-1000
4712	5
4713	5
4714	5
4715	5
4716	5
4717	5
4718	5
4719	5
4720	5
4721	5
4722	5
4723	5
4724	5
4725	5
4726	5
4727	5
4728	5
4729	5
4730	5
4731	5
4732	5
4733	5
4734	5
4735	5
4736	5
4737	5
4738	5
4739	5
4740	5
4741	5
4742	5
4743	5
4744	5
4745	5
4746	5
4747	5
4748	5
4749	5
4750	5
4751	5
4752	5
4753	5
4754	5
4755	5
4756	5
4757	5
4758	5
4759	5
4760	5
4761	5
4762	5
4763	5
4764	5
4765	5
4766	5
4767	5
4768	5
4769	5
4770	5
4771	5
4772	5
4773	5
4774	5
4775	5
4776	5
4777	5
4778	5
4779	5
4780	5
4781	5
4782	5
4783	5
4784	5
4785	5
4786	5
4787	5
4788	5
4789	5
4790	5
4791	5
4792	5
4793	5
4794	5
4795	5
4796	5
4797	5
4798	5
4799	5
4800	5
4801	5
4802	5
4803	5
4804	5
4805	5
4806	5
4807	5
4808	5
4809	5
4810	5
4811	5
4812	5
4813	5
4814	5
4815	5
4816	5
4817	5
4818	5
4819	5
4820	5
4821	5
4822	5
4823	5
4824	5
4825	5
4826	5
4827	5
4828	5
4829	5
4830	5
4831	5
4832	5
4833	5
4834	5
4835	5
4836	5
4837	5
4838	5
4839	5
4840	5
4841	5
4842	5
4843	5
4844	5
4845	5
4846	5
4847	5
4848	5
4849	5
4850	5
4851	5
4852	5
4853	5
4854	5
4855	5
4856	5
4857	5
4858	5
4859	5
4860	5
4861	5
4862	5
4863	5
4864	5
4865	5
4866	5
4867	5
4868	5
4869	5
4870	5
4871	5
4872	5
4873	5
4874	5
4875	5
4876	5
4877	5
4878	5
4879	5
4880	5
4881	5
4882	5
4883	5
4884	5
4885	5
4886	5
4887	5
4888	5
4889	5
4890	5
4891	5
4892	5
4893	5
4894	5
4895	5
4896	5
4897	5
4898	5
4899	5
4900	5
4901	5
4902	5
4903	5
4904	5
4905	5
4906	5
4907	5
4908	5
4909	5
4910	5
4911	5
4912	5
4913	5
4914	5
4915	5
4916	5
4917	5
4918	5
4919	5
4920	5
4921	5
4922	5
4923	5
4924	5
4925	5
4926	5
4927	5
4928	5
4929	5
4930	5
4931	5
4932	5
4933	5
4934	5
4935	5
4936	5
4937	5
4938	5
4939	5
4940	5
4941	5
4942	5
4943	5
4944	5
4945	5
4946	5
4947	5
4948	5
4949	5
4950	5
4951	5
4952	5
4953	5
4954	5
4955	5
4956	5
4957	5
4958	5
4959	5
4960	5
4961	5
4962	5
4963	5
4964	5
4965	5
4966	5
4967	5
4968	5
4969	5
4970	5
4971	5
4972	5
4973	5
4974	5
4975	5
4976	5
4977	5
4978	5
4979	5
4980	5
4981	5
4982	5
4983	5
4984	5
4985	5
4986	5
4987	5
4988	5
4989	5
4990	5
4991	5
4992	5
4993	5
4994	5
4995	5
4996	5
4997	5
4998	5
4999	5
5000	5
5001	5
5002	5
5003	5
5004	5
5005	5
5006	5
5007	5
5008	5
5009	5
5010	5
5011	5
5012	5
5013	5
5014	5
5015	5
5016	5
5017	5
5018	5
5019	5
5020	5
5021	5
5022	5
5023	5
5024	5
5025	5
5026	5
5027	5
5028	5
5029	5
5030	5
5031	5
5032	5
5033	5
5034	5
5035	5
5036	5
5037	5
5038	5
5039	5
5040	5
5041	5
5042	5
5043	5
5044	5
5045	5
5046	5
5047	5
5048	5
5049	5
5050	5
5051	5
5052	5
5053	5
5054	5
5055	5
5056	5
5057	5
5058	5
5059	5
5060	5
5061	5
5062	5
5063	5
5064	5
5065	5
5066	5
5067	5
5068	5
5069	5
5070	5
5071	5
5072	5
5073	5
5074	5
5075	5
5076	5
5077	5
5078	5
5079	5
5080	5
5081	5
5082	5
5083	5
5084	5
5085	5
5086	5
5087	5
5088	5
5089	5
5090	5
5091	5
5092	5
5093	5
5094	5
5095	5
5096	5
5097	5
5098	5
5099	5
5100	5
5101	5
5102	5
5103	5
5104	5
5105	5
5106	5
5107	5
5108	5
5109	5
5110	5
5111	5
5112	5
5113	5
5114	5
5115	5
5116	5
5117	5
5118	5
5119	5
5120	5
5121	5
5122	5
5123	5
5124	5
5125	5
5126	5
5127	5
5128	5
5129	5
5130	5
5131	5
5132	5
5133	5
5134	5
5135	5
5136	5
5137	5
5138	5
5139	5
5140	5
5141	5
5142	5
5143	5
5144	5
5145	5
5146	5
5147	5
5148	5
5149	5
5150	5
5151	5
5152	5
5153	5
5154	5
5155	5
5156	5
5157	5
5158	5
5159	5
5160	5
5161	5
5162	5
5163	5
5164	5
5165	5
5166	5
5167	5
5168	5
5169	5
5170	5
5171	5
5172	5
5173	5
5174	5
5175	5
5176	5
5177	5
5178	5
5179	5
5180	5
5181	5
5182	5
5183	5
5184	5
5185	5
5186	5
5187	5
5188	5
5189	5
5190	5
5191	5
5192	5
5193	5
5194	5
5195	5
5196	5
5197	5
5198	5
5199	5
5200	5
5201	5
5202	5
5203	5
5204	5
5205	5
5206	5
5207	5
5208	5
5209	5
5210	5
5211	5
5212	5
5213	5
5214	5
5215	5
5216	5
5217	5
5218	5
5219	5
5220	5
5221	5
5222	5
5223	5
5224	5
5225	5
5226	5
5227	5
5228	5
5229	5
5230	5
5231	5
5232	5
5233	5
5234	5
5235	5
5236	5
5237	5
5238	5
5239	5
5240	5
5241	5
5242	5
5243	5
5244	5
5245	5
5246	5
5247	5
5248	5
5249	5
5250	5
5251	5
5252	5
5253	5
5254	5
5255	5
5256	5
5257	5
5258	5
5259	5
5260	5
5261	5
5262	5
5263	5
5264	5
5265	5
5266	5
5267	5
5268	5
5269	5
5270	5
5271	5
5272	5
5273	5
5274	5
5275	5
5276	5
5277	5
5278	5
5279	5
5280	5
5281	5
5282	5
5283	5
5284	5
5285	5
5286	5
5287	5
5288	5
5289	5
5290	5
5291	5
5292	5
5293	5
5294	5
5295	5
5296	5
5297	5
5298	5
5299	5
5300	5
5301	5
5302	5
5303	5
5304	5
5305	5
5306	5
5307	5
5308	5
5309	5
5310	5
5311	5
5312	5
5313	5
5314	5
5315	5
5316	5
5317	5
5318	5
5319	5
5320	5
5321	5
5322	5
5323	5
5324	5
5325	5
5326	5
5327	5
5328	5
5329	5
5330	5
5331	5
5332	5
5333	5
5334	5
5335	5
5336	5
5337	5
5338	5
5339	5
5340	5
5341	5
5342	5
5343	5
5344	5
5345	5
5346	5
5347	5
5348	5
5349	5
5350	5
5351	5
5352	5
5353	5
5354	5
5355	5
5356	5
5357	5
5358	5
5359	5
5360	5
5361	5
5362	5
5363	5
5364	5
5365	5
5366	5
5367	5
5368	5
5369	5
5370	5
5371	5
5372	5
5373	5
5374	5
5375	5
5376	5
5377	5
5378	5
5379	5
5380	5
5381	5
5382	5
5383	5
5384	5
5385	5
5386	5
5387	5
5388	5
5389	5
5390	5
5391	5
5392	5
5393	5
5394	5
5395	5
5396	5
5397	5
5398	5
5399	5
5400	5
5401	5
5402	5
5403	5
5404	5
5405	5
5406	5
5407	5
5408	5
5409	5
5410	5
5411	5
5412	5
5413	5
5414	5
5415	5
5416	5
5417	5
5418	5
5419	5
5420	5
5421	5
5422	5
5423	5
5424	5
5425	5
5426	5
5427	5
5428	5
5429	5
5430	5
5431	5
5432	5
5433	5
5434	5
5435	5
5436	5
5437	5
5438	5
5439	5
5440	5
5441	5
5442	5
5443	5
5444	5
5445	5
5446	5
5447	5
5448	5
5449	5
5450	5
5451	5
5452	5
5453	5
5454	5
5455	5
5456	5
5457	5
5458	5
5459	5
5460	5
5461	5
5462	5
5463	5
5464	5
5465	5
5466	5
5467	5
5468	5
5469	5
5470	5
5471	5
5472	5
5473	5
5474	5
5475	5
5476	5
5477	5
5478	5
5479	5
5480	5
5481	5
5482	5
5483	5
5484	5
5485	5
5486	5
5487	5
5488	5
5489	5
5490	5
5491	5
5492	5
5493	5
5494	5
5495	5
5496	5
5497	5
5498	5
5499	5
5500	5
5501	5
5502	5
5503	5
5504	5
5505	5
5506	5
5507	5
5508	5
5509	5
5510	5
5511	5
5512	5
5513	5
5514	5
5515	5
5516	5
5517	5
5518	5
5519	5
5520	5
5521	5
5522	5
5523	5
5524	5
5525	5
5526	5
5527	5
5528	5
5529	5
5530	5
5531	5
5532	5
5533	5
5534	5
5535	5
5536	5
5537	5
5538	5
5539	5
5540	5
5541	5
5542	5
5543	5
5544	5
5545	5
5546	5
5547	5
5548	5
5549	5
5550	5
5551	5
5552	5
5553	5
5554	5
5555	5
5556	5
5557	5
5558	5
5559	5
5560	5
5561	5
5562	5
5563	5
5564	5
5565	5
5566	5
5567	5
5568	5
5569	5
5570	5
5571	5
5572	5
5573	5
5574	5
5575	5
5576	5
5577	5
5578	5
5579	5
5580	5
5581	5
5582	5
5583	5
5584	5
5585	5
5586	5
5587	5
5588	5
5589	5
5590	5
5591	5
5592	5
5593	5
5594	5
5595	5
5596	5
5597	5
5598	5
5599	5
5600	5
5601	5
5602	5
5603	5
5604	5
5605	5
5606	5
5607	5
5608	5
5609	5
5610	5
5611	5
5612	5
5613	5
5614	5
5615	5
5616	5
5617	5
5618	5
5619	5
5620	5
5621	5
5622	5
5623	5
5624	5
5625	5
5626	5
5627	5
5628	5
5629	5
5630	5
5631	5
5632	5
5633	5
5634	5
5635	5
5636	5
5637	5
5638	5
5639	5
5640	5
5641	5
5642	5
5643	5
5644	5
5645	5
5646	5
5647	5
5648	5
5649	5
5650	5
5651	5
5652	5
5653	5
5654	5
5655	5
5656	5
5657	5
5658	5
5659	5
5660	5
5661	5
5662	5
5663	5
5664	5
5665	5
5666	5
5667	5
5668	5
5669	5
5670	5
5671	5
5672	5
5673	5
5674	5
5675	5
5676	5
5677	5
5678	5
5679	5
5680	5
5681	5
5682	5
5683	5
5684	5
5685	5
5686	5
5687	5
5688	5
5689	5
5690	5
5691	5
5692	5
5693	5
5694	5
5695	5
5696	5
5697	5
5698	5
5699	5
5700	5
5701	5
5702	5
5703	5
5704	5
5705	5
5706	5
5707	5
5708	5
5709	5
5710	5
5711	5
5712	5
5713	5
5714	5
5715	5
5716	5
5717	5
5718	5
5719	5
5720	5
5721	5
5722	5
5723	5
5724	5
5725	5
5726	5
5727	5
5728	5
5729	5
5730	5
5731	5
5732	5
5733	5
5734	5
5735	5
5736	5
5737	5
5738	5
5739	5
5740	5
5741	5
5742	5
5743	5
5744	5
5745	5
5746	5
5747	5
5748	5
5749	5
5750	5
5751	5
5752	5
5753	5
5754	5
5755	5
5756	5
5757	5
5758	5
5759	5
5760	5
5761	5
5762	5
5763	5
5764	5
5765	5
5766	5
5767	5
5768	5
5769	5
5770	5
5771	5
5772	5
5773	5
5774	5
5775	5
5776	5
5777	5
5778	5
5779	5
5780	5
5781	5
5782	5
5783	5
5784	5
5785	5
5786	5
5787	5
5788	5
5789	5
5790	5
5791	5
5792	5
5793	5
5794	5
5795	5
5796	5
5797	5
5798	5
5799	5
5800	5
5801	5
5802	5
5803	5
5804	5
5805	5
5806	5
5807	5
5808	5
5809	5
5810	5
5811	5
5812	5
5813	5
5814	5
5815	5
5816	5
5817	5
5818	5
5819	5
5820	5
5821	5
5822	5
5823	5
5824	5
5825	5
5826	5
5827	5
5828	5
5829	5
5830	5
5831	5
5832	5
5833	5
5834	5
5835	5
5836	5
5837	5
5838	5
5839	5
5840	5
5841	5
5842	5
5843	5
5844	5
5845	5
5846	5
5847	5
5848	5
5849	5
5850	5
5851	5
5852	5
5853	5
5854	5
5855	5
5856	5
5857	5
5858	5
5859	5
5860	5
5861	5
5862	5
5863	5
5864	5
5865	5
5866	5
5867	5
5868	5
5869	5
5870	5
5871	5
5872	5
5873	5
5874	5
5875	5
5876	5
5877	5
5878	5
5879	5
5880	5
5881	5
5882	5
5883	5
5884	5
5885	5
5886	5
5887	5
5888	5
5889	5
5890	5
5891	5
5892	5
5893	5
5894	5
5895	5
5896	5
5897	5
5898	5
5899	5
5900	5
5901	5
5902	5
5903	5
5904	5
5905	5
5906	5
5907	5
5908	5
5909	5
5910	5
5911	5
5912	5
5913	5
5914	5
5915	5
5916	5
5917	5
5918	5
5919	5
5920	5
5921	5
5922	5
5923	5
5924	5
5925	5
5926	5
5927	5
5928	5
5929	5
5930	5
5931	5
5932	5
5933	5
5934	5
5935	5
5936	5
5937	5
5938	5
5939	5
5940	5
5941	5
5942	5
5943	5
5944	5
5945	5
5946	5
5947	5
5948	5
5949	5
5950	5
5951	5
5952	5
5953	5
5954	5
5955	5
5956	5
5957	5
5958	5
5959	5
5960	5
5961	5
5962	5
5963	5
5964	5
5965	5
5966	5
5967	5
5968	5
5969	5
5970	5
5971	5
5972	5
5973	5
5974	5
5975	5
5976	5
5977	5
5978	5
5979	5
5980	5
5981	5
5982	5
5983	5
5984	5
5985	5
5986	5
5987	5
5988	5
5989	5
5990	5
5991	5
5992	5
5993	5
5994	5
5995	5
5996	5
5997	5
5998	5
5999	5
6000	5
6001	5
6002	5
6003	5
6004	5
6005	5
6006	5
6007	5
6008	5
6009	5
6010	5
6011	5
6012	5
6013	5
6014	5
6015	5
6016	5
6017	5
6018	5
6019	5
6020	5
6021	5
6022	5
6023	5
6024	5
6025	5
6026	5
6027	5
6028	5
6029	5
6030	5
6031	5
6032	5
6033	5
6034	5
6035	5
6036	5
6037	5
6038	5
6039	5
6040	5
6041	5
6042	5
6043	5
6044	5
6045	5
6046	5
6047	5
6048	5
6049	5
6050	5
6051	5
6052	5
6053	5
6054	5
6055	5
6056	5
6057	5
6058	5
6059	5
6060	5
6061	5
6062	5
6063	5
6064	5
6065	5
6066	5
6067	5
6068	5
6069	5
6070	5
6071	5
6072	5
6073	5
6074	5
6075	5
6076	5
6077	5
6078	5
6079	5
6080	5
6081	5
6082	5
6083	5
6084	5
6085	5
6086	5
6087	5
6088	5
6089	5
6090	5
6091	5
6092	5
6093	5
6094	5
6095	5
6096	5
6097	5
6098	5
6099	5
6100	5
6101	5
6102	5
6103	5
6104	5
6105	5
6106	5
6107	5
6108	5
6109	5
6110	5
6111	5
6112	5
6113	5
6114	5
6115	5
6116	5
6117	5
6118	5
6119	5
6120	5
6121	5
6122	5
6123	5
6124	5
6125	5
6126	5
6127	5
6128	5
6129	5
6130	5
6131	5
6132	5
6133	5
6134	5
6135	5
6136	5
6137	5
6138	5
6139	5
6140	5
6141	5
6142	5
6143	5
6144	5
6145	5
6146	5
6147	5
6148	5
6149	5
6150	5
6151	5
6152	5
6153	5
6154	5
6155	5
6156	5
6157	5
6158	5
6159	5
6160	5
6161	5
6162	5
6163	5
6164	5
6165	5
6166	5
6167	5
6168	5
6169	5
6170	5
6171	5
6172	5
6173	5
6174	5
6175	5
6176	5
6177	5
6178	5
6179	5
6180	5
6181	5
6182	5
6183	5
6184	5
6185	5
6186	5
6187	5
6188	5
6189	5
6190	5
6191	5
6192	5
6193	5
6194	5
6195	5
6196	5
6197	5
6198	5
6199	5
6200	5
6201	5
6202	5
6203	5
6204	5
6205	5
6206	5
6207	5
6208	5
6209	5
6210	5
6211	5
6212	5
6213	5
6214	5
6215	5
6216	5
6217	5
6218	5
6219	5
6220	5
6221	5
6222	5
6223	5
6224	5
6225	5
6226	5
6227	5
6228	5
6229	5
6230	5
6231	5
6232	5
6233	5
6234	5
6235	5
6236	5
6237	5
6238	5
6239	5
6240	5
6241	5
6242	5
6243	5
6244	5
6245	5
6246	5
6247	5
6248	5
6249	5
6250	5
6251	5
6252	5
6253	5
6254	5
6255	5
6256	5
6257	5
6258	5
6259	5
6260	5
6261	5
6262	5
6263	5
6264	5
6265	5
6266	5
6267	5
6268	5
6269	5
6270	5
6271	5
6272	5
6273	5
6274	5
6275	5
6276	5
6277	5
6278	5
6279	5
6280	5
6281	5
6282	5
6283	5
6284	5
6285	5
6286	5
6287	5
6288	5
6289	5
6290	5
6291	5
6292	5
6293	5
6294	5
6295	5
6296	5
6297	5
6298	5
6299	5
6300	5
6301	5
6302	5
6303	5
6304	5
6305	5
6306	5
6307	5
6308	5
6309	5
6310	5
6311	5
6312	5
6313	5
6314	5
6315	5
6316	5
6317	5
6318	5
6319	5
6320	5
6321	5
6322	5
6323	5
6324	5
6325	5
6326	5
6327	5
6328	5
6329	5
6330	5
6331	5
6332	5
6333	5
6334	5
6335	5
6336	5
6337	5
6338	5
6339	5
6340	5
6341	5
6342	5
6343	5
6344	5
6345	5
6346	5
6347	5
6348	5
6349	5
6350	5
6351	5
6352	5
6353	5
6354	5
6355	5
6356	5
6357	5
6358	5
6359	5
6360	5
6361	5
6362	5
6363	5
6364	5
6365	5
6366	5
6367	5
6368	5
6369	5
6370	5
6371	5
6372	5
6373	5
6374	5
6375	5
6376	5
6377	5
6378	5
6379	5
6380	5
6381	5
6382	5
6383	5
6384	5
6385	5
6386	5
6387	5
6388	5
6389	5
6390	5
6391	5
6392	5
6393	5
6394	5
6395	5
6396	5
6397	5
6398	5
6399	5
6400	5
6401	5
6402	5
6403	5
6404	5
6405	5
6406	5
6407	5
6408	5
6409	5
6410	5
6411	5
6412	5
6413	5
6414	5
6415	5
6416	5
6417	5
6418	5
6419	5
6420	5
6421	5
6422	5
6423	5
6424	5
6425	5
6426	5
6427	5
6428	5
6429	5
6430	5
6431	5
6432	5
6433	5
6434	5
6435	5
6436	5
6437	5
6438	5
6439	5
6440	5
6441	5
6442	5
6443	5
6444	5
6445	5
6446	5
6447	5
6448	5
6449	5
6450	5
6451	5
6452	5
6453	5
6454	5
6455	5
6456	5
6457	5
6458	5
6459	5
6460	5
6461	5
6462	5
6463	5
6464	5
6465	5
6466	5
6467	5
6468	5
6469	5
6470	5
6471	5
6472	5
6473	5
6474	5
6475	5
6476	5
6477	5
6478	5
6479	5
6480	5
6481	5
6482	5
6483	5
6484	5
6485	5
6486	5
6487	5
6488	5
6489	5
6490	5
6491	5
6492	5
6493	5
6494	5
6495	5
6496	5
6497	5
6498	5
6499	5
6500	5
6501	5
6502	5
6503	5
6504	5
6505	5
6506	5
6507	5
6508	5
6509	5
6510	5
6511	5
6512	5
6513	5
6514	5
6515	5
6516	5
6517	5
6518	5
6519	5
6520	5
6521	5
6522	5
6523	5
6524	5
6525	5
6526	5
6527	5
6528	5
6529	5
6530	5
6531	5
6532	5
6533	5
6534	5
6535	5
6536	5
6537	5
6538	5
6539	5
6540	5
6541	5
6542	5
6543	5
6544	5
6545	5
6546	5
6547	5
6548	5
6549	5
6550	5
6551	5
6552	5
6553	5
6554	5
6555	5
6556	5
6557	5
6558	5
6559	5
6560	5
6561	5
6562	5
6563	5
6564	5
6565	5
6566	5
6567	5
6568	5
6569	5
6570	5
6571	5
6572	5
6573	5
6574	5
6575	5
6576	5
6577	5
6578	5
6579	5
6580	5
6581	5
6582	5
6583	5
6584	5
6585	5
6586	5
6587	5
6588	5
6589	5
6590	5
6591	5
6592	5
6593	5
6594	5
6595	5
6596	5
6597	5
6598	5
6599	5
6600	5
6601	5
6602	5
6603	5
6604	5
6605	5
6606	5
6607	5
6608	5
6609	5
6610	5
6611	5
6612	5
6613	5
6614	5
6615	5
6616	5
6617	5
6618	5
6619	5
6620	5
6621	5
6622	5
6623	5
6624	5
6625	5
6626	5
6627	5
6628	5
6629	5
6630	5
6631	5
6632	5
6633	5
6634	5
6635	5
6636	5
6637	5
6638	5
6639	5
6640	5
6641	5
6642	5
6643	5
6644	5
6645	5
6646	5
6647	5
6648	5
6649	5
6650	5
6651	5
6652	5
6653	5
6654	5
6655	5
6656	5
6657	5
6658	5
6659	5
6660	5
6661	5
6662	5
6663	5
6664	5
6665	5
6666	5
6667	5
6668	5
6669	5
6670	5
6671	5
6672	5
6673	5
6674	5
6675	5
6676	5
6677	5
6678	5
6679	5
6680	5
6681	5
6682	5
6683	5
6684	5
6685	5
6686	5
6687	5
6688	5
6689	5
6690	5
6691	5
6692	5
6693	5
6694	5
6695	5
6696	5
6697	5
6698	5
6699	5
6700	5
6701	5
6702	5
6703	5
6704	5
6705	5
6706	5
6707	5
6708	5
6709	5
6710	5
6711	5
6712	5
6713	5
6714	5
6715	5
6716	5
6717	5
6718	5
6719	5
6720	5
6721	5
6722	5
6723	5
6724	5
6725	5
6726	5
6727	5
6728	5
6729	5
6730	5
6731	5
6732	5
6733	5
6734	5
6735	5
6736	5
6737	5
6738	5
6739	5
6740	5
6741	5
6742	5
6743	5
6744	5
6745	5
6746	5
6747	5
6748	5
6749	5
6750	5
6751	5
6752	5
6753	5
6754	5
6755	5
6756	5
6757	5
6758	5
6759	5
6760	5
6761	5
6762	5
6763	5
6764	5
6765	5
6766	5
6767	5
6768	5
6769	5
6770	5
6771	5
6772	5
6773	5
6774	5
6775	5
6776	5
6777	5
6778	5
6779	5
6780	5
6781	5
6782	5
6783	5
6784	5
6785	5
6786	5
6787	5
6788	5
6789	5
6790	5
6791	5
6792	5
6793	5
6794	5
6795	5
6796	5
6797	5
6798	5
6799	5
6800	5
6801	5
6802	5
6803	5
6804	5
6805	5
6806	5
6807	5
6808	5
6809	5
6810	5
6811	5
6812	5
6813	5
6814	5
6815	5
6816	5
6817	5
6818	5
6819	5
6820	5
6821	5
6822	5
6823	5
6824	5
6825	5
6826	5
6827	5
6828	5
6829	5
6830	5
6831	5
6832	5
6833	5
6834	5
6835	5
6836	5
6837	5
6838	5
6839	5
6840	5
6841	5
6842	5
6843	5
6844	5
6845	5
6846	5
6847	5
6848	5
6849	5
6850	5
6851	5
6852	5
6853	5
6854	5
6855	5
6856	5
6857	5
6858	5
6859	5
6860	5
6861	5
6862	5
6863	5
6864	5
6865	5
6866	5
6867	5
6868	5
6869	5
6870	5
6871	5
6872	5
6873	5
6874	5
6875	5
6876	5
6877	5
6878	5
6879	5
6880	5
6881	5
6882	5
6883	5
6884	5
6885	5
6886	5
6887	5
6888	5
6889	5
6890	5
6891	5
6892	5
6893	5
6894	5
6895	5
6896	5
6897	5
6898	5
6899	5
6900	5
6901	5
6902	5
6903	5
6904	5
6905	5
6906	5
6907	5
6908	5
6909	5
6910	5
6911	5
6912	5
6913	5
6914	5
6915	5
6916	5
6917	5
6918	5
6919	5
6920	5
6921	5
6922	5
6923	5
6924	5
6925	5
6926	5
6927	5
6928	5
6929	5
6930	5
6931	5
6932	5
6933	5
6934	5
6935	5
6936	5
6937	5
6938	5
6939	5
6940	5
6941	5
6942	5
6943	5
6944	5
6945	5
6946	5
6947	5
6948	5
6949	5
6950	5
6951	5
6952	5
6953	5
6954	5
6955	5
6956	5
6957	5
6958	5
6959	5
6960	5
6961	5
6962	5
6963	5
6964	5
6965	5
6966	5
6967	5
6968	5
6969	5
6970	5
6971	5
6972	5
6973	5
6974	5
6975	5
6976	5
6977	5
6978	5
6979	5
6980	5
6981	5
6982	5
6983	5
6984	5
6985	5
6986	5
6987	5
6988	5
6989	5
6990	5
6991	5
6992	5
6993	5
6994	5
6995	5
6996	5
6997	5
6998	5
6999	5
7000	5
7001	5
7002	5
7003	5
7004	5
7005	5
7006	5
7007	5
7008	5
7009	5
7010	5
7011	5
7012	5
7013	5
7014	5
7015	5
7016	5
7017	5
7018	5
7019	5
7020	5
7021	5
7022	5
7023	5
7024	5
7025	5
7026	5
7027	5
7028	5
7029	5
7030	5
7031	5
7032	5
7033	5
7034	5
7035	5
7036	5
7037	5
7038	5
7039	5
7040	5
7041	5
7042	5
7043	5
7044	5
7045	5
7046	5
7047	5
7048	5
7049	5
7050	5
7051	5
7052	5
7053	5
7054	5
7055	5
7056	5
7057	5
7058	5
7059	5
7060	5
7061	5
7062	5
7063	5
7064	5
7065	5
7066	5
7067	5
7068	5
7069	5
7070	5
7071	5
7072	5
7073	5
7074	5
7075	5
7076	5
7077	5
7078	5
7079	5
7080	5
7081	5
7082	5
7083	5
7084	5
7085	5
7086	5
7087	5
7088	5
7089	5
7090	5
7091	5
7092	5
7093	5
7094	5
7095	5
7096	5
7097	5
7098	5
7099	5
7100	5
7101	5
7102	5
7103	5
7104	5
7105	5
7106	5
7107	5
7108	5
7109	5
7110	5
7111	5
7112	5
7113	5
7114	5
7115	5
7116	5
7117	5
7118	5
7119	5
7120	5
7121	5
7122	5
7123	5
7124	5
7125	5
7126	5
7127	5
7128	5
7129	5
7130	5
7131	5
7132	5
7133	5
7134	5
7135	5
7136	5
7137	5
7138	5
7139	5
7140	5
7141	5
7142	5
7143	5
7144	5
7145	5
7146	5
7147	5
7148	5
7149	5
7150	5
7151	5
7152	5
7153	5
7154	5
7155	5
7156	5
7157	5
7158	5
7159	5
7160	5
7161	5
7162	5
7163	5
7164	5
7165	5
7166	5
7167	5
7168	5
7169	5
7170	5
7171	5
7172	5
7173	5
7174	5
7175	5
7176	5
7177	5
7178	5
7179	5
7180	5
7181	5
7182	5
7183	5
7184	5
7185	5
7186	5
7187	5
7188	5
7189	5
7190	5
7191	5
7192	5
7193	5
7194	5
7195	5
7196	5
7197	5
7198	5
7199	5
7200	5
7201	5
7202	5
7203	5
7204	5
7205	5
7206	5
7207	5
7208	5
7209	5
7210	5
7211	5
7212	5
7213	5
7214	5
7215	5
7216	5
7217	5
7218	5
7219	5
7220	5
7221	5
7222	5
7223	5
7224	5
7225	5
7226	5
7227	5
7228	5
7229	5
7230	5
7231	5
7232	5
7233	5
7234	5
7235	5
7236	5
7237	5
7238	5
7239	5
7240	5
7241	5
7242	5
7243	5
7244	5
7245	5
7246	5
7247	5
7248	5
7249	5
7250	5
7251	5
7252	5
7253	5
7254	5
7255	5
7256	5
7257	5
7258	5
7259	5
7260	5
7261	5
7262	5
7263	5
7264	5
7265	5
7266	5
7267	5
7268	5
7269	5
7270	5
7271	5
7272	5
7273	5
7274	5
7275	5
7276	5
7277	5
7278	5
7279	5
7280	5
7281	5
7282	5
7283	5
7284	5
7285	5
7286	5
7287	5
7288	5
7289	5
7290	5
7291	5
7292	5
7293	5
7294	5
7295	5
7296	5
7297	5
7298	5
7299	5
7300	5
7301	5
7302	5
7303	5
7304	5
7305	5
7306	5
7307	5
7308	5
7309	5
7310	5
7311	5
7312	5
7313	5
7314	5
7315	5
7316	5
7317	5
7318	5
7319	5
7320	5
7321	5
7322	5
7323	5
7324	5
7325	5
7326	5
7327	5
7328	5
7329	5
7330	5
7331	5
7332	5
7333	5
7334	5
7335	5
7336	5
7337	5
7338	5
7339	5
7340	5
7341	5
7342	5
7343	5
7344	5
7345	5
7346	5
7347	5
7348	5
7349	5
7350	5
7351	5
7352	5
7353	5
7354	5
7355	5
7356	5
7357	5
7358	5
7359	5
7360	5
7361	5
7362	5
7363	5
7364	5
7365	5
7366	5
7367	5
7368	5
7369	5
7370	5
7371	5
7372	5
7373	5
7374	5
7375	5
7376	5
7377	5
7378	5
7379	5
7380	5
7381	5
7382	5
7383	5
7384	5
7385	5
7386	5
7387	5
7388	5
7389	5
7390	5
7391	5
7392	5
7393	5
7394	5
7395	5
7396	5
7397	5
7398	5
7399	5
7400	5
7401	5
7402	5
7403	5
7404	5
7405	5
7406	5
7407	5
7408	5
7409	5
7410	5
7411	5
7412	5
7413	5
7414	5
7415	5
7416	5
7417	5
7418	5
7419	5
7420	5
7421	5
7422	5
7423	5
7424	5
7425	5
7426	5
7427	5
7428	5
7429	5
7430	5
7431	5
7432	5
7433	5
7434	5
7435	5
7436	5
7437	5
7438	5
7439	5
7440	5
7441	5
7442	5
7443	5
7444	5
7445	5
7446	5
7447	5
7448	5
7449	5
7450	5
7451	5
7452	5
7453	5
7454	5
7455	5
7456	5
7457	5
7458	5
7459	5
7460	5
7461	5
7462	5
7463	5
7464	5
7465	5
7466	5
7467	5
7468	5
7469	5
7470	5
7471	5
7472	5
7473	5
7474	5
7475	5
7476	5
7477	5
7478	5
7479	5
7480	5
7481	5
7482	5
7483	5
7484	5
7485	5
7486	5
7487	5
7488	5
7489	5
7490	5
7491	5
7492	5
7493	5
7494	5
7495	5
7496	5
7497	5
7498	5
7499	5
7500	5
7501	5
7502	5
7503	5
7504	5
7505	5
7506	5
7507	5
7508	5
7509	5
7510	5
7511	5
7512	5
7513	5
7514	5
7515	5
7516	5
7517	5
7518	5
7519	5
7520	5
7521	5
7522	5
7523	5
7524	5
7525	5
7526	5
7527	5
7528	5
7529	5
7530	5
7531	5
7532	5
7533	5
7534	5
7535	5
7536	5
7537	5
7538	5
7539	5
7540	5
7541	5
7542	5
7543	5
7544	5
7545	5
7546	5
7547	5
7548	5
7549	5
7550	5
7551	5
7552	5
7553	5
7554	5
7555	5
7556	5
7557	5
7558	5
7559	5
7560	5
7561	5
7562	5
7563	5
7564	5
7565	5
7566	5
7567	5
7568	5
7569	5
7570	5
7571	5
7572	5
7573	5
7574	5
7575	5
7576	5
7577	5
7578	5
7579	5
7580	5
7581	5
7582	5
7583	5
7584	5
7585	5
7586	5
7587	5
7588	5
7589	5
7590	5
7591	5
7592	5
7593	5
7594	5
7595	5
7596	5
7597	5
7598	5
7599	5
7600	5
7601	5
7602	5
7603	5
7604	5
7605	5
7606	5
7607	5
7608	5
7609	5
7610	5
7611	5
7612	5
7613	5
7614	5
7615	5
7616	5
7617	5
7618	5
7619	5
7620	5
7621	5
7622	5
7623	5
7624	5
7625	5
7626	5
7627	5
7628	5
7629	5
7630	5
7631	5
7632	5
7633	5
7634	5
7635	5
7636	5
7637	5
7638	5
7639	5
7640	5
7641	5
7642	5
7643	5
7644	5
7645	5
7646	5
7647	5
7648	5
7649	5
7650	5
7651	5
7652	5
7653	5
7654	5
7655	5
7656	5
7657	5
7658	5
7659	5
7660	5
7661	5
7662	5
7663	5
7664	5
7665	5
7666	5
7667	5
7668	5
7669	5
7670	-1000
7671	-1000
7672	-1000
7673	-1000
7674	-1000
7675	-1000
7676	-1000
7677	-1000
7678	-1000
7679	-1000
7680	-1000
7681	-1000
7682	-1000
7683	-1000
7684	-1000
7685	-1000
7686	-1000
7687	-1000
7688	-1000
7689	-1000
7690	-1000
7691	-1000
7692	-1000
7693	-1000
7694	-1000
7695	-1000
7696	-1000
7697	-1000
7698	-1000
7699	-1000
7700	-1000
7701	-1000
7702	-1000
7703	-1000
7704	-1000
7705	-1000
7706	-1000
7707	-1000
7708	-1000
7709	-1000
7710	-1000
7711	-1000
7712	-1000
7713	-1000
7714	-1000
7715	-1000
7716	-1000
7717	-1000
7718	-1000
7719	-1000
7720	-1000
7721	-1000
7722	-1000
7723	-1000
7724	-1000
7725	-1000
7726	-1000
7727	-1000
7728	-1000
7729	-1000
7730	-1000
7731	-1000
7732	-1000
7733	-1000
7734	-1000
7735	-1000
7736	-1000
7737	-1000
7738	-1000
7739	-1000
7740	-1000
7741	-1000
7742	-1000
7743	-1000
7744	-1000
7745	-1000
7746	-1000
7747	-1000
7748	-1000
7749	-1000
7750	-1000
7751	-1000
7752	-1000
7753	-1000
7754	-1000
7755	-1000
7756	-1000
7757	-1000
7758	-1000
7759	-1000
7760	-1000
7761	-1000
7762	-1000
7763	-1000
7764	-1000
7765	-1000
7766	-1000
7767	-1000
7768	-1000
7769	-1000
7770	-1000
7771	-1000
7772	-1000
7773	-1000
7774	-1000
7775	-1000
7776	-1000
7777	-1000
7778	-1000
7779	-1000
7780	-1000
7781	-1000
7782	-1000
7783	-1000
7784	-1000
7785	-1000
7786	-1000
7787	-1000
7788	-1000
7789	-1000
7790	-1000
7791	-1000
7792	-1000
7793	-1000
7794	-1000
7795	-1000
7796	-1000
7797	-1000
7798	-1000
7799	-1000
7800	-1000
7801	-1000
7802	-1000
7803	-1000
7804	-1000
7805	-1000
7806	-1000
7807	-1000
7808	-1000
7809	-1000
7810	-1000
7811	-1000
7812	-1000
7813	-1000
7814	-1000
7815	-1000
7816	-1000
7817	-1000
7818	-1000
7819	-1000
7820	-1000
7821	-1000
7822	-1000
7823	-1000
7824	-1000
7825	-1000
7826	-1000
7827	-1000
7828	-1000
7829	-1000
7830	-1000
7831	-1000
7832	-1000
7833	-1000
7834	-1000
7835	-1000
7836	-1000
7837	-1000
7838	-1000
7839	-1000
7840	-1000
7841	-1000
7842	-1000
7843	-1000
7844	-1000
7845	-1000
7846	-1000
7847	-1000
7848	-1000
7849	-1000
7850	-1000
7851	-1000
7852	-1000
7853	-1000
7854	-1000
7855	-1000
7856	-1000
7857	-1000
7858	-1000
7859	-1000
7860	-1000
7861	-1000
7862	-1000
7863	-1000
7864	-1000
7865	-1000
7866	-1000
7867	-1000
7868	-1000
7869	-1000
7870	-1000
7871	-1000
7872	-1000
7873	-1000
7874	-1000
7875	-1000
7876	-1000
7877	-1000
7878	-1000
7879	-1000
7880	-1000
7881	-1000
7882	-1000
7883	-1000
7884	-1000
7885	-1000
7886	-1000
7887	-1000
7888	-1000
7889	-1000
7890	-1000
7891	-1000
7892	-1000
7893	-1000
7894	-1000
7895	-1000
7896	-1000
7897	-1000
7898	-1000
7899	-1000
7900	-1000
7901	-1000
7902	-1000
7903	-1000
7904	-1000
7905	-1000
7906	-1000
7907	-1000
7908	-1000
7909	-1000
7910	-1000
7911	-1000
7912	-1000
7913	-1000
7914	-1000
7915	-1000
7916	-1000
7917	-1000
7918	-1000
7919	-1000
7920	-1000
7921	-1000
7922	-1000
7923	-1000
7924	-1000
7925	-1000
7926	-1000
7927	-1000
7928	-1000
7929	-1000
7930	-1000
7931	-1000
7932	-1000
7933	-1000
7934	-1000
7935	-1000
7936	-1000
7937	-1000
7938	-1000
7939	-1000
7940	-1000
7941	-1000
7942	-1000
7943	-1000
7944	-1000
7945	-1000
7946	-1000
7947	-1000
7948	-1000
7949	-1000
7950	-1000
7951	-1000
7952	-1000
7953	-1000
7954	-1000
7955	-1000
7956	-1000
7957	-1000
7958	-1000
7959	-1000
7960	-1000
7961	-1000
7962	-1000
7963	-1000
7964	-1000
7965	-1000
7966	-1000
7967	-1000
7968	-1000
7969	-1000
7970	-1000
7971	-1000
7972	-1000
7973	-1000
7974	-1000
7975	-1000
7976	-1000
7977	-1000
7978	-1000
7979	-1000
7980	-1000
7981	-1000
7982	-1000
7983	-1000
7984	-1000
7985	-1000
7986	-1000
7987	-1000
7988	-1000
7989	-1000
7990	-1000
7991	-1000
7992	-1000
7993	-1000
7994	-1000
7995	-1000
7996	-1000
7997	-1000
7998	-1000
7999	-1000
8000	-1000
8001	-1000
8002	-1000
8003	-1000
8004	-1000
8005	-1000
8006	-1000
8007	-1000
8008	-1000
8009	-1000
8010	-1000
8011	-1000
8012	-1000
8013	-1000
8014	-1000
8015	-1000
8016	-1000
8017	-1000
8018	-1000
8019	-1000
8020	-1000
8021	-1000
8022	-1000
8023	-1000
8024	-1000
8025	-1000
8026	-1000
8027	-1000
8028	-1000
8029	-1000
8030	-1000
8031	-1000
8032	-1000
8033	-1000
8034	-1000
8035	-1000
8036	-1000
8037	-1000
8038	-1000
8039	-1000
8040	-1000
8041	-1000
8042	-1000
8043	-1000
8044	-1000
8045	-1000
8046	-1000
8047	-1000
8048	-1000
8049	-1000
8050	-1000
8051	-1000
8052	-1000
8053	-1000
8054	-1000
8055	-1000
8056	-1000
8057	-1000
8058	-1000
8059	-1000
8060	-1000
8061	-1000
8062	-1000
8063	-1000
8064	-1000
8065	-1000
8066	-1000
8067	-1000
8068	-1000
8069	-1000
8070	-1000
8071	-1000
8072	-1000
8073	-1000
8074	-1000
8075	-1000
8076	-1000
8077	-1000
8078	-1000
8079	-1000
8080	-1000
8081	-1000
8082	-1000
8083	-1000
8084	-1000
8085	-1000
8086	-1000
8087	-1000
8088	-1000
8089	-1000
8090	-1000
8091	-1000
8092	-1000
8093	-1000
8094	-1000
8095	-1000
8096	-1000
8097	-1000
8098	-1000
8099	-1000
8100	-1000
8101	-1000
8102	-1000
8103	-1000
8104	-1000
8105	-1000
8106	-1000
8107	-1000
8108	-1000
8109	-1000
8110	-1000
8111	-1000
8112	-1000
8113	-1000
8114	-1000
8115	-1000
8116	-1000
8117	-1000
8118	-1000
8119	-1000
8120	-1000
8121	-1000
8122	-1000
8123	-1000
8124	-1000
8125	-1000
8126	-1000
8127	-1000
8128	-1000
8129	-1000
8130	-1000
8131	-1000
8132	-1000
8133	-1000
8134	-1000
8135	-1000
8136	-1000
8137	-1000
8138	-1000
8139	-1000
8140	-1000
8141	-1000
8142	-1000
8143	-1000
8144	-1000
8145	-1000
8146	-1000
8147	-1000
8148	-1000
8149	-1000
8150	-1000
8151	-1000
8152	-1000
8153	-1000
8154	-1000
8155	-1000
8156	-1000
8157	-1000
8158	-1000
8159	-1000
8160	-1000
8161	-1000
8162	-1000
8163	-1000
8164	-1000
8165	-1000
8166	-1000
8167	-1000
8168	-1000
8169	-1000
8170	-1000
8171	-1000
8172	-1000
8173	-1000
8174	-1000
8175	-1000
8176	-1000
8177	-1000
8178	-1000
8179	-1000
8180	-1000
8181	-1000
8182	-1000
8183	-1000
8184	-1000
8185	-1000
8186	-1000
8187	-1000
8188	-1000
8189	-1000
8190	-1000
8191	-1000
8192	-1000
8193	-1000
8194	-1000
8195	-1000
8196	-1000
8197	-1000
8198	-1000
8199	-1000
8200	-1000
8201	-1000
8202	-1000
8203	-1000
8204	-1000
8205	-1000
8206	-1000
8207	-1000
8208	-1000
8209	-1000
8210	-1000
8211	-1000
8212	-1000
8213	-1000
8214	-1000
8215	-1000
8216	-1000
8217	-1000
8218	-1000
8219	-1000
8220	-1000
8221	-1000
8222	-1000
8223	-1000
8224	-1000
8225	-1000
8226	-1000
8227	-1000
8228	-1000
8229	-1000
8230	-1000
8231	-1000
8232	-1000
8233	-1000
8234	-1000
8235	-1000
8236	-1000
8237	-1000
8238	-1000
8239	-1000
8240	-1000
8241	-1000
8242	-1000
8243	-1000
8244	-1000
8245	-1000
8246	-1000
8247	-1000
8248	-1000
8249	-1000
8250	-1000
8251	-1000
8252	-1000
8253	-1000
8254	-1000
8255	-1000
8256	-1000
8257	-1000
8258	-1000
8259	-1000
8260	-1000
8261	-1000
8262	-1000
8263	-1000
8264	-1000
8265	-1000
8266	-1000
8267	-1000
8268	-1000
8269	-1000
8270	-1000
8271	-1000
8272	-1000
8273	-1000
8274	-1000
8275	-1000
8276	-1000
8277	-1000
8278	-1000
8279	-1000
8280	-1000
8281	-1000
8282	-1000
8283	-1000
8284	-1000
8285	-1000
8286	-1000
8287	-1000
8288	-1000
8289	-1000
8290	-1000
8291	-1000
8292	-1000
8293	-1000
8294	-1000
8295	-1000
8296	-1000
8297	-1000
8298	-1000
8299	-1000
8300	-1000
8301	-1000
8302	-1000
8303	-1000
8304	-1000
8305	-1000
8306	-1000
8307	-1000
8308	-1000
8309	-1000
8310	-1000
8311	-1000
8312	-1000
8313	-1000
8314	-1000
8315	-1000
8316	-1000
8317	-1000
8318	-1000
8319	-1000
8320	-1000
8321	-1000
8322	-1000
8323	-1000
8324	-1000
8325	-1000
8326	-1000
8327	-1000
8328	-1000
8329	-1000
8330	-1000
8331	-1000
8332	-1000
8333	-1000
8334	-1000
8335	-1000
8336	-1000
8337	-1000
8338	-1000
8339	-1000
8340	-1000
8341	-1000
8342	-1000
8343	-1000
8344	-1000
8345	-1000
8346	-1000
8347	-1000
8348	-1000
8349	-1000
8350	-1000
8351	-1000
8352	-1000
8353	-1000
8354	-1000
8355	-1000
8356	-1000
8357	-1000
8358	-1000
8359	-1000
8360	-1000
8361	-1000
8362	-1000
8363	-1000
8364	-1000
8365	-1000
8366	-1000
8367	-1000
8368	-1000
8369	-1000
8370	-1000
8371	-1000
8372	-1000
8373	-1000
8374	-1000
8375	-1000
8376	-1000
8377	-1000
8378	-1000
8379	-1000
8380	-1000
8381	-1000
8382	-1000
8383	-1000
8384	-1000
8385	-1000
8386	-1000
8387	-1000
8388	-1000
8389	-1000
8390	-1000
8391	-1000
8392	-1000
8393	-1000
8394	-1000
8395	-1000
8396	-1000
8397	-1000
8398	-1000
8399	-1000
8400	-1000
8401	-1000
8402	-1000
8403	-1000
8404	-1000
8405	-1000
8406	-1000
8407	-1000
8408	-1000
8409	-1000
8410	-1000
8411	-1000
8412	-1000
8413	-1000
8414	-1000
8415	-1000
8416	-1000
8417	-1000
8418	-1000
8419	-1000
8420	-1000
8421	-1000
8422	-1000
8423	-1000
8424	-1000
8425	-1000
8426	-1000
8427	-1000
8428	-1000
8429	-1000
8430	-1000
8431	-1000
8432	-1000
8433	-1000
8434	-1000
8435	-1000
8436	-1000
8437	-1000
8438	-1000
8439	-1000
8440	-1000
8441	-1000
8442	-1000
8443	-1000
8444	-1000
8445	-1000
8446	-1000
8447	-1000
8448	-1000
8449	-1000
8450	-1000
8451	-1000
8452	-1000
8453	-1000
8454	-1000
8455	-1000
8456	-1000
8457	-1000
8458	-1000
8459	-1000
8460	-1000
8461	-1000
8462	-1000
8463	-1000
8464	-1000
8465	-1000
8466	-1000
8467	-1000
8468	-1000
8469	-1000
8470	-1000
8471	-1000
8472	-1000
8473	-1000
8474	-1000
8475	-1000
8476	-1000
8477	-1000
8478	-1000
8479	-1000
8480	-1000
8481	-1000
8482	-1000
8483	-1000
8484	-1000
8485	-1000
8486	-1000
8487	-1000
8488	-1000
8489	-1000
8490	-1000
8491	-1000
8492	-1000
8493	-1000
8494	-1000
8495	-1000
8496	-1000
8497	-1000
8498	-1000
8499	-1000
8500	-1000
8501	-1000
8502	-1000
8503	-1000
8504	-1000
8505	-1000
8506	-1000
8507	-1000
8508	-1000
8509	-1000
8510	-1000
8511	-1000
8512	-1000
8513	-1000
8514	-1000
8515	-1000
8516	-1000
8517	-1000
8518	-1000
8519	-1000
8520	-1000
8521	-1000
8522	-1000
8523	-1000
8524	-1000
8525	-1000
8526	-1000
8527	-1000
8528	-1000
8529	-1000
8530	-1000
8531	-1000
8532	-1000
8533	-1000
8534	-1000
8535	-1000
8536	-1000
8537	-1000
8538	-1000
8539	-1000
8540	-1000
8541	-1000
8542	-1000
8543	-1000
8544	-1000
8545	-1000
8546	-1000
8547	-1000
8548	-1000
8549	-1000
8550	-1000
8551	-1000
8552	-1000
8553	-1000
8554	-1000
8555	-1000
8556	-1000
8557	-1000
8558	-1000
8559	-1000
8560	-1000
8561	-1000
8562	-1000
8563	-1000
8564	-1000
8565	-1000
8566	-1000
8567	-1000
8568	-1000
8569	-1000
8570	-1000
8571	-1000
8572	-1000
8573	-1000
8574	-1000
8575	-1000
8576	-1000
8577	-1000
8578	-1000
8579	-1000
8580	-1000
8581	-1000
8582	-1000
8583	-1000
8584	-1000
8585	-1000
8586	-1000
8587	-1000
8588	-1000
8589	-1000
8590	-1000
8591	-1000
8592	-1000
8593	-1000
8594	-1000
8595	-1000
8596	-1000
8597	-1000
8598	-1000
8599	-1000
8600	-1000
8601	-1000
8602	-1000
8603	-1000
8604	-1000
8605	-1000
8606	-1000
8607	-1000
8608	-1000
8609	-1000
8610	-1000
8611	-1000
8612	-1000
8613	-1000
8614	-1000
8615	-1000
8616	-1000
8617	-1000
8618	-1000
8619	-1000
8620	-1000
8621	-1000
8622	-1000
8623	-1000
8624	-1000
8625	-1000
8626	-1000
8627	-1000
8628	-1000
8629	-1000
8630	-1000
8631	-1000
8632	-1000
8633	-1000
8634	-1000
8635	-1000
8636	-1000
8637	-1000
8638	-1000
8639	-1000
8640	-1000
8641	-1000
8642	-1000
8643	-1000
8644	-1000
8645	-1000
8646	-1000
8647	-1000
8648	-1000
8649	-1000
8650	-1000
8651	-1000
8652	-1000
8653	-1000
8654	-1000
8655	-1000
8656	-1000
8657	-1000
8658	-1000
8659	-1000
8660	-1000
8661	-1000
8662	-1000
8663	-1000
8664	-1000
8665	-1000
8666	-1000
8667	-1000
8668	-1000
8669	-1000
8670	-1000
8671	-1000
8672	-1000
8673	-1000
8674	-1000
8675	-1000
8676	-1000
8677	-1000
8678	-1000
8679	-1000
8680	-1000
8681	-1000
8682	-1000
8683	-1000
8684	-1000
8685	-1000
8686	-1000
8687	-1000
8688	-1000
8689	-1000
8690	-1000
8691	-1000
8692	-1000
8693	-1000
8694	-1000
8695	-1000
8696	-1000
8697	-1000
8698	-1000
8699	-1000
8700	-1000
8701	-1000
8702	-1000
8703	-1000
8704	-1000
8705	-1000
8706	-1000
8707	-1000
8708	-1000
8709	-1000
8710	-1000
8711	-1000
8712	-1000
8713	-1000
8714	-1000
8715	-1000
8716	-1000
8717	-1000
8718	-1000
8719	-1000
8720	-1000
8721	-1000
8722	-1000
8723	-1000
8724	-1000
8725	-1000
8726	-1000
8727	-1000
8728	-1000
8729	-1000
8730	-1000
8731	-1000
8732	-1000
8733	-1000
8734	-1000
8735	-1000
8736	-1000
8737	-1000
8738	-1000
8739	-1000
8740	-1000
8741	-1000
8742	-1000
8743	-1000
8744	-1000
8745	-1000
8746	-1000
8747	-1000
8748	-1000
8749	-1000
8750	-1000
8751	-1000
8752	-1000
8753	-1000
8754	-1000
8755	-1000
8756	-1000
8757	-1000
8758	-1000
8759	-1000
8760	-1000
8761	-1000
8762	-1000
8763	-1000
8764	-1000
8765	-1000
8766	-1000
8767	-1000
8768	-1000
8769	-1000
8770	-1000
8771	-1000
8772	-1000
8773	-1000
8774	-1000
8775	-1000
8776	-1000
8777	-1000
8778	-1000
8779	-1000
8780	-1000
8781	-1000
8782	-1000
8783	-1000
8784	-1000
8785	-1000
8786	-1000
8787	-1000
8788	-1000
8789	-1000
8790	-1000
8791	-1000
8792	-1000
8793	-1000
8794	-1000
8795	-1000
8796	-1000
8797	-1000
8798	-1000
8799	-1000
8800	-1000
8801	-1000
8802	-1000
8803	-1000
8804	-1000
8805	-1000
8806	-1000
8807	-1000
8808	-1000
8809	-1000
8810	-1000
8811	-1000
8812	-1000
8813	-1000
8814	-1000
8815	-1000
8816	-1000
8817	-1000
8818	-1000
8819	-1000
8820	-1000
8821	-1000
8822	-1000
8823	-1000
8824	-1000
8825	-1000
8826	-1000
8827	-1000
8828	-1000
8829	-1000
8830	-1000
8831	-1000
8832	-1000
8833	-1000
8834	-1000
8835	-1000
8836	-1000
8837	-1000
8838	-1000
8839	-1000
8840	-1000
8841	-1000
8842	-1000
8843	-1000
8844	-1000
8845	-1000
8846	-1000
8847	-1000
8848	-1000
8849	-1000
8850	-1000
8851	-1000
8852	-1000
8853	-1000
8854	-1000
8855	-1000
8856	-1000
8857	-1000
8858	-1000
8859	-1000
8860	-1000
8861	-1000
8862	-1000
8863	-1000
8864	-1000
8865	-1000
8866	-1000
8867	-1000
8868	-1000
8869	-1000
8870	-1000
8871	-1000
8872	-1000
8873	-1000
8874	-1000
8875	-1000
8876	-1000
8877	-1000
8878	-1000
8879	-1000
8880	-1000
8881	-1000
8882	-1000
8883	-1000
8884	-1000
8885	-1000
8886	-1000
8887	-1000
8888	-1000
8889	-1000
8890	-1000
8891	-1000
8892	-1000
8893	-1000
8894	-1000
8895	-1000
8896	-1000
8897	-1000
8898	-1000
8899	-1000
8900	-1000
8901	-1000
8902	-1000
8903	-1000
8904	-1000
8905	-1000
8906	-1000
8907	-1000
8908	-1000
8909	-1000
8910	-1000
8911	-1000
8912	-1000
8913	-1000
8914	-1000
8915	-1000
8916	-1000
8917	-1000
8918	-1000
8919	-1000
8920	-1000
8921	-1000
8922	-1000
8923	-1000
8924	-1000
8925	-1000
8926	-1000
8927	-1000
8928	-1000
8929	-1000
8930	-1000
8931	-1000
8932	-1000
8933	-1000
8934	-1000
8935	-1000
8936	-1000
8937	-1000
8938	-1000
8939	-1000
8940	-1000
8941	-1000
8942	-1000
8943	-1000
8944	-1000
8945	-1000
8946	-1000
8947	-1000
8948	-1000
8949	-1000
8950	-1000
8951	-1000
8952	-1000
8953	-1000
8954	-1000
8955	-1000
8956	-1000
8957	-1000
8958	-1000
8959	-1000
8960	-1000
8961	-1000
8962	-1000
8963	-1000
8964	-1000
8965	-1000
8966	-1000
8967	-1000
8968	-1000
8969	-1000
8970	-1000
8971	-1000
8972	-1000
8973	-1000
8974	-1000
8975	-1000
8976	-1000
8977	-1000
8978	-1000
8979	-1000
8980	-1000
8981	-1000
8982	-1000
8983	-1000
8984	-1000
8985	-1000
8986	-1000
8987	-1000
8988	-1000
8989	-1000
8990	-1000
8991	-1000
8992	-1000
8993	-1000
8994	-1000
8995	-1000
8996	-1000
8997	-1000
8998	-1000
8999	-1000
9000	-1000
9001	-1000
9002	-1000
9003	-1000
9004	-1000
9005	-1000
9006	-1000
9007	-1000
9008	-1000
9009	-1000
9010	-1000
9011	-1000
9012	-1000
9013	-1000
9014	-1000
9015	-1000
9016	-1000
9017	-1000
9018	-1000
9019	-1000
9020	-1000
9021	-1000
9022	-1000
9023	-1000
9024	-1000
9025	-1000
9026	-1000
9027	-1000
9028	-1000
9029	-1000
9030	-1000
9031	-1000
9032	-1000
9033	-1000
9034	-1000
9035	-1000
9036	-1000
9037	-1000
9038	-1000
9039	-1000
9040	-1000
9041	-1000
9042	-1000
9043	-1000
9044	-1000
9045	-1000
9046	-1000
9047	-1000
9048	-1000
9049	-1000
9050	-1000
9051	-1000
9052	-1000
9053	-1000
9054	-1000
9055	-1000
9056	-1000
9057	-1000
9058	-1000
9059	-1000
9060	-1000
9061	-1000
9062	-1000
9063	-1000
9064	-1000
9065	-1000
9066	-1000
9067	-1000
9068	-1000
9069	-1000
9070	-1000
9071	-1000
9072	-1000
9073	-1000
9074	-1000
9075	-1000
9076	-1000
9077	-1000
9078	-1000
9079	-1000
9080	-1000
9081	-1000
9082	-1000
9083	-1000
9084	-1000
9085	-1000
9086	-1000
9087	-1000
9088	-1000
9089	-1000
9090	-1000
9091	-1000
9092	-1000
9093	-1000
9094	-1000
9095	-1000
9096	-1000
9097	-1000
9098	-1000
9099	-1000
9100	-1000
9101	-1000
9102	-1000
9103	-1000
9104	-1000
9105	-1000
9106	-1000
9107	-1000
9108	-1000
9109	-1000
9110	-1000
9111	-1000
9112	-1000
9113	-1000
9114	-1000
9115	-1000
9116	-1000
9117	-1000
9118	-1000
9119	-1000
9120	-1000
9121	-1000
9122	-1000
9123	-1000
9124	-1000
9125	-1000
9126	-1000
9127	-1000
9128	-1000
9129	-1000
9130	-1000
9131	-1000
9132	-1000
9133	-1000
9134	-1000
9135	-1000
9136	-1000
9137	-1000
9138	-1000
9139	-1000
9140	-1000
9141	-1000
9142	-1000
9143	-1000
9144	-1000
9145	-1000
9146	-1000
9147	-1000
9148	-1000
9149	-1000
9150	-1000
9151	-1000
9152	-1000
9153	-1000
9154	-1000
9155	-1000
9156	-1000
9157	-1000
9158	-1000
9159	-1000
9160	-1000
9161	-1000
9162	-1000
9163	-1000
9164	-1000
9165	-1000
9166	-1000
9167	-1000
9168	-1000
9169	-1000
9170	-1000
9171	-1000
9172	-1000
9173	-1000
9174	-1000
9175	-1000
9176	-1000
9177	-1000
9178	-1000
9179	-1000
9180	-1000
9181	-1000
9182	-1000
9183	-1000
9184	-1000
9185	-1000
9186	-1000
9187	-1000
9188	-1000
9189	-1000
9190	-1000
9191	-1000
9192	-1000
9193	-1000
9194	-1000
9195	-1000
9196	-1000
9197	-1000
9198	-1000
9199	-1000
9200	-1000
9201	-1000
9202	-1000
9203	-1000
9204	-1000
9205	-1000
9206	-1000
9207	-1000
9208	-1000
9209	-1000
9210	-1000
9211	-1000
9212	-1000
9213	-1000
9214	-1000
9215	-1000
9216	-1000
9217	-1000
9218	-1000
9219	-1000
9220	-1000
9221	-1000
9222	-1000
9223	-1000
9224	-1000
9225	-1000
9226	-1000
9227	-1000
9228	-1000
9229	-1000
9230	-1000
9231	-1000
9232	-1000
9233	-1000
9234	-1000
9235	-1000
9236	-1000
9237	-1000
9238	-1000
9239	-1000
9240	-1000
9241	-1000
9242	-1000
9243	-1000
9244	-1000
9245	-1000
9246	-1000
9247	-1000
9248	-1000
9249	-1000
9250	-1000
9251	-1000
9252	-1000
9253	-1000
9254	-1000
9255	-1000
9256	-1000
9257	-1000
9258	-1000
9259	-1000
9260	-1000
9261	-1000
9262	-1000
9263	-1000
9264	-1000
9265	-1000
9266	-1000
9267	-1000
9268	-1000
9269	-1000
9270	-1000
9271	-1000
9272	-1000
9273	-1000
9274	-1000
9275	-1000
9276	-1000
9277	-1000
9278	-1000
9279	-1000
9280	-1000
9281	-1000
9282	-1000
9283	-1000
9284	-1000
9285	-1000
9286	-1000
9287	-1000
9288	-1000
9289	-1000
9290	-1000
9291	-1000
9292	-1000
9293	-1000
9294	-1000
9295	-1000
9296	-1000
9297	-1000
9298	-1000
9299	-1000
9300	-1000
9301	-1000
9302	-1000
9303	-1000
9304	-1000
9305	-1000
9306	-1000
9307	-1000
9308	-1000
9309	-1000
9310	-1000
9311	-1000
9312	-1000
9313	-1000
9314	-1000
9315	-1000
9316	-1000
9317	-1000
9318	-1000
9319	-1000
9320	-1000
9321	-1000
9322	-1000
9323	-1000
9324	-1000
9325	-1000
9326	-1000
9327	-1000
9328	-1000
9329	-1000
9330	-1000
9331	-1000
9332	-1000
9333	-1000
9334	-1000
9335	-1000
9336	-1000
9337	-1000
9338	-1000
9339	-1000
9340	-1000
9341	-1000
9342	-1000
9343	-1000
9344	-1000
9345	-1000
9346	-1000
9347	-1000
9348	-1000
9349	-1000
9350	-1000
9351	-1000
9352	-1000
9353	-1000
9354	-1000
9355	-1000
9356	-1000
9357	-1000
9358	-1000
9359	-1000
9360	-1000
9361	-1000
9362	-1000
9363	-1000
9364	-1000
9365	-1000
9366	-1000
9367	-1000
9368	-1000
9369	-1000
9370	-1000
9371	-1000
9372	-1000
9373	-1000
9374	-1000
9375	-1000
9376	-1000
9377	-1000
9378	-1000
9379	-1000
9380	-1000
9381	-1000
9382	-1000
9383	-1000
9384	-1000
9385	-1000
9386	-1000
9387	-1000
9388	-1000
9389	-1000
9390	-1000
9391	-1000
9392	-1000
9393	-1000
9394	-1000
9395	-1000
9396	-1000
9397	-1000
9398	-1000
9399	-1000
9400	-1000
9401	-1000
9402	-1000
9403	-1000
9404	-1000
9405	-1000
9406	-1000
9407	-1000
9408	-1000
9409	-1000
9410	-1000
9411	-1000
9412	-1000
9413	-1000
9414	-1000
9415	-1000
9416	-1000
9417	-1000
9418	-1000
9419	-1000
9420	-1000
9421	-1000
9422	-1000
9423	-1000
9424	-1000
9425	-1000
9426	-1000
9427	-1000
9428	-1000
9429	-1000
9430	-1000
9431	-1000
9432	-1000
9433	-1000
9434	-1000
9435	-1000
9436	-1000
9437	-1000
9438	-1000
9439	-1000
9440	-1000
9441	-1000
9442	-1000
9443	-1000
9444	-1000
9445	-1000
9446	-1000
9447	-1000
9448	-1000
9449	-1000
9450	-1000
9451	-1000
9452	-1000
9453	-1000
9454	-1000
9455	-1000
9456	-1000
9457	-1000
9458	-1000
9459	-1000
9460	-1000
9461	-1000
9462	-1000
9463	-1000
9464	-1000
9465	-1000
9466	-1000
9467	-1000
9468	-1000
9469	-1000
9470	-1000
9471	-1000
9472	-1000
9473	-1000
9474	-1000
9475	-1000
9476	-1000
9477	-1000
9478	-1000
9479	-1000
9480	-1000
9481	-1000
9482	-1000
9483	-1000
9484	-1000
9485	-1000
9486	-1000
9487	-1000
9488	-1000
9489	-1000
9490	-1000
9491	-1000
9492	-1000
9493	-1000
9494	-1000
9495	-1000
9496	-1000
9497	-1000
9498	-1000
9499	-1000
9500	-1000
9501	-1000
9502	-1000
9503	-1000
9504	-1000
9505	-1000
9506	-1000
9507	-1000
9508	-1000
9509	-1000
9510	-1000
9511	-1000
9512	-1000
9513	-1000
9514	-1000
9515	-1000
9516	-1000
9517	-1000
9518	-1000
9519	-1000
9520	-1000
9521	-1000
9522	-1000
9523	-1000
9524	-1000
9525	-1000
9526	-1000
9527	-1000
9528	-1000
9529	-1000
9530	-1000
9531	-1000
9532	-1000
9533	-1000
9534	-1000
9535	-1000
9536	-1000
9537	-1000
9538	-1000
9539	-1000
9540	-1000
9541	-1000
9542	-1000
9543	-1000
9544	-1000
9545	-1000
9546	-1000
9547	-1000
9548	-1000
9549	-1000
9550	-1000
9551	-1000
9552	-1000
9553	-1000
9554	-1000
9555	-1000
9556	-1000
9557	-1000
9558	-1000
9559	-1000
9560	-1000
9561	-1000
