0.000000 0.000000
0.000000 0.000000
0.000000 0.000000
0.000000 0.000000
0.000000 0.000000
0.000000 0.000000
0.000000 0.000000
0.000000 0.000000
0.000000 0.000000
0.000000 0.000000
0.000000 0.000000
0.000000 0.000000
0.000000 0.000000
0.000000 0.000000
0.000000 0.000000
0.000000 0.000000
0.000000 0.000000
0.000000 0.000000
0.000000 0.000000
0.000000 0.000000
0.000000 0.000000
0.000000 0.000000
0.000000 0.000000
0.000000 0.000000
0.000000 0.000000
0.000000 0.000000
0.000000 0.000000
0.000000 0.000000
0.000000 0.000000
0.000000 0.000000
0.000000 0.000000
0.000000 0.000000
0.000000 0.000000
0.000000 0.000000
0.000000 0.000000
0.000000 0.000000
0.000000 0.000000
0.000000 0.000000
0.000000 0.000000
0.000000 0.000000
0.000000 0.000000
0.000000 0.000000
0.000000 0.000000
0.000000 0.000000
0.000000 0.000000
0.000000 0.000000
0.000000 0.000000
0.000000 0.000000
0.000000 0.000000
0.000000 0.000000
0.000000 0.000000
0.000000 0.000000
0.000000 0.000000
0.000000 0.000000
0.000000 0.000000
0.000000 0.000000
0.000000 0.000000
0.000000 0.000000
0.000000 0.000000
0.000000 0.000000
0.000000 0.000000
0.000000 0.000000
0.000000 0.000000
0.000000 0.000000
0.000000 0.000000
0.000000 0.000000
0.000000 0.000000
0.000000 0.000000
0.000000 0.000000
0.000000 0.000000
0.000000 0.000000
0.000000 0.000000
0.000000 0.000000
0.000000 0.000000
0.000000 0.000000
0.000000 0.000000
0.000000 0.000000
0.000000 0.000000
0.000000 0.000000
0.000000 0.000000
0.000000 0.000000
0.000000 0.000000
0.000000 0.000000
0.000000 0.000000
0.000000 0.000000
0.000000 0.000000
0.000000 0.000000
0.000000 0.000000
0.000000 0.000000
0.000000 0.000000
0.000000 0.000000
0.000000 0.000000
0.000000 0.000000
0.000000 0.000000
0.000000 0.000000
18.745493 0.000000
20.369314 0.000000
22.176235 0.000000
24.313797 0.000000
26.262701 0.000000
28.375523 0.000000
30.688957 0.000000
33.206570 0.000000
34.460815 0.000000
37.476177 0.000000
39.326977 0.000000
41.496468 0.000000
43.451843 0.000000
45.784824 0.000000
0.000000 0.000000
0.000000 0.000000
0.000000 0.000000
0.000000 0.000000
0.000000 0.000000
0.000000 0.000000
0.000000 0.000000
0.000000 149.819427
0.000000 149.406677
0.000000 148.781601
0.000000 148.317627
0.000000 148.495728
0.000000 148.473160
0.000000 149.184296
0.000000 149.580414
0.000000 149.845459
39.766136 76.504265
38.565262 75.963760
36.988766 74.890427
35.537678 72.776566
34.159695 70.709953
32.918972 68.694214
31.803535 67.217598
30.735487 65.297569
29.485771 63.895145
28.508474 61.630955
27.923588 61.189205
27.126757 60.316860
26.565052 59.459396
26.122622 59.036243
25.569664 58.616810
25.569664 58.616810
25.569664 58.616810
25.569664 59.459396
25.676815 59.886265
25.784807 60.316860
25.784807 60.751175
26.003345 60.751175
26.003345 61.630955
26.113913 62.525566
26.225357 59.225964
26.225357 59.703552
26.450916 59.620872
26.565052 59.743565
26.680103 54.389149
26.912996 48.878525
27.030861 39.907883
27.030861 38.018944
27.030861 32.275642
27.269470 25.387905
27.390242 24.655899
27.634766 24.655899
27.883341 23.085135
27.883341 20.658911
28.009176 15.572543
28.009176 12.925999
28.136061 12.225122
28.264006 11.309933
28.393019 9.019322
28.393019 7.125016
28.523119 7.016502
28.523119 6.146626
28.654316 6.241914
28.654316 5.355825
28.523119 4.467159
28.393019 4.398705
28.523119 4.467159
28.393019 3.632951
28.393019 3.632951
28.264006 3.691386
28.393019 3.691386
28.264006 2.770216
28.136061 2.770216
28.136061 2.815557
28.264006 2.770216
28.264006 2.770216
28.264006 2.770216
28.393019 4.685900
28.393019 4.844000
28.393019 6.115504
28.870205 8.583622
5.469095 5.136379
6.818214 5.024076
7.275005 4.969741
8.042894 4.916566
8.130103 4.916566
8.595911 4.916566
8.498559 4.916566
8.797411 4.916566
7.943472 4.969741
28.870205 12.425943
28.870205 11.129189
29.001699 10.784298
7.125016 7.431408
29.001699 10.619656
7.052306 7.431408
29.372616 10.304847
7.633330 7.352379
7.633330 7.352379
7.711893 7.352379
7.792078 7.352379
8.652541 7.275005
9.066503 7.199234
9.066503 7.199234
9.743641 7.052306
12.407418 6.709837
13.902687 6.519802
15.792403 6.340192
20.031013 5.957131
26.565052 5.440332
30.685175 5.117315
34.128548 4.864514
37.381454 4.635463
38.130009 4.484606
34.954670 4.513988
35.639809 4.398705
34.398846 4.398705
32.047234 4.370797
31.228401 4.370797
30.120279 4.398705
28.984560 4.370797
29.337893 4.370797
29.299009 4.343240
34.902496 4.037711
62.020527 0.000000
63.434948 0.000000
68.962486 0.000000
61.699245 0.000000
66.801407 0.000000
24.461643 42.534241
24.005520 42.273689
23.941221 42.015717
23.281189 37.116863
23.581652 41.507408
22.924713 40.279865
23.116545 38.437302
22.486349 28.920044
22.239990 28.920044
22.275898 28.786619
22.078581 28.920044
22.115572 28.786619
22.036228 28.786619
22.036228 28.786619
21.957422 28.786619
21.447737 29.190311
21.489599 29.054605
22.368275 41.849285
21.721050 43.408859
21.483324 45.545658
21.129234 46.397179
20.480356 48.132465
20.883160 49.619923
21.115507 50.247139
20.607920 51.726883
21.148029 52.633331
21.595310 52.963787
21.388624 53.297146
20.714176 53.046093
20.556046 53.046093
21.513906 52.873940
20.714176 52.535061
21.433084 52.011856
21.557079 51.407440
21.352840 51.072456
21.557079 50.469093
21.679850 49.864513
21.760746 49.586098
21.963835 48.652222
21.760746 48.330917
21.679850 48.012791
21.679850 47.098907
21.599522 47.077175
21.599522 46.771469
21.239311 46.169140
21.161259 45.872456
21.239311 45.287914
20.960064 45.000000
20.806791 44.714951
20.806791 44.432735
20.730955 43.876698
20.531025 43.876698
20.531025 43.602818
20.456314 43.331661
20.109787 43.063198
20.109787 42.797401
20.037210 42.797401
19.983107 42.534241
19.838650 42.534241
19.910627 42.273689
19.767168 42.273689
19.639589 42.273689
19.568710 42.015717
19.767168 42.015717
19.639589 42.015717
19.498322 42.015717
19.568710 41.760300
19.568710 41.760300
19.299976 41.760300
19.369762 41.760300
19.369762 41.760300
19.369762 41.760300
19.299976 41.760300
19.498322 41.760300
19.299976 41.760300
19.369762 41.760300
19.568710 42.015717
19.369762 42.015717
19.369762 42.015717
19.170326 42.534241
19.369762 42.534241
19.369762 42.797401
19.369762 43.063198
19.170326 43.063198
19.369762 43.331661
19.170326 43.063198
19.170326 43.063198
19.239988 43.331661
19.170326 43.331661
19.310141 42.461456
19.239988 42.754257
19.239988 43.331661
19.310141 43.602818
19.310141 43.602818
19.108986 42.436230
19.310141 43.602818
19.310141 43.876698
19.310141 43.876698
19.451927 43.876698
19.380783 43.876698
19.380783 42.108730
19.380783 43.876698
19.451927 43.876698
18.848131 42.709389
19.582060 43.876698
19.451927 43.876698
19.653824 43.876698
19.798878 43.876698
19.523575 43.602818
19.726095 43.602818
19.726095 43.331661
19.726095 43.331661
19.726095 43.331661
19.726095 43.331661
19.523575 43.331661
19.798878 43.331661
19.798878 43.331661
19.798878 43.331661
19.798878 43.331661
19.726095 43.331661
19.798878 43.602818
19.726095 43.602818
19.726095 43.602818
19.798878 43.876698
19.872175 43.876698
19.595730 43.876698
19.536654 43.876698
19.476576 43.876698
20.075430 43.876698
19.197001 43.876698
19.872175 43.876698
19.798878 43.602818
19.872175 43.602818
19.798878 43.602818
19.798878 43.876698
19.798878 43.876698
19.798878 42.108730
19.872175 43.876698
19.872175 43.005428
19.798878 43.602818
19.798878 43.602818
19.872175 43.602818
20.001505 43.602818
19.798878 43.876698
20.001505 43.602818
19.872175 43.876698
19.872175 43.876698
19.798878 43.315315
19.798878 43.876698
20.001505 43.602818
20.001505 43.602818
20.075430 43.602818
19.798878 42.436230
19.872175 43.602818
19.798878 43.331661
19.872175 43.331661
20.278156 42.732044
19.872175 43.298645
19.872175 43.876698
19.798878 44.153324
19.798878 44.153324
20.278156 43.589058
19.872175 44.153324
20.075430 44.144901
19.798878 44.153324
20.075430 44.153324
19.798878 44.432735
19.798878 44.432735
20.001505 44.153324
19.726095 44.153324
19.928102 44.432735
20.001505 44.432735
20.001505 45.000000
20.075430 45.287914
19.798878 45.287914
19.872175 45.287914
20.075430 45.287914
20.001505 45.578724
20.278156 43.500454
20.203615 45.578724
20.001505 43.806511
20.203615 45.578724
20.203615 45.290840
20.203615 45.287914
20.129597 45.000000
20.056095 45.000000
20.129597 44.714951
20.001505 44.432735
20.203615 44.432735
20.278156 44.153324
20.001505 43.876698
20.278156 43.876698
20.278156 43.876698
20.278156 43.876698
20.353230 43.876698
20.353230 43.876698
20.149879 43.876698
20.353230 43.876698
19.550055 43.876698
20.428835 44.153324
20.020348 42.985401
20.353230 42.985401
20.224859 44.153324
20.224859 42.709389
20.020348 42.985401
20.224859 44.153324
19.832129 42.985401
20.300377 44.432735
20.300377 42.662693
20.300377 44.432735
20.300377 44.714951
20.376436 44.714951
20.581671 44.714951
20.453041 44.427063
20.815065 44.714951
20.736708 44.714951
20.736708 44.432735
20.815065 44.432735
20.136303 44.153324
21.021645 43.876698
21.021645 44.153324
21.101210 44.153324
21.307848 44.153324
21.307848 43.876698
21.307848 44.153324
21.388624 44.432735
20.291769 44.714951
21.307848 45.000000
21.469984 45.000000
21.469984 45.287914
21.388624 45.287914
21.388624 45.287914
21.181349 45.287914
21.262074 45.578724
21.469984 45.000000
21.181349 45.287914
20.370365 45.287914
20.291769 45.287914
20.213749 45.287914
21.181349 45.578724
21.181349 45.287914
21.388624 42.922825
21.388624 44.714951
21.388624 44.714951
21.181349 44.714951
20.291769 45.000000
21.388624 45.000000
21.388624 45.287914
20.714176 42.901093
21.181349 42.901093
21.181349 45.000000
21.181349 44.714951
21.021645 42.357452
21.227652 42.662693
21.148029 42.964966
20.346460 44.432735
21.148029 43.842667
21.148029 44.714951
21.273167 43.854237
21.148029 43.854237
21.068974 44.432735
21.068974 44.153324
21.068974 43.876698
21.194056 43.876698
20.990482 43.589058
20.990482 43.281643
20.990482 43.876698
20.990482 43.876698
20.990482 43.005428
20.990482 43.876698
20.990482 43.876698
20.990482 43.876698
20.912548 43.876698
20.912548 43.876698
20.709038 43.602818
20.912548 43.602818
20.709038 43.331661
20.709038 43.602818
20.709038 43.331661
20.709038 43.331661
20.504980 43.331661
20.428835 43.331661
20.581671 43.331661
20.786352 43.063198
20.864222 43.331661
20.786352 43.063198
20.581671 43.063198
20.786352 43.063198
20.581671 43.331661
19.225681 41.262371
20.942652 43.063198
20.942652 43.063198
21.148029 43.063198
20.864222 42.797401
21.068974 42.534241
21.068974 42.273689
21.068974 41.760300
21.068974 41.760300
21.068974 41.760300
21.068974 41.507408
20.990482 41.257011
21.068974 41.507408
19.925581 41.507408
19.925581 41.257011
20.990482 41.507408
20.990482 41.507408
20.990482 41.507408
20.990482 41.760300
20.990482 41.760300
20.990482 42.015717
20.786352 42.015717
20.990482 42.015717
20.912548 42.015717
20.990482 42.015717
20.990482 42.273689
20.990482 41.371468
20.990482 42.797401
20.990482 43.063198
20.990482 42.797401
20.786352 42.797401
20.912548 40.815083
20.912548 42.015717
20.632271 41.760300
20.556046 41.760300
20.758324 41.790516
20.556046 42.349312
20.353230 43.152390
20.353230 43.169250
20.428835 43.423450
20.504980 44.215176
20.504980 44.207943
20.300377 44.733509
20.300377 45.271545
20.020348 45.822369
19.069193 46.410942
20.300377 47.035034
20.300377 47.697807
20.300377 49.108112
20.300377 50.013115
20.504980 52.431408
20.504980 53.343891
20.581671 54.395466
20.736708 55.804394
20.942652 37.815731
21.388624 39.986885
21.262074 41.325500
21.634489 41.760300
22.011284 42.273689
22.268253 42.273689
22.442753 41.257011
22.833654 41.257011
23.014755 41.257011
23.507961 42.838921
23.602295 44.443748
23.697344 43.830860
23.793118 44.409344
24.107971 43.228531
24.205885 41.566372
24.304548 50.281242
24.403971 42.510448
24.403971 59.656754
24.504160 58.934834
24.623566 59.420773
24.424150 61.630955
25.046200 60.751175
24.943907 59.886265
24.741644 59.036243
24.641661 58.045635
24.325575 57.236111
24.034288 56.048904
23.723660 55.394325
23.442921 54.625248
23.168388 53.870556
23.078222 53.130104
22.602402 52.403728
22.343493 51.691265
22.343493 50.648247
21.717644 49.304466
21.884027 48.976730
21.637941 48.330917
21.433084 47.385944
21.194056 46.468803
20.990482 45.872456
20.835163 45.287914
20.960064 44.714951
20.758324 44.432735
20.682026 44.153324
20.606260 44.153324
20.682026 43.876698
20.606260 43.876698
20.405201 43.876698
20.405201 43.876698
20.330572 44.153324
20.405201 44.153324
20.129597 44.432735
20.056095 44.432735
19.910627 44.714951
19.696180 45.000000
19.230671 45.287914
18.762350 41.268604
18.370062 41.560131
17.853615 46.468803
17.791203 42.809425
17.402704 46.468803
8.488944 46.169140
14.638278 45.578724
12.665064 45.000000
13.682259 44.714951
7.071990 44.153324
8.100058 44.443748
14.086724 44.454342
9.392449 43.929176
14.541930 43.948818
10.684913 42.936180
13.633114 42.466442
15.326918 41.516727
17.281500 40.072891
16.389542 38.500656
12.484028 37.138577
14.733117 35.732166
16.318747 35.537678
21.181349 30.029402
21.967243 29.604450
22.380135 29.327179
22.343493 29.465221
23.051302 29.054605
23.228262 29.054605
23.317709 29.054605
23.616364 28.920044
23.916245 28.786619
24.405910 28.654316
24.807428 28.523119
25.101608 28.523119
25.201124 28.523119
25.820992 28.393019
26.241350 28.393019
26.674604 28.393019
27.342272 28.264006
27.923588 28.264006
28.405245 28.264006
29.130560 28.136061
29.415598 28.264006
29.945683 28.264006
30.256437 28.393019
30.437243 28.523119
30.133442 28.920044
30.173519 29.054605
29.962185 29.327179
29.708572 29.465221
29.310007 29.604450
28.772638 29.744883
28.495640 29.744883
28.339132 29.604450
28.565836 29.327179
28.786619 29.054605
28.786619 29.054605
28.786619 29.054605
28.654316 29.054605
28.523119 29.054605
28.282185 29.190311
28.024502 29.190311
27.897272 29.190311
27.771101 29.190311
28.009176 29.054605
27.994171 28.920044
27.994171 28.920044
28.228777 28.786619
27.979475 28.786619
28.694904 28.523119
28.442930 28.523119
28.673147 28.393019
28.673147 28.393019
28.902357 28.264006
28.776596 28.264006
28.902357 28.264006
28.902357 28.264006
29.029129 28.264006
28.926424 28.393019
28.926424 28.393019
28.926424 28.393019
28.822430 28.523119
28.822430 28.523119
28.822430 28.523119
28.822430 28.523119
28.694904 28.523119
28.694904 28.523119
28.694904 28.523119
28.926424 28.393019
29.156919 28.264006
29.029129 28.264006
29.029129 28.264006
29.386381 28.136061
29.285738 28.264006
29.054605 28.393019
29.445429 28.393019
29.577839 28.393019
29.845930 28.393019
29.845930 28.393019
30.493359 28.264006
30.493359 28.264006
30.395554 28.393019
30.535828 28.393019
30.819920 28.393019
31.203888 28.264006
33.064396 76.342354
34.491978 76.849052
36.050541 78.486168
36.679756 79.508522
37.568592 80.537682
37.903305 82.092834
37.990616 83.659805
38.607628 85.236359
38.554581 87.349312
38.765522 90.530502
38.713108 93.814072
38.390057 96.991928
37.965023 100.784294
37.694241 103.907776
37.212982 105.945396
36.732826 108.103760
36.528854 109.411484
36.599316 110.556046
36.253838 111.515884
36.126717 112.380135
36.052414 113.061523
36.052414 113.540039
36.253838 114.702431
36.326824 114.702431
35.852921 115.173523
35.852921 115.173523
35.577217 115.173523
35.577217 115.173523
35.577217 115.173523
35.577217 115.173523
35.380272 114.702431
35.577217 114.227745
35.299610 113.749496
35.103329 113.267708
35.185215 112.782402
35.103329 112.293625
34.908943 111.801407
34.716431 111.305786
34.716431 110.806793
34.800671 110.304474
34.883556 109.798874
34.423416 109.290047
34.695156 108.778030
34.508522 108.262894
34.508522 107.744675
34.611141 106.699242
34.883556 105.350136
35.345024 103.366928
35.380272 101.633636
36.052414 99.462318
36.457211 97.193466
36.869896 96.095863
38.884495 93.850639
38.715218 91.652306
37.547924 89.449097
38.711147 87.220833
41.244659 82.333199
42.878902 83.904137
42.909840 78.906281
43.541878 77.828545
42.939888 77.292885
42.528336 76.228401
41.462582 75.173523
40.219116 72.072083
39.165211 74.275253
37.926460 73.249733
37.798622 73.761162
37.498867 70.559967
37.900082 71.565048
37.325520 70.382118
36.926796 66.732292
36.069408 65.772255
35.272419 64.358994
34.624153 62.978420
34.380344 61.189205
28.786619 29.054605
28.523119 29.054605
28.264006 29.054605
28.009176 29.054605
27.758541 29.054605
27.390242 29.054605
27.269470 29.054605
26.912996 29.054605
24.912746 51.340191
23.864422 48.976730
45.000000 29.054605
0.000000 133.025070
23.875280 70.201126
20.346460 84.454681
19.476576 91.684685
18.983217 94.993744
18.095924 96.155167
17.687359 95.710594
17.276928 94.004173
16.450584 94.573921
16.034735 95.710594
15.044122 96.277298
14.888955 96.709839
14.518610 96.581947
14.359337 97.193466
13.982089 97.666801
13.600542 98.504578
12.158366 99.111359
9.272601 99.462318
14.257035 99.977715
13.701510 101.003540
8.923989 101.618523
10.806146 102.022278
12.629459 102.131317
12.855634 101.618523
14.036243 101.618523
13.585991 102.242332
14.542774 102.355362
13.866897 101.944176
13.240520 101.944176
13.468415 100.988647
13.468415 101.093719
13.751475 101.093719
13.979346 101.633636
14.264513 101.309929
14.551376 101.200798
15.461218 101.309929
14.779561 101.309929
15.977731 101.309929
16.203775 102.952766
17.326138 102.828781
16.721802 97.740341
17.619669 90.535461
17.690889 86.221802
16.858398 86.112091
18.434950 86.074089
19.400934 87.137596
19.701359 87.137596
20.143656 87.137596
20.224859 87.709389
20.143656 88.281639
20.363871 87.709389
20.583460 87.137596
20.501427 86.566368
20.719669 85.995827
20.719669 85.426079
20.937284 85.426079
21.154270 84.857239
21.154270 84.289406
20.987846 83.722702
20.987846 82.593086
20.420015 82.593086
20.637547 83.722702
20.937284 83.722702
21.455477 84.289406
21.540977 84.857239
21.932421 85.426079
22.328657 85.426079
21.175739 85.426079
21.576546 85.426079
22.526060 85.426079
22.487280 85.426079
23.133631 85.426079
23.686064 85.426079
24.114199 84.857239
24.319309 84.289406
24.319309 84.289406
24.527721 83.722702
24.863697 83.722702
24.507404 83.722702
24.613844 83.722702
23.644331 84.857239
23.989063 84.857239
23.989063 85.426079
25.159302 85.995827
25.144787 84.857239
24.399435 83.722702
26.446180 82.736755
26.565052 82.333199
26.805788 84.559669
26.808346 89.459488
27.416517 94.899094
27.911499 98.207214
27.425653 100.653900
28.169901 101.859779
28.300756 100.757965
27.824097 100.203972
28.565836 100.105034
28.565836 100.105034
28.205233 100.007980
28.339132 99.001755
28.723738 99.001755
29.109856 97.815292
28.860758 97.740341
28.860758 97.891701
29.109856 96.645279
29.109856 96.775658
29.248827 96.155167
29.744883 96.095863
29.604450 96.775658
29.638382 96.709839
29.780537 97.263245
29.780537 97.193466
29.638382 96.709839
29.780537 96.645279
29.923929 96.155167
29.816998 96.037682
29.816998 96.095863
29.962185 96.095863
29.816998 95.492325
29.816998 95.492325
29.962185 94.993744
29.708572 94.356972
29.708572 94.356972
29.962185 93.814072
29.708572 93.850639
29.708572 93.778198
29.854294 93.239700
30.001318 93.814072
29.598625 94.316025
29.744883 94.316025
29.744883 94.316025
29.744883 95.389313
30.001318 95.924583
30.001318 95.869598
30.001318 96.340195
29.744883 96.927216
30.256437 97.454300
30.256437 97.523819
30.256437 98.583618
30.405533 98.583618
30.510239 98.504578
30.510239 98.504578
30.913275 98.583618
31.065166 98.583618
31.317741 98.664139
31.317741 98.664139
31.415686 98.664139
31.415686 98.664139
31.415686 98.664139
31.664892 98.664139
31.664892 98.207214
31.664892 98.130104
31.912773 98.130104
32.067390 97.740341
32.067390 97.891701
32.067390 97.334381
31.912773 97.193466
32.067390 97.263245
32.067390 97.740341
32.223354 97.193466
32.223354 97.193466
32.223354 97.263245
32.067390 97.815292
32.067390 97.815292
32.223354 97.193466
32.223354 97.740341
32.223354 97.666801
32.223354 97.666801
32.223354 97.815292
32.223354 97.263245
32.223354 97.334381
32.223354 97.334381
32.067390 97.334381
32.067390 97.263245
32.067390 97.263245
32.067390 97.263245
32.067390 96.842773
32.067390 96.709839
32.067390 96.155167
32.067390 95.654419
31.912773 96.215637
31.912773 95.654419
31.759481 95.654419
31.759481 95.599342
31.912773 96.155167
31.912773 96.155167
32.067390 96.581947
31.664892 96.581947
31.912773 96.581947
31.664892 96.581947
31.818853 97.125015
31.974159 97.057846
31.723604 97.594643
31.879597 98.130104
31.879597 98.746162
31.879597 98.746162
31.879597 99.819298
31.879597 99.283554
31.879597 99.819298
31.723604 99.819298
31.568972 99.912750
31.415686 99.912750
31.415686 100.007980
31.013884 99.372093
30.613482 100.105034
30.465546 99.819298
30.465546 99.819298
30.318895 99.819298
30.029402 100.007980
29.886526 100.105034
29.886526 101.859779
29.744883 103.116440
29.604450 103.116440
29.465221 102.707115
29.327179 99.090279
29.190311 93.503532
29.054605 90.000000
28.920044 85.179237
28.786619 62.062859
28.523119 55.813877
28.523119 45.000000
28.264006 30.650669
28.136061 17.571259
27.883341 13.828651
27.758541 9.593134
27.512001 6.842773
27.390242 5.063617
27.149683 3.532295
0.000000 257.660919
26.565052 2.070031
0.000000 258.197571
0.000000 259.019348
26.113913 1.347887
0.000000 258.366364
25.676815 1.347887
25.463345 1.332220
25.357847 1.332220
25.357847 1.332220
25.357847 1.332220
25.253162 1.997880
25.253162 2.021365
25.253162 2.147586
25.253162 3.489325
25.253162 4.236395
25.357847 5.931527
25.357847 8.455028
25.135704 11.154660
24.775141 17.650124
22.895798 27.299572
21.705437 35.059425
20.211649 47.082565
18.962196 52.125015
16.915760 57.171459
14.596575 65.658913
13.324532 65.912552
12.658509 67.988716
10.277141 68.198593
9.253406 67.680557
8.673174 68.198593
8.770763 68.694214
9.356709 68.694214
9.782407 68.694214
11.243542 69.695526
11.836776 69.695526
21.501434 69.193207
22.599211 69.695526
22.951170 69.695526
23.056595 69.193207
25.139433 68.694214
25.525785 68.694214
25.651527 67.706375
25.387905 67.217598
25.778431 67.217598
25.778431 66.250504
25.651527 64.826477
25.513870 64.358994
26.166248 63.895145
26.029593 63.895145
25.898851 63.895145
25.760012 63.434948
26.029593 63.434948
26.161566 62.978420
26.161566 62.978420
25.489201 62.978420
25.882992 62.978420
26.156775 62.978420
25.750475 63.895145
25.619215 64.358994
25.619215 64.358994
25.346176 64.358994
25.346176 63.434948
25.360411 61.189205
25.360411 60.751175
24.962790 60.751175
24.962790 61.189205
25.089375 62.076408
24.962790 62.525566
25.232832 60.751175
24.962790 60.751175
24.837397 60.751175
24.962790 60.751175
25.106445 61.189205
24.962790 61.189205
25.232832 62.076408
24.109175 62.076408
25.360411 60.751175
25.089375 60.316860
25.360411 60.316860
24.837397 60.316860
25.232832 60.751175
24.962790 61.189205
25.232832 62.076408
24.981239 62.525566
24.713177 62.525566
24.962790 62.525566
24.837397 62.978420
24.713177 62.978420
24.962790 63.434948
24.590117 63.434948
24.590117 63.895145
24.590117 64.826477
25.106445 65.297569
25.232832 66.250504
25.360411 66.250504
25.619215 65.297569
25.232832 64.826477
24.981239 64.358994
24.857197 64.358994
24.857197 64.358994
25.106445 64.826477
25.232832 64.826477
25.248138 64.826477
25.513870 64.358994
25.248138 64.358994
25.501678 63.434948
24.981239 62.978420
25.513870 62.978420
25.123127 62.978420
25.248138 62.525566
25.248138 62.525566
24.981239 62.525566
25.232832 62.525566
24.981239 62.525566
25.106445 62.525566
24.981239 62.525566
24.981239 62.978420
25.248138 62.978420
25.232832 62.525566
25.106445 62.076408
24.981239 62.525566
25.232832 62.525566
24.981239 62.525566
25.106445 62.978420
25.248138 62.525566
24.981239 62.525566
24.981239 62.525566
24.857197 61.594753
25.489201 60.642246
24.817131 59.931419
24.691559 58.768089
24.713177 58.945728
19.304464 58.495731
20.239691 58.050030
23.061520 29.259336
22.959717 29.259336
23.061520 29.259336
22.820972 29.407188
23.061520 29.259336
20.282558 55.871452
20.282558 55.437477
20.623531 56.453892
20.623531 57.019001
20.995993 57.724358
21.370623 57.724358
21.370623 57.994617
21.370623 58.157543
21.476791 58.425808
21.747408 58.157543
24.203676 29.341654
24.312342 29.341654
24.203676 29.341654
24.203676 29.341654
24.203676 29.341654
24.070339 29.487125
24.070339 29.487125
24.312342 29.341654
24.312342 29.341654
24.421926 29.341654
24.421926 29.341654
24.312342 29.341654
24.663815 29.197487
24.553423 29.197487
24.793581 29.054605
24.793581 29.054605
24.683319 29.054605
25.032814 28.912994
25.032814 28.912994
25.271116 28.772638
25.271116 28.772638
25.508486 28.633526
23.962490 61.097645
24.443956 61.097645
24.443956 61.305096
25.851862 28.633526
24.559891 61.305096
25.067463 62.715794
26.075356 62.468025
26.196199 62.949402
26.442362 62.949402
26.442362 62.949402
26.442362 64.680313
26.323299 65.695450
26.203949 65.695450
25.844387 66.209229
24.869688 66.501434
23.739441 63.183655
23.487595 62.161919
24.353010 60.890144
25.215721 27.506447
25.709955 27.231251
27.077751 67.503532
27.645977 28.945780
27.758541 28.810795
27.883341 28.810795
27.758541 28.810795
27.883341 28.810795
28.482185 28.544247
27.994171 28.676952
28.009176 28.810795
26.565052 29.638382
25.681707 30.510239
24.109175 63.687351
23.991692 63.434948
25.401190 61.476883
27.956066 27.731546
28.339132 27.597296
29.190311 27.072083
29.190311 27.072083
29.190311 27.072083
28.676952 27.201645
27.956066 27.731546
26.435423 28.705952
25.387905 63.434948
25.651527 63.687351
28.539986 27.744890
28.141602 27.881964
27.897272 28.159882
27.368212 28.442930
26.166248 63.935337
26.166248 64.179008
28.562931 28.399986
28.421211 28.399986
28.823805 28.261242
29.228052 28.123735
28.705952 28.399986
28.967659 28.261242
28.967659 28.261242
28.967659 28.261242
28.705952 28.399986
28.850290 28.399986
28.850290 28.399986
28.442930 28.539986
28.586416 28.539986
28.731236 28.539986
28.995960 28.399986
28.850290 28.399986
28.850290 28.399986
28.850290 28.399986
28.586416 28.539986
28.442930 28.539986
28.442930 28.539986
28.810795 63.687351
28.300756 28.020288
28.442930 28.020288
28.178589 28.159882
28.660303 65.265701
28.385576 64.486130
28.237444 64.767166
27.962231 66.161263
27.263744 65.912552
26.565052 66.476791
25.874773 68.198593
25.217163 69.007149
23.782030 69.805664
22.553139 70.594032
21.279604 70.223923
18.174120 70.796028
24.757500 69.655899
23.812565 70.426872
23.198591 70.426872
22.915108 70.820992
22.418892 70.267311
22.109447 70.267311
21.801411 69.376472
21.801411 69.376472
21.494783 69.044220
21.139824 69.044220
21.225815 67.988716
21.225815 67.988716
21.312475 67.466751
21.312475 67.466751
21.089144 67.890549
21.175739 67.890549
21.175739 69.968987
21.175739 69.968987
21.175739 70.159302
21.089144 70.159302
21.089144 70.346176
21.312475 69.829346
21.225815 69.638397
21.225815 67.890549
21.581549 68.607109
21.408680 69.638397
21.758070 69.638397
21.887632 69.829346
22.056433 69.315918
21.759892 69.315918
21.637941 70.016891
21.599522 69.507408
21.641253 70.529694
21.562014 70.016891
21.405178 70.709953
20.976784 70.709953
21.052744 70.201126
20.901344 70.709953
20.901344 70.709953
20.901344 70.709953
20.901344 70.709953
20.901344 70.709953
21.173965 70.709953
21.097950 71.221970
21.489599 70.709953
21.489599 70.709953
21.336859 70.709953
21.336859 70.201126
21.261263 70.201126
21.261263 69.695526
21.261263 69.193207
21.261263 69.193207
19.348471 69.193207
19.417067 69.695526
21.447737 69.695526
22.040972 69.695526
22.368275 69.695526
22.790590 69.567169
22.619865 70.240532
23.498566 72.395370
24.152918 75.068581
24.741644 79.930939
25.357847 88.423447
26.003345 94.899094
26.565052 98.864624
26.796080 102.242332
27.030861 103.516571
27.269470 104.036240
27.512001 104.036240
27.758541 104.574219
27.883341 103.495735
28.136061 103.495735
28.264006 102.952766
28.393019 102.952766
28.523119 101.859779
28.523119 101.523720
28.786619 100.256821
28.920044 100.007980
28.920044 99.637535
29.054605 100.587318
29.190311 100.353317
29.327179 100.784294
29.465221 101.415840
29.604450 101.415840
29.604450 102.131317
29.744883 102.355362
29.886526 102.757530
29.530424 103.912498
30.029402 104.664459
30.173519 105.164459
30.173519 106.015442
30.173519 105.662109
30.173519 106.301704
29.673080 106.157341
30.173519 106.448608
30.173519 106.157341
29.886526 105.439644
29.886526 105.300842
29.886526 105.300842
29.604450 104.931419
28.223484 104.167053
29.465221 104.553574
27.956066 103.771599
27.824097 103.642914
27.810417 103.771599
28.654316 102.707115
28.393019 102.407417
28.264006 102.288322
28.264006 102.407417
28.009176 102.407417
28.009176 102.407417
28.009176 102.828781
27.883341 102.952766
27.168142 102.952766
27.883341 102.952766
27.883341 103.495735
27.758541 103.495735
27.883341 102.952766
27.883341 102.952766
27.883341 103.495735
27.407576 102.952766
27.883341 103.495735
27.758541 102.952766
27.758541 102.407417
27.758541 102.407417
27.758541 101.859779
27.758541 102.407417
27.634766 101.859779
26.805788 101.859779
27.045507 102.407417
27.634766 102.407417
27.758541 102.407417
27.758541 102.407417
27.758541 102.952766
27.758541 103.495735
27.758541 103.495735
27.758541 103.902687
27.045507 104.435974
27.758541 105.109573
27.883341 105.109573
27.883341 105.871178
28.009176 106.542984
28.136061 106.598106
28.136061 107.102730
28.264006 107.604630
28.136061 108.103760
28.009176 108.768059
28.136061 108.768059
28.264006 109.093491
28.264006 108.768059
28.264006 108.768059
28.264006 108.924644
28.264006 108.434952
28.264006 108.924644
28.264006 108.600067
28.136061 108.600067
28.264006 108.600067
28.264006 108.103760
28.136061 108.103760
28.136061 108.103760
28.136061 107.764854
28.136061 107.417969
27.883341 106.905159
27.883341 106.699242
28.354963 105.871178
27.883341 105.350136
27.758541 104.826477
27.634766 104.435974
27.634766 104.435974
27.634766 103.902687
27.634766 103.495735
27.512001 103.366928
27.634766 102.952766
27.634766 102.952766
27.634766 102.407417
27.634766 102.952766
27.634766 102.952766
27.758541 104.036240
27.758541 104.036240
27.758541 104.036240
27.883341 104.036240
27.883341 104.574219
28.009176 105.109573
28.009176 104.574219
28.009176 105.109573
28.009176 105.109573
28.136061 105.642250
28.136061 106.172157
28.136061 106.699242
28.136061 106.699242
28.264006 106.699242
28.264006 106.699242
28.264006 107.223434
28.393019 107.223434
28.264006 106.699242
28.393019 107.223434
28.393019 108.262894
28.264006 108.262894
27.299572 108.262894
28.393019 108.262894
28.393019 108.262894
28.393019 108.262894
28.264006 108.262894
28.264006 109.290047
28.136061 109.290047
28.264006 109.617882
28.009176 109.937988
28.009176 107.102730
27.883341 101.944176
27.758541 97.666801
27.634766 91.101707
27.390242 85.006256
26.920187 78.906281
26.682463 71.221970
26.214979 64.855217
25.866358 58.324532
23.019205 52.214264
21.136398 46.054405
24.954752 27.474430
24.739510 26.565052
24.633188 25.709955
24.297096 25.101608
23.987921 24.519642
23.657997 45.899860
23.459024 45.296867
23.263186 45.293819
23.166420 45.578724
23.070414 45.000000
22.975153 44.714951
22.657179 44.432735
22.657179 43.876698
22.657179 43.602818
22.786854 43.331661
22.786854 42.797401
22.693794 42.797401
22.509821 42.534241
22.638105 42.273689
22.856623 42.015717
22.765009 42.273689
22.765009 41.507408
22.856623 41.507408
22.982147 41.257011
22.982147 41.009087
22.982147 41.009087
22.982147 41.009087
22.890553 41.009087
23.106327 41.009087
23.014755 41.257011
23.014755 41.507408
23.137636 41.760300
22.923866 42.273689
23.229181 42.534241
22.923866 34.027760
22.923866 35.727398
23.137636 37.767620
23.321411 39.232113
32.755470 27.358938
33.878540 27.089485
22.328657 43.830860
23.167435 46.181190
23.574707 47.385944
24.424150 48.976730
24.623566 50.992527
25.559965 53.498558
25.893646 56.836777
26.339920 60.561512
27.021582 64.340736
28.072489 69.261292
28.694904 74.419075
29.945683 80.180702
30.774035 85.601295
31.736671 91.668335
32.735226 97.815292
33.854004 102.952766
34.867786 107.223434
36.304497 110.304474
37.450581 114.227745
38.917664 117.474434
39.978539 119.931511
41.576130 121.639786
42.749359 124.380341
43.976971 125.362457
45.259254 126.869896
46.319946 128.659805
47.140900 129.867447
47.956310 130.962280
48.814075 131.987213
49.356976 132.682938
49.650185 133.025070
50.244339 133.047485
50.545319 133.047485
50.848923 131.560135
50.848923 132.785248
51.215637 134.028976
51.527843 134.039825
51.527843 132.735245
51.842773 132.455200
51.842773 131.889160
51.911228 131.855042
51.911228 133.047485
52.232380 133.325165
52.232380 134.333801
51.981056 132.021973
51.981056 131.748047
51.981056 130.702606
51.981056 130.846146
51.404354 131.483459
51.659206 131.443817
51.404354 131.403290
51.404354 131.361816
51.084694 131.710754
51.404354 133.652115
51.084694 133.970840
50.826344 132.367569
50.508949 132.682938
50.508949 131.987213
50.194431 132.978638
50.194431 132.978638
50.194431 133.285065
50.194431 133.958374
49.932087 134.644135
49.619923 135.364929
49.619923 136.847610
49.619923 137.290619
49.619923 139.279465
49.354221 141.779572
49.354221 145.007980
49.085617 148.828644
48.814075 150.945389
48.853481 149.875687
48.893707 147.300537
48.934780 143.930588
48.976730 140.332153
49.019581 136.080933
49.351078 131.839630
49.790131 128.047043
50.612202 123.416580
51.414600 121.476837
53.972626 28.700089
54.077053 28.835501
53.130104 29.109856
52.460567 29.248827
52.935551 29.389013
51.952957 29.673080
51.730484 29.962185
51.814354 30.108660
50.856014 30.555964
47.726311 128.157227
48.052883 129.667847
49.059345 131.589050
49.289154 133.430649
48.724056 137.030914
48.556179 139.144623
47.815556 137.842133
47.385944 137.002533
46.169140 138.270493
45.287914 137.385941
44.714951 138.224518
44.153324 139.899094
43.876698 140.792801
43.887600 142.539444
43.898296 143.488937
43.908783 147.339081
43.908783 150.708633
43.642532 153.159485
43.655277 152.891876
43.393997 152.378922
43.135216 150.113480
42.625038 147.994614
42.124546 144.833557
40.640594 141.259033
38.275646 138.621490
36.326824 135.355865
34.965122 131.800461
34.045937 127.284332
32.330185 115.787331
32.997704 108.434952
32.997704 97.678963
31.282652 90.651062
31.218403 82.793945
31.065166 72.606682
30.913275 61.132839
27.506447 52.394009
25.619215 45.000000
27.950968 23.286064
27.012667 23.286064
25.547213 23.552263
22.664558 43.243011
29.465221 39.494522
29.190311 43.958374
28.920044 43.285069
29.054605 42.954594
28.786619 42.628159
28.654316 42.305717
28.393019 42.655869
28.152802 42.336998
28.393019 41.710758
28.024502 36.596630
28.136061 41.443821
28.009176 41.443821
28.009176 41.748055
28.009176 41.443821
27.883341 21.405178
27.758541 42.397438
24.269045 27.997149
25.874773 27.552811
26.565052 27.263744
26.834045 26.840511
28.037283 26.294790
26.796080 46.952511
37.234833 27.474430
26.796080 55.244087
43.602818 28.565836
47.077175 28.565836
49.969742 28.565836
54.246113 28.565836
59.459396 28.565836
64.378006 28.835501
70.307976 29.248827
76.865974 29.962185
83.047043 31.171349
0.000000 169.637543
0.000000 172.528442
0.000000 174.319107
0.000000 175.165588
0.000000 175.580124
0.000000 173.779053
0.000000 173.072784
0.000000 172.647614
0.000000 173.198685
0.000000 173.259949
114.304550 10.375845
43.202068 135.954834
43.958374 139.398712
44.474365 142.125015
45.266491 145.069061
45.806931 147.587692
46.091217 151.326859
46.936802 152.020523
47.223961 151.699249
47.513809 147.528809
48.101665 145.348679
48.132465 140.844574
48.433632 136.254456
48.775467 130.301315
48.853481 125.909729
49.214176 122.391388
49.586098 119.931511
55.007980 28.810795
54.625248 28.810795
54.625248 28.810795
54.625248 28.810795
55.007980 28.810795
54.625248 28.810795
54.736988 28.945780
49.955448 120.068581
49.548042 121.780914
49.844002 123.388519
50.024075 125.272423
49.635464 127.460556
49.304466 128.853378
48.976730 131.308624
48.613880 132.594025
49.444107 133.994919
50.300926 134.492966
50.247139 135.000000
51.146626 135.535461
51.659206 136.668335
52.232380 137.290619
52.556343 138.576340
53.130104 139.214172
53.130104 143.310272
53.458912 147.319443
53.374260 150.140991
53.702225 151.389542
53.615646 147.994614
53.854309 144.090271
53.530766 139.159637
52.891705 135.481461
52.576153 130.532837
52.263245 124.845734
51.645279 119.886528
50.492325 116.064667
49.105099 111.903175
47.675426 107.744675
46.319946 105.642250
44.222275 104.036240
42.466442 103.495735
40.754391 101.859779
39.093861 100.757965
37.485222 97.969612
36.126717 96.277298
35.537678 93.433632
34.965122 91.145760
34.777832 89.427063
34.408474 87.709389
34.226360 86.566368
34.045937 85.426079
33.867180 84.857239
33.690067 84.752861
33.690067 84.289406
33.514584 84.289406
33.340706 84.289406
33.340706 84.289406
33.076836 83.722702
32.983837 83.157227
32.811367 82.593086
32.544304 82.030388
32.374165 82.030388
32.106258 82.593086
32.205601 83.157227
31.772203 83.844833
31.873137 85.054031
31.607504 86.185928
31.607504 86.790512
31.444324 87.349312
31.709198 87.373596
31.546764 88.423447
31.546764 88.437775
31.709198 88.958374
31.546764 88.958374
31.809389 89.483833
31.809389 89.488441
36.158184 90.000000
37.010674 90.507027
31.286728 91.005089
32.125000 91.507439
32.442444 92.489555
33.586647 93.483269
32.644642 94.969742
32.326141 96.449532
32.412308 97.853310
32.943237 99.865807
39.111393 101.309929
39.805569 103.570435
39.949772 105.212585
40.643024 107.067406
42.534241 109.334808
43.331661 111.713936
44.153324 113.629379
45.000000 115.740707
44.703133 117.779617
47.077175 119.800949
48.330917 121.345215
49.304466 123.321213
49.398705 124.777832
47.978020 125.739777
49.248455 126.439110
47.400215 126.784126
43.128254 126.784126
43.861824 127.385284
44.225780 127.385284
44.215176 127.385284
43.798168 127.042473
43.781124 126.696533
43.339718 126.696533
42.909840 126.347458
42.031765 126.347458
41.987213 126.347458
41.069824 125.995224
40.532841 125.995224
39.559666 126.347458
38.047043 126.347458
37.933270 126.607071
37.278175 126.957108
36.732826 126.957108
37.815731 127.303947
36.591087 127.303947
35.455475 127.303947
36.869896 127.303947
34.540092 127.303947
33.518009 127.303947
34.195606 127.647621
33.690067 127.647621
34.540092 127.913101
34.032127 127.913101
33.863689 128.254425
33.524475 128.254425
35.041931 128.592560
35.041931 128.592560
35.095818 128.592560
35.980675 128.592560
36.357197 128.927551
37.130924 128.927551
37.528442 128.927551
37.933270 129.259399
37.933270 129.259399
38.345573 129.259399
38.765522 129.588135
39.193272 129.588135
38.659809 129.588135
39.629005 129.053131
40.072891 129.588135
40.155998 129.588135
40.601295 129.588135
41.054813 129.319107
42.039062 129.053131
43.555874 129.588135
44.045158 129.588135
44.526493 129.319107
44.534191 128.990997
44.541645 128.990997
45.909378 128.659805
46.789913 128.659805
47.642548 128.325531
48.468227 128.325531
49.727989 128.325531
50.500412 127.724991
51.709835 127.724991
52.783562 127.724991
53.471146 127.724991
54.137150 127.724991
54.916527 127.724991
54.593136 127.724991
54.593136 127.724991
55.054337 127.724991
55.195988 127.724991
56.154659 127.464935
55.692211 127.126060
56.154659 127.464935
56.463951 127.464935
56.154659 127.800766
55.375843 127.800766
55.548065 127.207916
54.963802 127.542946
54.706654 127.542946
53.746162 127.207916
52.431408 127.207916
51.115505 127.207916
50.314545 127.207916
48.856800 127.207916
48.144958 127.207916
48.077457 127.542946
47.411030 126.953903
47.077175 127.207916
49.707855 127.207916
39.332714 127.207916
38.565262 127.207916
37.349350 126.869896
49.790131 127.207916
50.307327 126.869896
50.307327 126.869896
49.737442 126.528854
50.307327 126.528854
49.969742 125.837646
50.307327 125.487457
49.635464 124.530823
48.652222 124.172546
47.077175 123.446777
42.015717 122.471191
41.507408 122.334938
41.257011 120.808899
40.763603 119.859016
40.279865 118.686150
39.805569 117.004089
39.340519 115.441750
38.884495 113.805946
36.943165 113.334045
38.216949 112.380135
37.438572 112.094231
37.223572 112.293625
37.290665 111.801407
36.869896 112.293625
36.662556 111.305786
36.938763 111.305786
36.938763 110.806793
36.732826 110.806793
36.732826 110.806793
36.938763 111.305786
36.938763 112.579575
37.568592 113.334045
38.437302 114.986435
39.340519 116.122620
40.802334 117.847580
42.324574 121.041710
43.629551 125.134193
45.000000 127.947693
46.424973 130.515396
47.615757 133.408859
49.127594 136.250793
50.086220 139.470825
51.407440 141.931366
51.818214 144.496857
52.864025 146.857819
53.939564 148.711487
54.934097 150.287430
56.056412 151.389542
56.956585 152.543259
57.994617 153.214996
59.198555 153.980606
60.018360 154.953796
61.699245 155.056091
62.354023 155.258362
63.217094 155.358337
65.190590 155.358337
65.637543 155.457565
66.540977 155.556046
67.456940 155.653778
68.106323 155.653778
68.568832 155.653778
69.034286 155.653778
69.502663 155.653778
69.973907 155.556046
69.973907 155.556046
70.924904 155.457565
71.088921 155.556046
71.565048 155.457565
71.565048 155.556046
71.565048 155.457565
71.722893 155.457565
71.722893 155.457565
71.722893 155.258362
71.722893 155.157608
71.408936 154.953796
71.408936 154.642151
71.565048 152.995911
72.181114 150.993591
72.790443 149.165390
74.320473 147.372162
0.000000 139.616348
62.840206 20.781113
62.447189 20.781113
61.669540 20.781113
61.284924 20.781113
63.634583 20.781113
61.425396 21.077494
62.241459 20.879017
61.460014 20.879017
65.709038 20.977808
60.091572 20.977808
59.556423 20.879017
59.556423 20.879017
57.994617 21.077494
55.420712 22.017010
56.793430 21.279604
55.944218 21.485443
55.469173 21.382051
55.359051 21.279604
55.113953 21.382051
55.469173 21.382051
54.972057 21.589790
52.678963 22.236698
55.332703 21.589790
54.260223 21.589790
70.588516 118.024506
58.570435 33.407825
58.185760 33.407825
57.946510 33.548424
57.946510 33.548424
56.177914 34.562527
69.075500 117.854446
69.075500 118.577812
57.704025 33.476280
57.458248 33.618538
55.784298 34.346096
73.094841 121.792068
71.732094 123.358246
67.729729 125.998245
66.997406 127.979218
66.232895 130.212997
65.125847 131.600281
63.853161 133.281647
63.434948 133.842667
62.198540 134.415375
61.389542 135.000000
60.592812 135.000000
59.580421 135.000000
58.804901 135.000000
58.421833 135.282242
58.421833 135.561707
58.185760 136.112396
57.804264 136.652313
57.804264 137.465759
57.804264 137.984283
57.425941 138.492584
57.804264 139.316025
57.804264 139.853088
57.804264 140.194427
57.425941 141.095856
57.425941 141.155167
57.804264 139.650177
57.425941 139.899094
57.425941 139.899094
57.425941 139.899094
57.425941 141.709839
57.050785 139.899094
56.807064 140.145462
56.807064 141.709839
56.433681 139.899094
56.433681 139.899094
56.433681 139.316025
56.433681 141.340195
56.063503 141.279999
56.063503 140.683716
56.063503 141.162994
56.063503 141.162994
56.063503 140.815628
56.063503 140.869598
56.063503 140.924591
56.063503 140.683716
56.433681 140.980591
56.433681 140.492325
56.433681 140.545319
56.433681 140.848923
56.063503 140.244339
56.433681 140.440338
56.063503 140.389313
56.063503 140.924591
56.063503 141.162994
56.063503 141.162994
56.063503 140.924591
55.696510 140.683716
56.063503 140.683716
56.309933 139.563232
56.063503 139.316025
55.944218 138.492584
55.944218 138.492584
56.309933 138.270493
55.944218 137.726318
56.309933 137.223969
55.944218 136.974930
56.309933 136.735703
55.944218 135.578720
55.827454 135.290833
55.581635 135.584625
55.827454 135.293823
55.581635 135.000000
55.469173 134.421280
55.827454 134.421280
55.469173 134.421280
55.469173 134.144897
55.113953 133.854233
55.113953 133.560715
55.113953 133.281647
55.113953 132.985397
55.113953 132.686279
55.113953 132.662689
55.359051 132.944107
55.359051 132.638626
55.359051 132.614059
55.007980 132.614059
55.007980 132.302185
55.007980 132.302185
55.007980 132.302185
55.007980 132.302185
55.007980 132.302185
55.359051 132.302185
55.251198 132.922821
55.251198 132.357452
54.904182 132.662689
55.251198 132.638626
54.904182 132.638626
55.251198 132.018539
54.904182 132.302185
55.251198 132.018539
54.904182 131.423660
54.904182 131.703888
54.904182 132.018539
54.904182 132.330109
54.904182 132.330109
55.251198 132.357452
55.251198 132.079285
55.251198 132.049225
55.251198 132.330109
55.251198 132.018539
55.251198 131.987213
55.840305 131.669083
56.192039 131.347778
56.192039 131.347778
56.192039 131.703888
56.192039 131.703888
56.192039 132.049225
55.840305 132.049225
55.840305 132.302185
55.840305 131.737961
55.840305 131.703888
55.954063 131.423660
56.192039 131.460449
55.840305 130.872406
55.954063 130.285248
55.954063 130.645782
55.601154 130.333145
55.601154 130.555893
55.601154 130.236359
55.251198 130.236359
55.601154 129.860245
55.251198 129.530914
55.601154 129.749725
55.251198 129.136124
55.251198 129.472458
54.904182 129.530914
54.904182 128.927551
54.904182 129.114014
54.904182 129.699066
54.560097 128.595642
54.314777 127.207916
54.314777 127.126060
53.972626 126.784126
53.972626 123.424812
53.633419 123.690063
53.972626 123.023865
53.633419 122.391388
52.963787 122.228760
52.963787 122.057373
52.963787 122.114830
52.633331 122.347443
52.633331 123.091705
52.633331 123.377831
52.305759 123.354027
52.305759 124.019348
51.981056 124.176987
51.981056 123.416580
51.981056 124.658356
51.659206 124.380341
51.981056 123.986168
51.659206 123.996460
51.659206 123.996460
51.659206 123.967529
51.340191 123.247070
51.340191 123.524475
51.340191 123.857109
51.340191 124.195602
51.340191 124.540092
51.340191 124.658356
51.340191 124.845734
51.340191 123.986168
51.659206 124.307785
51.592873 123.986168
51.659206 123.541245
51.659206 123.959061
51.911228 124.862198
51.911228 125.326645
51.659206 127.874985
51.981056 128.157227
52.305759 128.598465
52.963787 128.720001
54.218925 127.405357
55.251198 126.563095
56.904266 124.548370
58.736267 121.581291
61.032337 119.491364
64.081116 116.381409
65.989197 115.091530
54.272602 33.003101
55.512627 32.868679
56.424065 32.735226
56.430302 33.550663
58.891193 32.735226
58.736267 33.274887
60.736137 32.735226
61.493462 32.735226
60.018360 34.402664
60.642246 33.274887
61.425396 33.274887
62.032883 33.138500
63.232491 33.138500
67.943565 32.735226
68.629379 32.868679
69.936928 32.868679
70.820992 32.868679
71.565048 33.003101
70.801155 33.274887
72.645973 33.274887
72.969841 33.412270
75.842369 33.412270
76.817032 33.412270
77.905243 33.274887
77.152298 33.003101
76.541313 32.602734
75.735489 32.471191
73.739792 32.210926
93.814072 146.879318
92.385941 148.292175
90.477455 149.430771
88.567902 150.350128
87.113579 150.822067
87.113579 152.089691
87.594032 152.182159
87.113579 152.525574
87.594032 153.322159
87.089165 153.434952
87.089165 153.547958
87.089165 153.886093
86.605080 153.996658
86.605080 153.996658
86.121475 154.215195
85.638428 153.996658
84.193275 153.996658
83.233826 153.774643
82.278175 153.774643
80.852921 153.774643
79.438988 152.758255
77.675270 151.971924
75.850525 151.210983
73.033852 149.211197
70.407715 148.652863
67.864510 147.414291
64.422707 146.797241
60.903111 145.451630
56.659294 144.186127
52.232380 142.747772
46.936802 141.384155
41.571632 138.981201
37.998734 136.332214
33.302284 133.821243
28.072489 129.667847
33.601238 124.346100
16.504362 120.465546
14.760449 116.760605
14.116941 112.899864
12.672316 109.465866
10.334503 106.470428
10.847347 103.212746
9.238293 100.738899
10.304847 98.820381
7.935550 97.920738
7.416914 96.940987
7.373767 96.009003
9.851327 95.102165
7.125016 94.159645
6.225829 93.742989
7.686722 93.366463
6.529536 91.169136
10.304847 87.537186
11.040939 81.098282
10.088170 71.333084
8.031656 64.798874
15.312819 60.554573
25.740709 53.130104
24.623566 47.436649
25.882992 25.559965
25.750475 22.619865
26.023264 17.354025
26.156775 13.091893
26.294790 10.191502
26.161566 9.260221
26.029593 7.711893
26.297939 7.792078
26.166248 7.052306
26.166248 6.340192
26.166248 5.599339
26.035774 5.599339
26.035774 5.599339
25.769327 5.599339
25.641005 5.389312
25.769327 4.853096
25.769327 5.545317
25.769327 5.440332
25.769327 5.440332
25.769327 4.356975
25.641005 5.440332
24.567171 5.142765
25.641005 5.826342
25.374317 5.885988
24.567171 5.946863
25.641005 5.826342
25.641005 5.885988
25.641005 5.885988
25.513870 5.885988
25.374317 6.536634
24.023216 5.885988
25.106445 6.469820
25.106445 6.469820
25.501678 6.469820
25.232832 6.469820
23.993212 7.125016
24.269045 7.199234
25.360411 7.275005
25.489201 8.130103
25.489201 8.130103
25.630238 10.007980
25.360411 16.348171
25.501678 11.309933
21.518610 14.400022
25.513870 18.676701
22.963774 26.896236
25.263100 29.931511
24.876549 28.779806
25.401190 33.495182
25.921307 41.760300
26.819134 48.239700
27.824097 54.950626
35.922947 23.927273
36.773277 23.927273
39.559666 23.242903
42.021980 22.469021
43.363422 22.100134
43.381905 21.979715
44.683453 21.510275
45.939190 21.170551
46.206047 20.733212
46.484016 20.520958
45.578724 20.416384
43.865578 20.520958
43.347694 20.312826
41.666149 20.733212
41.633541 20.840919
41.928535 20.733212
41.928535 20.733212
42.732044 20.733212
43.005428 20.733212
44.153324 20.416384
43.876698 20.416384
44.443748 20.210270
45.556255 20.008104
45.830315 19.908470
46.918282 19.615202
48.012791 19.424259
49.606297 19.052906
50.630684 18.783247
50.980598 18.872313
51.886429 18.872313
53.829746 18.607527
55.007980 18.520849
56.309933 18.520849
57.994617 18.520849
58.897175 18.434950
60.101097 18.520849
60.823921 18.520849
61.557072 18.520849
62.676109 18.520849
63.434948 18.520849
64.015633 18.607527
31.975605 84.193275
32.125000 84.674263
32.427555 84.582977
32.275642 84.582977
32.580742 85.072891
32.975891 85.563522
32.820820 86.546684
32.975891 86.546684
33.132267 86.054817
32.891014 86.546684
33.048126 86.546684
33.289963 87.552948
33.048126 88.025063
33.206570 88.518539
33.048126 89.012238
68.629379 30.747221
67.594589 30.876812
32.962795 87.990448
67.166344 30.439724
68.025490 30.439724
32.804951 89.501785
69.062714 30.529707
68.797180 30.401628
33.121998 88.505669
33.121998 88.007904
32.962795 87.013367
33.121998 86.987213
33.282566 86.020615
33.282566 86.054817
33.121998 86.020615
33.121998 86.516731
33.121998 86.987213
32.962795 86.987213
32.962795 86.987213
32.962795 86.486252
32.962795 87.466438
32.962795 87.972679
32.717670 88.465660
68.552261 30.256437
32.560436 87.954590
32.717670 87.954590
68.552261 30.256437
32.876263 88.479233
69.893768 30.478586
70.801155 30.478586
32.629154 89.488441
71.718658 30.256437
72.645973 30.256437
32.380676 91.032242
32.130825 91.548157
74.396049 30.163092
75.358116 30.163092
76.446236 30.033281
77.905243 30.033281
32.101250 95.057251
81.027374 30.219698
0.000000 154.622253
0.000000 155.844482
0.000000 156.841400
0.000000 158.359833
0.000000 159.829346
0.000000 161.399933
0.000000 162.989243
0.000000 164.087799
0.000000 165.448624
0.000000 165.907364
0.000000 166.565689
0.000000 167.544312
0.000000 167.858490
0.000000 168.030518
0.000000 168.469864
0.000000 168.601242
0.000000 169.131470
0.000000 169.394135
0.000000 169.875336
0.000000 170.095810
0.000000 170.134186
0.000000 170.095810
0.000000 170.463364
0.000000 170.463364
0.000000 170.537674
0.000000 170.463364
0.000000 170.612625
0.000000 171.027374
0.000000 171.098282
0.000000 170.873825
0.000000 170.873825
0.000000 170.991501
0.000000 171.253845
0.000000 171.027374
0.000000 170.764435
0.000000 170.918884
0.000000 171.342453
0.000000 171.307220
0.000000 171.271698
0.000000 170.965836
0.000000 171.014801
0.000000 171.142044
0.000000 171.104141
0.000000 171.027374
0.000000 171.080154
0.000000 171.080154
0.000000 171.080154
0.000000 170.829575
0.000000 170.706696
0.000000 170.960510
0.000000 171.135376
0.000000 170.960510
0.000000 170.367279
0.000000 170.837646
0.000000 171.095184
0.000000 170.919922
0.000000 170.410446
0.000000 170.837646
0.000000 171.135376
0.000000 170.960510
0.000000 170.665009
0.000000 170.453232
0.000000 170.410446
0.000000 170.495636
0.000000 170.329483
0.000000 169.875336
0.000000 169.717468
0.000000 169.805756
0.000000 169.935425
0.000000 169.587448
0.000000 169.630798
0.000000 169.651321
0.000000 169.935425
0.000000 170.655334
0.000000 171.076004
0.000000 171.342453
0.000000 171.803894
0.000000 172.297714
0.000000 172.498047
0.000000 172.700211
0.000000 173.081619
0.000000 173.554581
0.000000 173.607620
0.000000 173.685577
0.000000 173.685577
0.000000 173.990997
0.000000 173.532547
0.000000 173.130005
0.000000 172.959290
0.000000 173.014389
0.000000 172.568588
0.000000 172.154327
0.000000 171.964294
0.000000 172.463776
0.000000 172.303955
0.000000 171.684875
0.000000 171.253845
0.000000 171.106003
0.000000 170.858353
0.000000 170.679581
0.000000 170.394791
0.000000 170.143524
0.000000 169.953415
0.000000 170.316605
0.000000 170.202179
0.000000 169.899414
0.000000 169.924500
0.000000 170.185211
0.000000 170.144440
0.000000 169.800674
0.000000 169.800674
0.000000 169.738632
0.000000 169.977936
0.000000 169.716431
0.000000 169.758728
0.000000 169.525772
0.000000 169.568634
0.000000 169.653320
0.000000 169.466141
0.000000 169.053268
0.000000 168.870804
0.000000 168.465378
0.000000 167.696075
0.000000 166.468307
0.000000 165.907364
0.000000 165.618607
0.000000 165.256439
0.000000 164.261200
0.000000 162.707550
0.000000 160.559967
0.000000 158.351517
0.000000 156.501434
0.000000 154.767166
86.768990 21.898193
83.102570 21.898193
79.859207 21.995796
76.970802 22.193504
73.739792 22.293629
70.407715 22.496471
68.198593 22.807379
65.897766 22.912828
64.872177 23.019205
63.434948 23.126520
63.434948 23.126520
62.220379 23.126520
61.389542 23.344009
60.199055 23.344009
60.033257 23.234785
59.420773 23.344009
58.421833 23.454210
58.958290 23.565395
57.563469 23.677580
57.319447 23.790773
57.209122 24.020247
57.458248 23.904991
58.240520 23.904991
60.255119 23.904991
63.434948 24.020247
67.729729 23.904991
68.385223 23.790773
71.088921 23.565395
72.525223 23.565395
74.744881 23.344009
30.354748 93.094055
77.417038 30.033281
78.009163 29.904478
79.077194 29.776678
80.134193 29.649864
31.288506 95.957130
30.018368 96.449532
28.810795 96.881721
27.454271 97.368050
26.692944 97.305756
24.734303 97.721825
23.510401 97.721825
26.047722 97.657707
26.175289 98.130104
26.175289 98.530769
24.590117 98.997147
24.713177 98.997147
25.513870 98.923988
25.513870 99.309937
24.295776 99.309937
25.106445 99.766678
23.870766 100.222168
25.232832 100.222168
23.870766 100.222168
25.232832 100.222168
25.360411 100.222168
25.360411 100.676353
25.360411 100.676353
24.393740 101.129189
25.489201 101.580620
25.489201 101.580620
24.669430 101.580620
25.071898 102.479073
26.161566 102.479073
26.565052 102.926003
26.834045 103.371330
27.101765 103.815025
27.633381 103.706963
27.772512 104.145798
17.732584 104.145798
23.523209 105.135834
25.476427 105.135834
32.717670 105.572540
29.971495 106.440376
30.699722 106.440376
36.408775 106.871429
0.000000 157.400787
0.000000 157.649124
0.000000 157.750977
37.138577 109.142265
39.143986 109.563782
41.284710 110.136307
42.972679 111.134239
45.000000 112.135490
99.147079 30.793234
99.147079 30.793234
98.267174 30.920967
98.337448 31.049658
96.394402 31.049658
94.969742 31.179316
92.489555 31.179316
90.498215 31.179316
88.492561 31.309950
86.486252 31.309950
83.884499 31.574190
81.869896 31.574190
78.886963 31.574190
0.000000 152.417969
0.000000 150.403427
0.000000 148.749054
0.000000 146.433685
0.000000 144.246109
0.000000 141.869995
0.000000 139.289154
0.000000 136.847610
0.000000 134.625519
0.000000 133.861816
0.000000 132.709381
0.000000 131.947113
0.000000 131.589050
0.000000 131.947113
0.000000 131.589050
0.000000 132.380447
0.000000 133.891190
0.000000 134.265472
0.000000 135.000000
0.000000 135.716156
0.000000 137.792694
0.000000 138.122131
0.000000 139.134674
0.000000 139.820770
0.000000 140.505478
0.000000 140.812485
0.000000 141.490768
0.000000 141.568756
0.000000 142.549423
63.228848 20.654604
62.607632 20.754072
61.792511 20.754072
61.169033 20.854458
59.972874 20.854458
58.570435 20.955778
57.183655 21.058039
55.080597 21.161259
53.303463 21.161259
51.209827 21.058039
48.964653 20.955778
46.357468 20.955778
41.806549 20.754072
39.636932 20.654604
38.068642 20.556046
34.992020 20.556046
32.204128 20.361603
27.490757 20.265697
25.304941 20.458384
22.018988 20.754072
21.731064 20.556046
11.645974 0.000000
7.224315 0.000000
0.000000 0.000000
0.000000 0.000000
0.000000 0.000000
0.000000 0.000000
0.000000 0.000000
0.000000 0.000000
0.000000 0.000000
0.000000 0.000000
0.000000 0.000000
0.000000 0.000000
0.000000 0.000000
0.000000 0.000000
0.000000 0.000000
0.000000 0.000000
0.000000 0.000000
0.000000 0.000000
0.000000 0.000000
0.000000 0.000000
0.000000 0.000000
0.000000 0.000000
0.000000 0.000000
0.000000 0.000000
0.000000 0.000000
0.000000 0.000000
0.000000 0.000000
0.000000 0.000000
0.000000 0.000000
0.000000 0.000000
0.000000 0.000000
0.000000 0.000000
0.000000 0.000000
0.000000 0.000000
0.000000 0.000000
0.000000 0.000000
0.000000 0.000000
0.000000 0.000000
0.000000 0.000000
0.000000 0.000000
0.000000 0.000000
0.000000 0.000000
0.000000 0.000000
0.000000 0.000000
0.000000 0.000000
0.000000 0.000000
0.000000 0.000000
0.000000 0.000000
0.000000 0.000000
0.000000 0.000000
0.000000 0.000000
0.000000 0.000000
0.000000 0.000000
0.000000 0.000000
0.000000 0.000000
0.000000 0.000000
0.000000 0.000000
0.000000 0.000000
0.000000 0.000000
0.000000 0.000000
0.000000 0.000000
0.000000 0.000000
0.000000 0.000000
0.000000 0.000000
17.320841 0.000000
17.365236 0.000000
17.535088 0.000000
17.399961 0.000000
17.505909 0.000000
17.615593 0.000000
17.597162 0.000000
16.918842 0.000000
21.183504 51.340191
20.970592 51.632515
21.522600 51.340191
18.050419 0.000000
19.828135 0.000000
21.854218 0.000000
24.313797 0.000000
27.512001 0.000000
29.941942 0.000000
32.098927 0.000000
33.146996 0.000000
30.518230 0.000000
26.565052 0.000000
20.955778 57.652557
16.752867 59.922009
1.397181 0.000000
355.667694 0.000000
353.027222 0.000000
347.347443 0.000000
340.777130 0.000000
336.801422 0.000000
333.729523 0.000000
331.103577 0.000000
329.649902 0.000000
328.201080 0.000000
326.758942 0.000000
325.676361 0.000000
325.222168 0.000000
324.954590 0.000000
325.222168 0.000000
324.845825 0.000000
324.654968 0.000000
325.750977 0.000000
353.990997 76.414009
356.682220 74.180809
359.719147 71.780174
3.163884 69.234940
7.672411 66.170547
11.607415 63.818192
13.810078 62.676109
20.031013 19.179008
20.446577 30.899883
20.512123 35.622940
20.820892 37.456772
21.230612 39.004612
21.801411 40.640594
22.325327 41.722324
22.635571 42.273689
22.793776 42.806767
23.334042 43.074818
24.112366 43.336273
24.583614 43.579735
24.775141 43.122124
25.055134 43.349960
35.504616 30.920967
27.067633 31.049658
27.482521 31.049658
27.377703 31.049658
27.579029 30.920967
27.370564 30.920967
27.067633 31.049658
31.007393 31.049658
30.401628 31.179316
29.898901 31.179316
28.864412 31.441570
28.072489 31.574190
26.987892 31.842457
26.459339 32.114830
25.523426 32.391392
24.217340 32.814278
22.963774 33.247066
22.203480 33.247066
21.412970 33.247066
20.963923 33.247066
20.323135 33.247066
19.983107 33.247066
19.461212 33.247066
19.334808 33.247066
19.209974 33.247066
19.086681 33.247066
12.851337 0.000000
12.619323 0.000000
11.951875 0.000000
11.151875 0.000000
9.755476 0.000000
9.174727 0.000000
7.886062 0.000000
7.406912 0.000000
0.000000 0.000000
0.000000 0.000000
0.000000 0.000000
0.000000 0.000000
0.000000 0.000000
0.000000 0.000000
0.000000 0.000000
0.000000 0.000000
0.000000 0.000000
0.000000 0.000000
0.000000 0.000000
0.000000 0.000000
0.000000 0.000000
0.000000 0.000000
0.000000 0.000000
0.000000 0.000000
0.000000 0.000000
0.000000 0.000000
0.000000 0.000000
0.000000 0.000000
0.000000 0.000000
0.000000 0.000000
0.000000 0.000000
0.000000 0.000000
0.000000 0.000000
0.000000 0.000000
0.000000 0.000000
0.000000 0.000000
0.000000 0.000000
0.000000 0.000000
0.000000 0.000000
0.000000 0.000000
0.000000 0.000000
0.000000 0.000000
0.000000 0.000000
0.000000 0.000000
0.000000 0.000000
0.000000 0.000000
0.000000 0.000000
0.000000 0.000000
0.000000 0.000000
0.000000 0.000000
0.000000 0.000000
0.000000 0.000000
0.000000 0.000000
0.000000 0.000000
0.000000 0.000000
0.000000 0.000000
0.000000 0.000000
8.673174 0.000000
9.716686 0.000000
11.386429 0.000000
11.929322 0.000000
13.843491 0.000000
14.620873 0.000000
14.826481 0.000000
15.037817 0.000000
14.850338 0.000000
13.828651 0.000000
19.209974 53.130104
19.334808 53.130104
19.461212 53.130104
19.835098 52.977619
20.464991 52.674480
21.801411 52.523823
23.507082 52.075466
25.356884 51.779568
27.192352 51.340191
28.726131 51.050236
21.104837 36.176136
21.447737 39.035511
22.018988 41.893974
22.511497 44.769897
23.307829 47.862404
24.092020 50.686035
24.897665 53.343891
25.057615 56.618523
25.532806 59.167057
19.330122 0.000000
19.653824 0.000000
20.009693 0.000000
19.274387 0.000000
18.434950 0.000000
17.959476 0.000000
14.931417 0.000000
14.036243 0.000000
13.029195 0.000000
21.750206 56.808628
20.689524 57.823265
19.908470 58.512531
19.573126 59.036243
19.304464 59.388611
17.032885 61.006241
17.411919 61.006241
17.807648 61.006241
16.408569 61.927513
16.370150 62.113701
17.333242 61.741970
17.206573 61.927513
18.090488 61.741970
18.434950 61.741970
19.148136 61.557072
19.397812 61.557072
19.418470 61.741970
19.680313 61.741970
19.949022 61.741970
19.983107 61.927513
20.508099 61.741970
20.265697 61.927513
20.162603 62.113701
20.308441 62.113701
19.798878 62.487995
18.711739 63.054253
18.996655 63.054253
18.575724 63.244282
18.434950 63.434948
18.004162 63.626255
17.850319 63.818192
17.993088 63.818192
17.549004 64.010765
17.690889 64.010765
17.835016 64.010765
18.586926 63.818192
18.886087 63.626255
19.334808 63.434948
20.389166 63.054253
21.447737 62.676109
21.974508 62.300526
22.405409 62.113701
23.259220 61.741970
23.552263 61.372818
23.782030 61.189205
23.604115 61.189205
32.300415 116.945747
24.266788 41.633541
24.092020 41.633541
24.092020 41.633541
23.532349 41.845158
23.749495 41.633541
23.749495 41.633541
29.156919 116.375336
28.228777 116.375336
18.434950 0.000000
5.194429 0.000000
343.300751 0.000000
336.037506 0.000000
24.304548 116.188110
303.690063 0.000000
284.036255 0.000000
286.699249 0.000000
281.309937 0.000000
274.763641 0.000000
16.927513 64.397812
16.927513 64.397812
16.606979 64.592285
17.209558 64.397812
17.818890 64.203972
17.818890 64.203972
18.898247 63.818192
19.198849 63.626255
19.653824 63.434948
19.493061 63.434948
20.063072 63.054253
21.202820 62.487995
21.885792 62.113701
56.309933 0.000000
29.267996 115.832878
53.130104 0.000000
53.972626 0.000000
30.963758 115.463348
31.739140 115.287971
32.210926 115.287971
54.246113 0.000000
61.606979 0.000000
60.101097 0.000000
37.116863 114.918022
56.592175 0.000000
54.246113 0.000000
36.795296 113.794838
49.127594 0.000000
44.454342 0.000000
0.000000 159.220032
0.000000 159.049011
0.000000 159.015106
0.000000 158.058273
0.000000 157.963776
0.000000 157.279999
0.000000 156.801407
0.000000 155.924500
0.000000 155.123444
26.348433 99.235558
25.188522 95.572197
0.000000 151.336044
23.682087 88.591370
28.332237 85.314102
20.742849 82.002525
23.498566 79.695152
23.139462 76.628670
22.173992 74.427460
21.307848 71.985306
20.246620 70.730705
19.464104 70.054001
18.705210 68.594818
17.567907 67.186676
16.918842 66.801407
15.490902 66.205162
13.134023 65.828560
12.037202 65.253250
10.378705 64.885170
9.733382 64.330124
8.683527 63.970409
8.071756 63.788624
7.662869 63.434948
7.253194 63.083447
4.573921 62.734119
6.637295 62.734119
6.408537 63.434948
5.998199 64.144455
5.587244 65.589264
6.408537 66.533928
6.248372 67.733414
6.917518 68.993210
7.177246 71.565048
5.349177 73.796227
11.351663 77.195732
12.482490 81.469231
14.503741 86.672600
16.122599 94.144623
18.024725 101.309929
19.342113 112.306206
20.765057 117.149681
22.096312 123.690063
23.774866 132.954590
20.609694 141.340195
23.774866 149.534454
24.152918 159.775146
28.532454 167.905243
0.000000 196.476883
0.000000 200.026093
0.000000 200.646988
0.000000 199.482437
0.000000 197.551071
201.447739 315.418213
0.000000 195.455994
0.000000 195.210419
0.000000 194.338120
0.000000 193.736267
0.000000 194.805664
0.000000 195.130203
0.000000 195.007263
0.000000 195.154068
0.000000 195.195251
0.000000 196.099091
0.000000 198.219818
0.000000 198.434952
0.000000 197.921432
0.000000 195.376251
0.000000 190.533859
154.133636 334.885162
151.313858 337.567017
143.310272 339.125366
139.398712 340.630249
136.877869 342.061096
131.633545 343.508484
127.971603 344.475891
123.690063 345.419586
120.963760 345.963745
0.000000 165.549698
0.000000 163.549408
0.000000 161.850815
0.000000 160.623489
0.000000 159.443954
0.000000 158.591324
0.000000 158.418457
39.093861 111.724190
39.332714 112.195457
39.569950 112.686523
39.766136 112.963776
40.002060 113.078224
40.002060 112.765007
40.399906 112.880638
41.273354 113.198593
41.069824 113.805946
41.710758 114.227745
41.917820 114.887413
42.357452 115.083595
42.780346 115.559967
43.210091 116.306961
43.427570 116.827873
44.090618 117.095551
44.541645 117.387421
45.000000 117.672073
45.695866 118.511246
46.169140 120.302681
46.893387 120.529709
0.000000 170.930710
0.000000 170.668594
0.000000 171.534409
0.000000 171.795288
0.000000 172.019882
0.000000 172.056534
0.000000 172.282623
0.000000 172.809082
0.000000 172.809082
0.000000 173.072784
0.000000 173.336777
0.000000 173.601044
0.000000 173.571259
0.000000 173.571259
0.000000 173.571259
0.000000 173.601044
0.000000 173.601044
0.000000 173.601044
0.000000 173.601044
0.000000 173.541183
0.000000 173.541183
0.000000 173.480194
0.000000 173.480194
0.000000 173.749664
0.000000 173.962311
0.000000 173.904144
0.000000 174.179276
0.000000 174.151077
0.000000 174.122604
0.000000 174.122604
0.000000 174.064835
0.000000 173.753677
0.000000 174.005905
0.000000 173.691406
0.000000 173.691406
0.000000 173.659805
0.000000 173.659805
0.000000 173.627884
0.000000 173.627884
0.000000 173.915314
0.000000 173.595642
0.000000 172.481567
0.000000 171.057251
0.000000 165.618607
0.000000 162.814301
0.000000 162.299576
0.000000 158.962494
0.000000 155.758331
0.000000 153.009491
0.000000 151.260208
43.876698 90.902222
44.097778 90.000000
56.622169 0.000000
56.622169 0.000000
56.309933 0.000000
58.055248 0.000000
58.543179 0.000000
61.578793 0.000000
64.510796 0.000000
67.854820 0.000000
45.000000 49.497150
45.233860 49.774345
45.473507 49.913799
46.691788 49.913799
47.702942 49.913799
50.285446 49.635464
53.707371 49.085617
0.000000 0.000000
0.000000 0.000000
0.000000 0.000000
0.000000 0.000000
0.000000 0.000000
0.000000 0.000000
0.000000 0.000000
0.000000 144.057892
0.000000 141.775665
0.000000 140.599335
0.000000 139.441238
0.000000 138.366455
71.436874 24.160915
70.651527 24.464409
70.201126 25.093349
69.443954 25.641005
69.026505 25.641005
69.184937 25.529697
69.646774 25.201124
0.000000 136.618103
0.000000 0.000000
0.000000 0.000000
0.000000 0.000000
73.300758 48.814075
74.228050 48.679142
76.664894 48.144958
76.759483 48.012791
75.361725 48.277676
75.256439 48.410946
74.820076 48.949566
74.237854 49.635464
73.431168 50.053825
72.428741 50.194431
75.762718 113.875282
74.744881 115.625862
71.965714 117.121307
69.393738 118.577812
66.345787 119.644455
63.239399 121.239212
0.000000 121.429565
0.000000 117.859650
0.000000 114.829346
0.000000 111.336861
0.000000 109.832130
0.000000 105.819191
0.000000 100.388855
0.000000 97.471558
0.000000 95.273895
90.000000 0.000000
86.729515 0.000000
82.775681 0.000000
80.272423 0.000000
78.197563 0.000000
77.380676 0.000000
76.171349 0.000000
77.845055 0.000000
78.023865 0.000000
79.380348 0.000000
80.247574 0.000000
81.995270 0.000000
83.758087 0.000000
84.644173 0.000000
85.462227 0.000000
87.273689 0.000000
87.184441 0.000000
88.122124 0.000000
88.122124 0.000000
89.060806 0.000000
89.075958 0.000000
87.137596 0.000000
87.184441 0.000000
87.184441 0.000000
87.184441 0.000000
86.248268 0.000000
85.314102 0.000000
84.289406 0.000000
84.382423 0.000000
84.382423 0.000000
84.289406 0.000000
84.289406 0.000000
86.185928 0.000000
85.314102 0.000000
85.236359 0.000000
86.185928 0.000000
87.137596 0.000000
89.045158 0.000000
90.000000 0.000000
0.000000 93.814072
0.000000 97.594643
0.000000 99.462318
0.000000 104.036240
0.000000 106.440376
0.000000 109.536652
0.000000 114.304550
0.000000 116.927673
0.000000 120.699722
0.000000 124.094978
0.000000 127.694244
0.000000 131.794785
0.000000 135.855103
0.000000 139.763641
0.000000 143.440369
0.000000 146.976135
0.000000 149.647369
0.000000 151.616638
0.000000 153.267914
0.000000 156.072723
0.000000 157.655228
101.513832 153.534241
106.015442 154.798874
110.151749 155.644928
112.693794 156.689056
116.146835 157.083099
118.610458 157.796524
120.352631 157.714417
122.005386 157.631729
123.807961 157.548447
124.854454 157.464600
125.633492 157.464600
126.297775 157.464600
126.950943 157.464600
127.349350 157.548447
128.598465 157.346527
129.805573 156.858826
130.683975 156.258469
131.291565 155.483841
132.936188 154.422714
123.917435 29.744883
124.147507 29.871294
128.354721 29.871294
128.113571 29.744883
128.113571 29.744883
128.178848 29.619440
127.942154 29.494955
128.242905 29.494955
128.305771 29.371422
128.601044 29.371422
129.421356 29.494955
125.855225 29.371422
135.946960 154.456329
135.241760 155.623535
134.028976 156.774918
134.020676 157.826782
133.781128 158.645630
133.264297 159.279510
133.518539 159.537735
133.770660 159.607529
134.020676 159.607529
133.531189 159.537735
133.025070 159.537735
133.025070 159.537735
132.787964 159.537735
132.531891 159.467468
132.039062 159.396759
132.297058 159.325577
132.552948 158.686676
133.293823 157.630951
134.274780 156.665955
135.241760 155.487015
125.676407 30.057117
125.909729 30.183681
126.469238 30.311214
128.720001 30.183681
128.242905 29.931511
128.072784 29.683140
127.775681 29.683140
127.775681 29.683140
127.842186 29.560354
127.545700 29.560354
127.545700 29.560354
127.842186 29.560354
128.072784 29.683140
128.659805 29.683140
128.428070 29.560354
128.487579 29.438490
126.193207 29.317537
126.573029 29.197487
128.320114 29.197487
128.546021 29.317537
128.546021 29.317537
126.416382 29.438490
125.888641 29.317537
125.581718 29.317537
125.888641 29.317537
126.193207 29.317537
126.193207 29.317537
126.416382 29.438490
126.111053 29.438490
126.416382 29.438490
125.803345 29.438490
128.198685 29.438490
126.111053 29.438490
126.111053 29.438490
127.842186 29.560354
127.842186 29.560354
126.027374 29.560354
125.803345 29.438490
125.803345 29.438490
125.581718 29.317537
125.272423 29.317537
125.272423 29.317537
125.493225 29.438490
127.318100 29.438490
125.803345 29.438490
125.180695 29.438490
125.180695 29.438490
125.493225 29.438490
125.803345 29.438490
126.027374 29.560354
126.253838 29.683140
125.627907 29.683140
125.537674 29.806854
125.766678 29.931511
126.552475 30.183681
127.979218 30.439724
129.093857 30.699722
130.995819 31.367558
132.165894 31.504267
134.438293 31.920876
135.838409 32.204128
137.202606 32.347443
137.984283 32.347443
138.990906 32.347443
140.194427 32.347443
140.888611 32.347443
141.340195 32.347443
141.562698 32.347443
142.001266 32.347443
142.217377 32.347443
142.431412 32.347443
142.431412 32.347443
142.853317 32.347443
143.267181 32.347443
143.673172 32.347443
0.000000 171.073593
0.000000 171.096527
0.000000 171.119339
0.000000 171.142044
0.000000 171.164627
144.462326 18.434950
144.845825 18.434950
144.845825 18.434950
144.845825 18.434950
145.034882 18.434950
145.222168 18.434950
145.222168 18.434950
145.222168 18.434950
145.222168 18.434950
144.845825 18.434950
144.734238 18.530922
143.673172 18.434950
142.643372 18.434950
139.969742 17.969139
138.249115 17.700428
136.013977 17.439388
133.451843 17.185705
131.602875 17.020525
129.996078 16.858398
128.949768 16.699245
128.774170 16.542984
135.916656 159.634460
135.000000 160.086365
134.537949 159.467468
134.075958 160.034119
133.376663 159.537735
133.376663 159.537735
132.913223 159.585724
132.929962 159.467468
133.167160 159.537735
132.946442 159.396759
132.946442 159.537735
0.000000 173.762924
0.000000 173.717514
0.000000 173.740295
0.000000 173.740295
0.000000 173.751633
0.000000 174.061752
0.000000 173.762924
0.000000 174.289413
0.000000 173.762924
131.987213 159.467468
131.742783 159.467468
0.000000 173.785385
130.998169 159.725616
0.000000 173.829819
130.454666 159.814194
130.156006 159.882202
129.893524 159.676865
129.042877 157.380127
128.769684 155.167892
128.715225 152.300522
0.000000 163.642227
128.715225 147.652557
128.659805 146.309937
128.715225 145.027908
128.715225 144.318436
129.582977 33.111343
129.093857 32.985119
129.093857 32.985119
128.875824 32.859753
128.875824 32.859753
128.659805 32.735226
128.659805 32.735226
128.176544 32.611538
127.905251 32.611538
128.176544 32.611538
127.631943 32.611538
127.905251 32.611538
0.000000 0.000000
0.000000 163.556625
0.000000 163.708817
0.000000 163.356888
0.000000 0.000000
0.000000 0.000000
0.000000 0.000000
0.000000 0.000000
0.000000 0.000000
0.000000 0.000000
0.000000 0.000000
0.000000 0.000000
0.000000 0.000000
0.000000 0.000000
0.000000 0.000000
0.000000 0.000000
0.000000 0.000000
0.000000 0.000000
0.000000 0.000000
0.000000 0.000000
0.000000 0.000000
0.000000 0.000000
0.000000 0.000000
0.000000 0.000000
0.000000 0.000000
0.000000 0.000000
0.000000 0.000000
0.000000 0.000000
0.000000 0.000000
0.000000 0.000000
0.000000 0.000000
0.000000 0.000000
0.000000 0.000000
0.000000 0.000000
0.000000 0.000000
0.000000 0.000000
0.000000 0.000000
0.000000 0.000000
0.000000 0.000000
0.000000 0.000000
0.000000 0.000000
0.000000 0.000000
0.000000 0.000000
0.000000 0.000000
0.000000 0.000000
0.000000 0.000000
0.000000 0.000000
0.000000 0.000000
0.000000 0.000000
0.000000 0.000000
0.000000 0.000000
0.000000 0.000000
0.000000 0.000000
0.000000 0.000000
0.000000 0.000000
0.000000 0.000000
0.000000 0.000000
0.000000 0.000000
0.000000 0.000000
0.000000 0.000000
0.000000 0.000000
0.000000 0.000000
0.000000 0.000000
0.000000 0.000000
0.000000 0.000000
0.000000 0.000000
0.000000 0.000000
0.000000 0.000000
0.000000 0.000000
0.000000 0.000000
0.000000 0.000000
0.000000 0.000000
0.000000 0.000000
0.000000 0.000000
0.000000 0.000000
0.000000 0.000000
0.000000 0.000000
0.000000 0.000000
0.000000 145.784302
0.000000 145.231049
0.000000 145.329681
0.000000 145.074341
0.000000 146.745636
73.479111 22.000698
74.119858 22.203480
74.320473 22.409838
72.645973 22.619865
71.408936 22.833654
71.250244 22.941990
71.408936 22.833654
72.349876 22.833654
73.582771 22.619865
75.606407 22.514387
77.260353 22.306206
0.000000 152.818893
0.000000 152.981430
0.000000 152.513382
0.000000 152.660736
0.000000 152.175903
0.000000 151.504364
0.000000 151.124557
0.000000 151.090820
0.000000 149.311035
0.000000 149.452423
0.000000 147.949860
0.000000 146.063507
0.000000 144.893921
0.000000 144.183914
0.000000 143.230972
0.000000 141.934357
0.000000 144.334991
0.000000 144.137146
0.000000 143.806793
0.000000 143.471146
0.000000 142.783569
0.000000 142.431412
0.000000 142.073547
0.000000 141.709839
0.000000 141.340195
0.000000 140.194427
0.000000 140.194427
0.000000 139.799835
0.000000 138.990906
0.000000 138.154846
0.000000 137.726318
0.000000 137.290619
0.000000 136.847610
0.000000 135.939194
0.000000 134.518524
0.000000 131.987213
0.000000 129.237366
0.000000 125.627907
0.000000 121.660751
0.000000 126.869896
0.000000 126.869896
0.000000 115.016891
0.000000 114.227745
0.000000 119.291367
0.000000 110.136307
0.000000 109.290047
0.000000 110.136307
0.000000 109.290047
0.000000 106.699242
0.000000 106.699242
0.000000 104.036240
0.000000 103.134026
0.000000 101.309929
0.000000 99.462318
0.000000 98.530769
0.000000 97.594643
0.000000 97.594643
0.000000 97.594643
0.000000 97.594643
0.000000 96.654427
0.000000 96.654427
0.000000 97.594643
0.000000 98.530769
0.000000 97.594643
0.000000 97.594643
0.000000 97.594643
0.000000 98.530769
0.000000 97.594643
0.000000 100.007980
39.957550 16.425396
42.247517 15.903111
43.602818 15.819194
45.000000 15.819194
0.000000 117.979477
0.000000 122.082184
0.000000 125.537674
0.000000 128.367493
0.000000 130.914383
0.000000 133.103485
0.000000 133.549774
35.089256 71.985306
35.290562 73.090729
35.479977 0.000000
35.655327 0.000000
35.417057 0.000000
34.992020 0.000000
35.166435 0.000000
35.348167 0.000000
35.217594 0.000000
36.193207 0.000000
36.869896 0.000000
37.926460 0.000000
38.290165 0.000000
39.417397 0.000000
41.423664 0.000000
43.602818 0.000000
45.000000 0.000000
46.468803 0.000000
48.544765 0.000000
50.194431 0.000000
51.340191 0.000000
53.130104 0.000000
53.130104 0.000000
54.372093 0.000000
55.007980 0.000000
58.240520 0.000000
61.699245 0.000000
67.619865 0.000000
73.835503 0.000000
81.869896 0.000000
89.181541 0.000000
0.000000 95.792793
45.000000 20.454155
45.572941 20.867620
45.000000 21.744286
45.000000 22.449123
43.958374 23.198591
44.283840 23.459024
43.531200 23.860174
43.512135 23.996777
43.492565 24.134859
43.103481 24.274441
43.861824 24.134859
43.876698 23.996777
45.000000 23.591320
46.735706 22.693794
0.000000 131.987213
0.000000 129.237366
0.000000 128.072784
0.000000 123.906281
0.000000 121.357086
0.000000 118.909180
0.000000 117.552811
0.000000 116.241348
0.000000 115.924904
0.000000 114.973915
0.000000 113.749496
0.000000 114.386368
0.000000 114.727310
0.000000 115.346176
0.000000 115.346176
0.000000 116.258659
0.000000 115.641006
0.000000 116.258659
0.000000 115.641006
0.000000 115.615486
49.398705 20.817221
48.850639 20.916803
48.333851 21.118723
46.955681 21.428673
46.145763 21.855667
44.403191 22.643108
42.809425 23.486094
41.403282 24.257151
40.236359 24.936928
39.677250 25.506939
38.820076 25.950644
38.333340 26.254509
39.542446 25.801153
39.805569 25.950644
40.205769 25.801153
40.940655 25.653259
40.940655 25.653259
40.887772 25.801153
40.486012 25.950644
40.833496 25.950644
41.235966 25.801153
41.235966 25.801153
41.235966 25.801153
41.633541 25.653259
41.633541 25.653259
41.633541 25.653259
41.633541 25.653259
41.284710 25.653259
41.332214 25.506939
41.378513 25.362167
41.423664 25.218924
41.467705 25.077183
41.185925 24.936928
41.231472 24.798132
41.054813 24.390306
41.143200 24.125353
40.648922 23.865761
40.413902 23.737926
40.509548 23.486094
40.645779 23.117664
40.689373 22.997271
0.000000 104.796761
0.000000 103.298569
0.000000 103.069321
0.000000 103.069321
0.000000 103.799484
0.000000 102.847702
0.000000 103.799484
0.000000 104.500168
0.000000 104.500168
0.000000 105.422165
0.000000 106.336044
0.000000 108.434952
0.000000 108.138084
0.000000 108.434952
0.000000 109.025604
0.000000 109.334808
0.000000 109.334808
0.000000 110.224861
0.000000 111.447739
0.000000 112.328659
0.000000 115.301376
0.000000 117.801460
0.000000 121.429565
0.000000 124.919403
0.000000 125.960518
0.000000 129.351746
0.000000 131.987213
0.000000 133.228531
0.000000 132.709381
0.000000 132.754257
0.000000 132.273682
0.000000 131.698135
0.000000 132.838928
0.000000 132.797394
47.878372 17.241459
45.982117 17.720064
0.000000 129.920395
44.356255 16.260204
43.069412 16.445583
42.055954 16.731487
40.702614 17.027208
39.623295 17.333242
0.000000 135.830322
37.450581 12.608606
35.770115 13.023080
0.000000 143.392929
33.830498 10.304847
32.980995 10.447818
32.432560 10.447818
32.005383 10.520784
31.574190 10.594766
30.439724 10.745857
29.248827 10.823011
29.553682 10.901268
28.651827 11.061182
27.474430 11.142890
26.565052 11.225799
25.227650 11.395322
25.016893 11.395322
24.567171 11.481992
23.657997 11.659293
23.397764 11.749984
23.805944 11.749984
23.477400 11.935603
23.477400 11.935603
22.496471 12.127090
21.801411 12.225122
20.924501 12.324728
20.432829 12.425943
19.759472 12.528808
19.895432 12.425943
19.075098 12.528808
19.057705 12.425943
18.281342 12.528808
17.835016 12.528808
16.789831 12.739647
16.789831 12.739647
15.296548 13.069318
14.381395 13.298571
13.799485 13.535856
11.990835 14.036243
8.408912 15.004920
5.057249 16.113419
2.063820 17.198542
358.451843 18.657888
355.322571 20.112587
352.371857 21.801411
350.112000 23.085135
350.697937 23.085135
350.776062 23.085135
277.399597 0.000000
277.549438 0.000000
277.853302 0.000000
277.352386 0.000000
276.911224 0.000000
276.645264 0.000000
275.980591 0.000000
276.340210 0.000000
278.707367 0.000000
279.544525 0.000000
278.820374 0.000000
278.601379 0.000000
277.594635 0.000000
272.726318 0.000000
273.257233 0.000000
274.289154 0.000000
275.806732 0.000000
277.561432 0.000000
345.124329 79.149895
347.517517 78.003098
352.822754 75.291695
0.818455 71.136414
8.569142 66.974510
16.144339 62.676109
22.119364 59.212105
27.450998 56.309933
30.398727 55.007980
32.774876 54.057888
36.674347 52.373764
39.289406 51.927216
42.729549 51.779568
0.000000 101.309929
0.000000 111.938484
0.000000 118.442932
0.000000 123.690063
0.000000 127.255295
0.000000 129.644180
0.000000 131.893982
0.000000 132.357452
0.000000 133.237610
0.000000 133.688110
0.000000 135.000000
0.000000 135.451141
0.000000 135.909378
0.000000 135.458359
0.000000 134.060806
0.000000 135.473511
0.000000 134.028976
0.000000 133.058517
0.000000 131.633545
0.000000 133.531189
0.000000 133.531189
0.000000 133.531189
0.000000 131.987213
0.000000 131.455231
0.000000 130.840363
0.000000 131.257019
0.000000 131.257019
0.000000 130.601288
0.000000 130.601288
0.000000 132.662689
48.179829 16.247631
47.846619 16.247631
47.214752 16.336042
46.888191 16.336042
47.166916 16.160147
46.245365 16.336042
46.245365 16.336042
46.245365 16.336042
46.245365 16.336042
46.259045 16.425396
45.949566 16.515701
46.273029 16.515701
45.629601 16.515701
45.629601 16.515701
45.313091 16.515701
45.316547 16.606979
45.000000 16.606979
45.320084 16.699245
45.000000 16.606979
45.636593 16.606979
45.316547 16.606979
45.000000 16.606979
45.316547 16.606979
45.000000 16.606979
45.629601 16.515701
45.000000 16.606979
45.316547 16.606979
45.949566 16.515701
46.273029 16.515701
46.287327 16.606979
46.287327 16.606979
46.287327 16.606979
45.629601 16.515701
45.629601 16.515701
46.245365 16.336042
46.484016 15.903111
46.484016 15.903111
46.484016 15.903111
46.771469 15.819194
47.669891 15.736135
47.411030 15.903111
47.726311 15.903111
48.613880 15.736135
48.012791 15.819194
47.755424 15.987900
47.143761 16.073574
46.847610 16.160147
46.847610 16.160147
45.939190 16.425396
45.316547 16.606979
45.316547 16.606979
45.000000 16.699245
45.000000 16.699245
44.679913 16.792509
44.363407 16.792509
44.686913 16.606979
44.683453 16.699245
45.000000 16.606979
44.683453 16.699245
45.320084 16.699245
44.370403 16.699245
44.060810 16.699245
44.080894 16.515701
44.390491 16.425396
44.696850 16.336042
45.000000 16.247631
45.303150 16.247631
45.909378 16.160147
46.827969 16.073574
47.190575 16.247631
47.544807 16.336042
47.910835 16.425396
48.596718 16.425396
50.376705 16.425396
50.812485 16.515701
52.253193 16.425396
53.031658 16.425396
54.117863 16.336042
54.926243 16.336042
56.449337 16.247631
56.725113 16.160147
57.835609 16.073574
58.523159 15.987900
59.206768 15.903111
59.886265 15.819194
60.316860 15.819194
60.751175 15.819194
0.000000 147.449997
0.000000 147.449997
0.000000 147.724365
0.000000 147.724365
76.097313 137.726318
76.633072 138.393005
76.883560 138.604416
77.828545 139.261230
77.943237 139.502197
77.412308 139.707855
77.005386 140.799225
77.125000 140.997406
76.607498 141.388748
77.242470 141.773514
76.729355 141.963470
76.464142 142.580368
76.464142 142.523819
76.209137 142.523819
76.209137 142.098404
75.842369 141.859756
76.083122 141.859756
75.379128 141.387115
75.963760 140.964493
75.618607 140.309631
75.735489 139.887009
75.735489 139.658264
75.280342 138.616119
75.850525 137.787476
0.000000 166.345215
0.000000 166.232925
0.000000 166.040817
0.000000 166.002396
0.000000 166.349579
0.000000 166.429565
0.000000 166.547989
0.000000 166.472870
0.000000 166.750198
0.000000 166.834198
0.000000 166.993149
0.000000 166.908112
0.000000 166.860764
0.000000 166.695801
0.000000 166.814240
0.000000 166.777786
0.000000 166.510529
0.000000 166.834198
0.000000 166.919266
0.000000 166.919266
0.000000 166.637787
0.000000 166.592499
0.000000 166.860764
0.000000 166.860764
0.000000 167.260345
0.000000 167.239441
0.000000 167.291306
0.000000 167.363861
0.000000 167.115875
0.000000 167.331406
0.000000 167.295975
0.000000 167.224533
0.000000 167.166428
0.000000 167.106262
0.000000 167.120255
0.000000 167.030746
0.000000 167.055359
0.000000 166.968140
0.000000 167.092590
0.000000 166.942383
0.000000 166.719818
0.000000 166.599411
0.000000 166.182114
0.000000 166.305557
0.000000 166.347137
0.000000 166.048584
0.000000 165.795364
0.000000 165.327637
0.000000 165.496918
0.000000 165.113739
0.000000 164.898895
0.000000 164.866913
0.000000 164.989868
0.000000 164.866913
0.000000 165.001953
0.000000 165.256439
0.000000 165.350769
0.000000 165.602142
0.000000 165.724701
0.000000 165.529709
0.000000 165.690552
0.000000 0.000000
0.000000 0.000000
0.000000 0.000000
0.000000 0.000000
0.000000 0.000000
0.000000 0.000000
0.000000 0.000000
0.000000 0.000000
0.000000 0.000000
0.000000 0.000000
0.000000 0.000000
0.000000 0.000000
0.000000 0.000000
0.000000 0.000000
0.000000 0.000000
0.000000 0.000000
0.000000 0.000000
0.000000 0.000000
0.000000 0.000000
0.000000 0.000000
0.000000 0.000000
0.000000 0.000000
0.000000 0.000000
0.000000 0.000000
0.000000 0.000000
0.000000 128.157227
0.000000 0.000000
0.000000 0.000000
0.000000 0.000000
0.000000 0.000000
0.000000 0.000000
0.000000 0.000000
0.000000 0.000000
0.000000 0.000000
0.000000 125.986794
0.000000 125.986794
0.000000 125.537674
0.000000 124.624161
0.000000 125.083473
0.000000 124.159698
0.000000 124.624161
0.000000 125.083473
0.000000 125.083473
0.000000 124.624161
0.000000 124.307785
0.000000 124.307785
0.000000 0.000000
0.000000 0.000000
0.000000 0.000000
0.000000 0.000000
0.000000 0.000000
0.000000 0.000000
0.000000 0.000000
0.000000 0.000000
0.000000 0.000000
0.000000 0.000000
0.000000 0.000000
0.000000 0.000000
0.000000 0.000000
0.000000 0.000000
0.000000 0.000000
0.000000 0.000000
0.000000 0.000000
0.000000 0.000000
0.000000 0.000000
0.000000 0.000000
0.000000 0.000000
0.000000 0.000000
0.000000 0.000000
0.000000 0.000000
0.000000 0.000000
0.000000 0.000000
0.000000 0.000000
0.000000 0.000000
0.000000 0.000000
0.000000 0.000000
0.000000 0.000000
0.000000 0.000000
0.000000 0.000000
0.000000 0.000000
0.000000 0.000000
0.000000 0.000000
0.000000 0.000000
0.000000 0.000000
0.000000 0.000000
0.000000 0.000000
0.000000 0.000000
0.000000 0.000000
0.000000 0.000000
0.000000 0.000000
0.000000 0.000000
0.000000 0.000000
0.000000 0.000000
0.000000 0.000000
0.000000 0.000000
0.000000 0.000000
0.000000 0.000000
0.000000 0.000000
0.000000 0.000000
0.000000 0.000000
0.000000 0.000000
0.000000 0.000000
0.000000 0.000000
0.000000 0.000000
0.000000 0.000000
0.000000 0.000000
0.000000 0.000000
0.000000 0.000000
0.000000 0.000000
0.000000 0.000000
0.000000 0.000000
0.000000 0.000000
0.000000 0.000000
0.000000 0.000000
0.000000 0.000000
0.000000 0.000000
0.000000 0.000000
0.000000 0.000000
0.000000 0.000000
0.000000 0.000000
0.000000 0.000000
0.000000 0.000000
0.000000 0.000000
0.000000 0.000000
0.000000 0.000000
0.000000 0.000000
0.000000 0.000000
0.000000 0.000000
0.000000 0.000000
0.000000 0.000000
0.000000 0.000000
0.000000 0.000000
0.000000 0.000000
0.000000 0.000000
0.000000 0.000000
0.000000 0.000000
0.000000 0.000000
0.000000 0.000000
0.000000 0.000000
0.000000 0.000000
0.000000 0.000000
0.000000 0.000000
0.000000 0.000000
0.000000 0.000000
0.000000 0.000000
0.000000 0.000000
0.000000 0.000000
0.000000 0.000000
0.000000 0.000000
0.000000 0.000000
0.000000 0.000000
0.000000 0.000000
0.000000 0.000000
0.000000 0.000000
0.000000 0.000000
0.000000 0.000000
0.000000 0.000000
0.000000 0.000000
0.000000 0.000000
0.000000 0.000000
0.000000 0.000000
0.000000 0.000000
0.000000 0.000000
0.000000 0.000000
0.000000 0.000000
0.000000 0.000000
0.000000 0.000000
0.000000 0.000000
0.000000 0.000000
0.000000 0.000000
0.000000 0.000000
0.000000 0.000000
0.000000 0.000000
0.000000 0.000000
0.000000 0.000000
0.000000 0.000000
0.000000 0.000000
0.000000 0.000000
0.000000 0.000000
0.000000 0.000000
0.000000 0.000000
0.000000 0.000000
0.000000 0.000000
0.000000 0.000000
0.000000 0.000000
0.000000 0.000000
0.000000 0.000000
0.000000 0.000000
0.000000 0.000000
0.000000 0.000000
0.000000 0.000000
0.000000 0.000000
0.000000 0.000000
0.000000 0.000000
0.000000 0.000000
0.000000 0.000000
0.000000 0.000000
0.000000 0.000000
0.000000 0.000000
0.000000 0.000000
0.000000 0.000000
0.000000 0.000000
0.000000 0.000000
0.000000 0.000000
0.000000 0.000000
0.000000 0.000000
0.000000 0.000000
0.000000 0.000000
0.000000 0.000000
0.000000 0.000000
0.000000 0.000000
0.000000 0.000000
0.000000 0.000000
0.000000 0.000000
0.000000 0.000000
0.000000 0.000000
0.000000 0.000000
0.000000 0.000000
0.000000 0.000000
0.000000 0.000000
0.000000 0.000000
0.000000 0.000000
0.000000 0.000000
0.000000 0.000000
0.000000 0.000000
0.000000 0.000000
0.000000 0.000000
0.000000 0.000000
0.000000 0.000000
0.000000 0.000000
0.000000 0.000000
0.000000 0.000000
0.000000 0.000000
0.000000 0.000000
0.000000 0.000000
0.000000 0.000000
0.000000 0.000000
0.000000 0.000000
0.000000 0.000000
0.000000 0.000000
0.000000 0.000000
0.000000 0.000000
0.000000 0.000000
0.000000 0.000000
0.000000 0.000000
0.000000 0.000000
0.000000 0.000000
0.000000 0.000000
0.000000 0.000000
0.000000 0.000000
0.000000 0.000000
0.000000 0.000000
0.000000 0.000000
0.000000 0.000000
0.000000 0.000000
0.000000 0.000000
0.000000 0.000000
0.000000 0.000000
0.000000 0.000000
0.000000 0.000000
0.000000 0.000000
0.000000 0.000000
0.000000 0.000000
0.000000 0.000000
0.000000 0.000000
0.000000 0.000000
0.000000 0.000000
0.000000 0.000000
0.000000 0.000000
0.000000 0.000000
0.000000 0.000000
0.000000 0.000000
0.000000 0.000000
0.000000 0.000000
0.000000 0.000000
0.000000 0.000000
0.000000 0.000000
0.000000 0.000000
0.000000 0.000000
0.000000 0.000000
0.000000 0.000000
0.000000 0.000000
0.000000 0.000000
0.000000 0.000000
0.000000 0.000000
0.000000 0.000000
0.000000 0.000000
0.000000 0.000000
0.000000 0.000000
0.000000 0.000000
0.000000 0.000000
0.000000 0.000000
0.000000 0.000000
0.000000 0.000000
0.000000 0.000000
0.000000 0.000000
0.000000 0.000000
0.000000 0.000000
0.000000 0.000000
0.000000 0.000000
0.000000 0.000000
0.000000 0.000000
0.000000 0.000000
0.000000 157.094238
0.000000 156.997406
0.000000 156.471375
0.000000 155.879013
0.000000 155.095230
0.000000 154.870026
0.000000 0.000000
0.000000 0.000000
0.000000 0.000000
0.000000 0.000000
0.000000 0.000000
0.000000 0.000000
0.000000 0.000000
0.000000 0.000000
0.000000 0.000000
0.000000 0.000000
0.000000 0.000000
0.000000 0.000000
0.000000 0.000000
0.000000 0.000000
0.000000 0.000000
0.000000 0.000000
0.000000 0.000000
0.000000 0.000000
0.000000 0.000000
0.000000 0.000000
0.000000 0.000000
0.000000 0.000000
0.000000 0.000000
0.000000 0.000000
0.000000 0.000000
0.000000 0.000000
0.000000 0.000000
0.000000 0.000000
0.000000 0.000000
0.000000 0.000000
0.000000 0.000000
0.000000 0.000000
0.000000 0.000000
0.000000 0.000000
0.000000 0.000000
0.000000 0.000000
0.000000 0.000000
0.000000 0.000000
0.000000 0.000000
0.000000 0.000000
0.000000 0.000000
0.000000 0.000000
0.000000 0.000000
0.000000 0.000000
0.000000 0.000000
0.000000 0.000000
0.000000 0.000000
0.000000 0.000000
0.000000 0.000000
0.000000 0.000000
0.000000 0.000000
0.000000 0.000000
0.000000 0.000000
0.000000 0.000000
0.000000 0.000000
0.000000 0.000000
0.000000 0.000000
0.000000 0.000000
0.000000 0.000000
0.000000 0.000000
0.000000 0.000000
0.000000 0.000000
0.000000 156.370621
0.000000 156.471375
0.000000 156.269058
0.000000 156.370621
0.000000 156.166672
0.000000 155.934372
0.000000 156.063446
0.000000 155.959381
0.000000 156.063446
0.000000 155.984894
0.000000 155.879013
0.000000 156.194061
0.000000 155.904083
0.000000 155.904083
0.000000 156.010941
0.000000 155.687653
0.000000 156.250504
0.000000 156.355667
0.000000 156.627899
0.000000 157.077194
0.000000 156.906799
0.000000 157.048828
0.000000 157.546387
0.000000 157.999298
0.000000 158.694214
0.000000 159.381805
0.000000 159.722839
0.000000 160.487259
0.000000 161.152863
0.000000 161.482849
0.000000 162.383514
102.757530 19.809784
103.516571 20.008104
0.000000 163.913910
0.000000 163.913910
0.000000 164.367508
0.000000 164.124054
0.000000 164.528671
0.000000 164.528671
0.000000 164.462631
0.000000 164.020218
0.000000 163.986755
0.000000 164.054596
0.000000 163.849365
0.000000 163.610458
0.000000 163.468918
0.000000 163.349899
0.000000 163.050781
0.000000 162.897278
0.000000 162.582031
0.000000 161.989456
0.000000 161.134262
0.000000 159.541611
0.000000 158.251160
0.000000 157.109451
0.000000 156.370621
0.000000 155.606262
0.000000 155.203613
0.000000 154.815308
0.000000 153.722137
0.000000 152.119720
0.000000 151.363129
0.000000 151.363129
0.000000 150.587509
0.000000 150.422165
0.000000 149.792389
0.000000 149.153412
0.000000 148.324524
0.000000 147.662369
0.000000 0.000000
0.000000 0.000000
0.000000 0.000000
0.000000 0.000000
0.000000 0.000000
0.000000 0.000000
0.000000 0.000000
0.000000 0.000000
0.000000 0.000000
0.000000 0.000000
0.000000 0.000000
0.000000 0.000000
0.000000 0.000000
0.000000 0.000000
0.000000 0.000000
0.000000 0.000000
0.000000 0.000000
0.000000 0.000000
0.000000 0.000000
0.000000 0.000000
0.000000 0.000000
0.000000 0.000000
0.000000 0.000000
0.000000 0.000000
0.000000 0.000000
0.000000 0.000000
0.000000 129.667847
0.000000 131.987213
0.000000 135.744064
0.000000 138.715286
0.000000 141.179932
0.000000 142.926926
0.000000 144.637543
0.000000 146.309937
0.000000 147.528809
0.000000 148.455841
0.000000 149.118927
0.000000 149.534454
0.000000 149.534454
0.000000 149.534454
0.000000 149.534454
0.000000 149.534454
0.000000 149.287170
0.000000 149.534454
0.000000 149.534454
0.000000 149.287170
0.000000 149.287170
0.000000 148.781601
0.000000 148.781601
0.000000 148.523163
0.000000 148.781601
0.000000 149.036240
0.000000 149.036240
0.000000 149.036240
0.000000 149.036240
0.000000 148.523163
0.000000 147.724365
0.000000 148.157547
0.000000 147.449997
0.000000 147.171463
0.000000 147.042572
0.000000 146.601501
0.000000 146.309937
0.000000 146.013824
0.000000 146.013824
0.000000 145.097504
0.000000 144.782410
0.000000 143.354355
57.492477 18.529341
57.349197 18.434950
56.956585 18.434950
57.600163 18.341482
57.600163 18.341482
57.600163 18.341482
57.600163 18.341482
57.994617 18.341482
58.392498 18.341482
57.994617 18.341482
57.600163 18.341482
57.094757 18.529341
57.349197 18.434950
56.700581 18.529341
54.893921 18.624670
54.516022 18.624670
54.409222 18.529341
54.039482 18.529341
53.939564 18.434950
54.202599 18.341482
54.566685 18.341482
54.102623 18.248924
54.462322 18.248924
0.000000 134.118591
0.000000 134.118591
0.000000 134.562637
0.000000 134.131958
0.000000 134.569214
0.000000 134.569214
0.000000 135.000000
0.000000 135.842529
0.000000 136.254456
0.000000 137.060120
69.211754 136.284439
69.676865 137.082565
69.676865 138.209488
70.312881 138.742981
70.780228 138.990906
70.780228 138.990906
70.942299 139.479462
70.942299 139.958450
70.942299 140.659485
71.408936 140.659485
71.101753 140.888611
71.101753 140.888611
71.565048 140.888611
71.101753 140.659485
71.101753 140.428101
71.101753 140.659485
71.565048 140.428101
70.641006 140.194427
70.641006 139.958450
70.641006 140.194427
70.346176 140.194427
69.893768 140.428101
69.893768 140.428101
69.443954 140.428101
69.443954 140.659485
69.443954 140.659485
69.166634 140.888611
68.725029 140.888611
68.025490 140.194427
68.459023 140.194427
67.770378 139.958450
0.000000 169.571472
0.000000 169.101273
0.000000 168.129730
0.000000 167.212021
0.000000 166.102829
0.000000 164.744873
0.000000 163.705948
0.000000 162.340225
0.000000 160.974396
0.000000 159.299408
0.000000 157.461548
92.748085 22.041945
75.618607 22.846655
73.663956 22.951170
70.820992 23.056595
68.459023 23.162937
66.625839 22.743038
65.164833 22.437460
64.983109 22.538450
61.876266 22.951170
57.817368 22.951170
52.666805 22.743038
49.122299 22.640306
46.941486 22.337324
46.178761 22.139576
45.000000 22.041945
44.320637 22.041945
42.709389 22.538450
41.278687 23.056595
40.020000 23.597733
60.164463 0.000000
57.308018 0.000000
53.820377 0.000000
50.029072 0.000000
49.873898 0.000000
50.117313 0.000000
0.000000 0.000000
0.000000 0.000000
0.000000 0.000000
0.000000 0.000000
0.000000 0.000000
0.000000 0.000000
0.000000 0.000000
0.000000 0.000000
0.000000 0.000000
0.000000 0.000000
0.000000 0.000000
0.000000 0.000000
0.000000 0.000000
0.000000 0.000000
0.000000 0.000000
0.000000 0.000000
0.000000 0.000000
0.000000 0.000000
0.000000 0.000000
0.000000 0.000000
0.000000 0.000000
0.000000 0.000000
0.000000 0.000000
0.000000 0.000000
0.000000 0.000000
0.000000 0.000000
0.000000 0.000000
0.000000 0.000000
0.000000 0.000000
0.000000 0.000000
0.000000 0.000000
0.000000 0.000000
0.000000 0.000000
0.000000 0.000000
0.000000 0.000000
0.000000 0.000000
0.000000 0.000000
0.000000 0.000000
0.000000 0.000000
0.000000 0.000000
0.000000 0.000000
0.000000 0.000000
0.000000 0.000000
0.000000 0.000000
0.000000 0.000000
0.000000 0.000000
0.000000 0.000000
0.000000 0.000000
0.000000 0.000000
0.000000 0.000000
0.000000 0.000000
0.000000 0.000000
0.000000 0.000000
0.000000 0.000000
0.000000 0.000000
0.000000 0.000000
0.000000 0.000000
0.000000 0.000000
0.000000 0.000000
0.000000 0.000000
0.000000 0.000000
0.000000 0.000000
0.000000 0.000000
0.000000 0.000000
0.000000 0.000000
0.000000 0.000000
0.000000 0.000000
0.000000 0.000000
0.000000 0.000000
0.000000 0.000000
0.000000 0.000000
0.000000 0.000000
0.000000 0.000000
0.000000 0.000000
0.000000 0.000000
0.000000 0.000000
0.000000 0.000000
0.000000 0.000000
0.000000 0.000000
0.000000 0.000000
0.000000 0.000000
0.000000 0.000000
0.000000 0.000000
0.000000 0.000000
0.000000 0.000000
0.000000 0.000000
0.000000 0.000000
0.000000 0.000000
0.000000 0.000000
0.000000 0.000000
0.000000 0.000000
0.000000 0.000000
0.000000 0.000000
0.000000 0.000000
0.000000 0.000000
0.000000 0.000000
0.000000 0.000000
0.000000 0.000000
0.000000 0.000000
0.000000 0.000000
0.000000 0.000000
0.000000 0.000000
0.000000 0.000000
0.000000 0.000000
0.000000 0.000000
0.000000 0.000000
0.000000 0.000000
0.000000 0.000000
0.000000 0.000000
0.000000 0.000000
0.000000 0.000000
0.000000 0.000000
0.000000 0.000000
0.000000 0.000000
0.000000 0.000000
0.000000 0.000000
0.000000 0.000000
0.000000 0.000000
0.000000 0.000000
0.000000 0.000000
0.000000 0.000000
0.000000 0.000000
0.000000 0.000000
0.000000 0.000000
0.000000 0.000000
0.000000 0.000000
0.000000 0.000000
0.000000 0.000000
0.000000 0.000000
0.000000 0.000000
0.000000 0.000000
0.000000 0.000000
0.000000 0.000000
0.000000 0.000000
0.000000 0.000000
0.000000 0.000000
0.000000 0.000000
0.000000 0.000000
0.000000 0.000000
0.000000 0.000000
0.000000 0.000000
0.000000 0.000000
0.000000 0.000000
0.000000 0.000000
0.000000 0.000000
0.000000 0.000000
0.000000 0.000000
0.000000 0.000000
0.000000 0.000000
0.000000 0.000000
0.000000 0.000000
0.000000 0.000000
0.000000 0.000000
0.000000 0.000000
0.000000 0.000000
0.000000 0.000000
0.000000 0.000000
0.000000 0.000000
0.000000 0.000000
0.000000 0.000000
0.000000 0.000000
0.000000 0.000000
0.000000 0.000000
