0.000000 0.000000
0.000000 0.000000
0.000000 0.000000
0.000000 0.000000
0.000000 0.000000
0.000000 0.000000
0.000000 0.000000
0.000000 0.000000
0.000000 0.000000
0.000000 0.000000
0.000000 0.000000
0.000000 0.000000
0.000000 0.000000
0.000000 0.000000
0.000000 0.000000
0.000000 0.000000
0.000000 0.000000
0.000000 0.000000
0.000000 0.000000
0.000000 0.000000
0.000000 0.000000
0.000000 0.000000
0.000000 0.000000
0.000000 0.000000
0.000000 0.000000
0.000000 0.000000
0.000000 0.000000
0.000000 0.000000
0.000000 0.000000
0.000000 0.000000
0.000000 0.000000
0.000000 0.000000
0.000000 0.000000
0.000000 0.000000
0.000000 0.000000
0.000000 0.000000
0.000000 0.000000
0.000000 0.000000
0.000000 0.000000
0.000000 0.000000
0.000000 0.000000
0.000000 0.000000
0.000000 0.000000
0.000000 0.000000
0.000000 0.000000
0.000000 0.000000
0.000000 0.000000
0.000000 0.000000
0.000000 0.000000
0.000000 0.000000
0.000000 0.000000
0.000000 0.000000
0.000000 0.000000
0.000000 0.000000
0.000000 0.000000
0.000000 0.000000
0.000000 0.000000
0.000000 0.000000
0.000000 0.000000
0.000000 0.000000
0.000000 0.000000
0.000000 0.000000
0.000000 0.000000
0.000000 0.000000
0.000000 0.000000
0.000000 0.000000
0.000000 0.000000
0.000000 0.000000
0.000000 0.000000
0.000000 0.000000
0.000000 0.000000
0.000000 0.000000
0.000000 0.000000
0.000000 0.000000
0.000000 0.000000
0.000000 0.000000
0.000000 0.000000
0.000000 0.000000
0.000000 0.000000
0.000000 0.000000
0.000000 0.000000
0.000000 0.000000
0.000000 0.000000
0.000000 0.000000
0.000000 0.000000
0.000000 0.000000
0.000000 0.000000
0.000000 0.000000
0.000000 0.000000
0.000000 0.000000
0.000000 0.000000
0.000000 0.000000
0.000000 0.000000
0.000000 0.000000
0.000000 0.000000
0.000000 0.000000
0.000000 0.000000
0.000000 0.000000
0.000000 0.000000
0.000000 0.000000
0.000000 0.000000
0.000000 0.000000
0.000000 0.000000
0.000000 0.000000
0.000000 0.000000
0.000000 0.000000
0.000000 0.000000
0.000000 0.000000
0.000000 0.000000
0.000000 0.000000
11.816961 0.000000
12.705170 0.000000
13.528316 0.000000
20.271103 52.224316
20.600565 52.224316
21.653263 52.224316
22.864508 52.373764
24.425102 52.523823
26.235138 52.674480
28.354963 52.825745
30.173519 53.130104
32.494801 53.130104
43.331661 96.033257
36.126717 34.346096
37.782619 34.346096
39.111393 34.346096
50.648247 101.592178
50.992527 102.162201
52.765167 102.162201
53.498558 103.212746
53.498558 103.212746
54.246113 103.212746
55.007980 103.324532
55.007980 102.847702
55.784298 102.847702
55.516045 102.847702
55.784298 103.324532
55.784298 103.324532
55.784298 103.324532
55.516045 103.799484
55.516045 103.684021
54.851326 103.684021
54.352978 103.212746
53.222813 103.570435
52.045769 103.458687
49.969742 103.240517
47.077175 102.680382
36.732826 33.690067
35.614483 33.543716
52.386044 0.000000
44.541645 0.000000
38.840836 0.000000
33.835121 0.000000
31.471685 79.859207
29.604450 74.623749
28.393019 69.227745
26.912996 63.845665
25.893646 58.804901
25.253162 54.102623
24.542435 49.586098
23.317709 45.872456
23.051302 44.153324
22.368275 43.063198
21.566751 41.257011
20.725559 41.009087
19.707979 40.520538
18.807802 39.571903
18.013222 39.111393
17.185705 39.111393
55.653904 0.000000
56.976131 0.000000
56.309933 0.000000
56.976131 0.000000
55.653904 0.000000
6.469820 38.659809
6.143600 38.437302
5.374377 34.203457
4.429559 32.529537
5.158552 30.762720
6.779568 27.504244
7.224315 24.743538
9.260221 23.385221
9.395466 14.420774
10.755985 10.988650
13.101087 8.049062
18.180866 4.127592
19.451176 1.789911
19.965876 359.396912
20.224859 358.172028
20.323135 356.889160
20.532524 356.227722
20.532524 356.143188
20.532524 356.710754
20.323135 358.002106
20.532524 0.000000
19.195467 1.997880
19.212671 5.314546
18.107548 9.246113
18.369318 12.050784
18.970407 27.072083
19.380783 31.429565
19.039454 39.742191
18.770008 45.335060
18.368557 44.679913
20.580858 41.669083
18.570721 41.371468
18.639332 39.996078
18.907341 38.829826
19.380783 37.998734
19.855213 36.457211
21.294035 35.732166
20.845293 29.190311
21.217970 36.528854
20.531799 35.345024
19.947575 35.154179
20.682026 35.537678
19.736902 29.886526
19.667624 29.886526
22.207232 29.167614
20.818213 28.072489
20.818213 28.072489
23.317709 28.072489
21.186176 33.777542
23.774866 29.297266
18.087706 33.860336
22.350006 29.001699
30.068583 0.000000
19.108986 33.938820
19.101149 34.186123
18.698984 33.609371
18.958183 34.013313
22.525187 30.465546
31.250952 0.000000
29.399162 51.486057
21.655989 33.377834
20.053043 33.533306
21.874819 33.142174
21.838398 30.692642
21.838398 30.692642
21.653263 30.827663
21.579906 30.827663
21.467651 30.963758
21.394802 30.963758
21.209227 31.100937
21.095009 31.239214
20.720486 31.519110
20.603241 31.660751
20.603241 31.660751
19.525013 29.420975
19.598810 29.138411
19.474213 29.279072
19.153559 29.564137
18.566061 30.001318
17.241459 31.068310
9.289537 25.688145
16.345686 27.383505
7.662869 29.840452
7.404879 27.504244
80.960518 0.000000
41.185925 0.000000
61.389542 0.000000
45.000000 0.000000
0.000000 252.645966
14.733804 15.202409
0.000000 260.537689
0.000000 268.363434
14.821068 13.760785
285.255127 0.000000
26.565052 0.000000
80.537682 0.000000
62.744671 0.000000
60.255119 0.000000
56.309933 0.000000
55.653904 0.000000
53.746162 0.000000
53.746162 0.000000
55.007980 0.000000
56.309933 0.000000
57.652557 0.000000
59.036243 0.000000
58.339249 0.000000
57.652557 0.000000
56.976131 0.000000
18.372192 39.571903
17.812193 39.571903
17.377491 39.571903
17.515844 39.571903
17.260765 39.571903
17.818890 39.340519
17.505909 39.571903
15.756033 39.805569
12.136825 39.805569
12.351560 39.805569
12.528808 39.805569
12.915936 39.805569
13.421835 39.571903
13.471012 39.571903
13.462261 39.340519
14.483081 39.340519
13.937798 39.340519
14.420774 39.340519
16.755749 39.340519
16.737326 39.340519
16.794769 39.111393
16.794769 39.111393
17.161919 39.111393
16.366474 39.111393
17.341896 39.111393
17.474773 38.884495
17.341896 39.111393
17.606480 38.659809
17.474773 39.111393
17.667641 38.216949
17.474773 38.884495
17.474773 39.111393
17.597162 39.111393
17.463928 39.111393
17.525568 38.884495
17.525568 38.216949
17.452831 38.659809
17.515142 38.659809
17.515142 38.659809
17.577883 38.659809
17.452831 38.659809
17.650124 38.659809
17.577883 38.884495
17.441479 38.437302
17.713047 38.216949
17.650124 38.437302
17.713047 38.437302
16.979712 39.111393
17.577883 39.111393
16.979712 39.111393
17.515142 39.340519
17.515142 39.571903
17.515142 39.571903
17.650124 37.545700
17.650124 39.805569
17.650124 39.805569
17.525568 39.571903
17.525568 39.340519
17.525568 39.111393
17.463928 36.795296
17.525568 36.795296
17.463928 36.111057
17.587633 39.340519
17.463928 37.476177
17.658981 38.893906
17.597162 39.805569
17.535763 37.100307
17.402704 40.279865
17.474773 36.482769
17.545729 39.805569
17.234882 36.945587
17.234882 39.340519
17.485382 39.111393
17.365887 38.659809
17.425436 38.659809
17.365887 35.145546
17.495758 38.437302
17.306730 34.624153
17.425436 35.362461
17.294254 35.362461
17.354025 39.111393
17.414196 36.416378
17.161919 39.340519
17.281500 36.641933
17.221508 36.563095
17.221508 39.805569
17.281500 40.520538
17.341896 38.719994
17.341896 38.719994
17.341896 39.507675
17.525568 39.755661
17.587633 41.760300
17.329493 41.760300
17.525568 39.400661
17.587633 41.760300
17.515142 41.760300
17.650124 41.760300
17.904448 41.507408
17.713047 38.224342
17.776405 39.507675
17.650124 38.224342
17.846985 41.507408
17.776405 41.507408
17.650124 41.507408
17.525568 41.507408
17.525568 41.760300
17.658981 42.015717
17.791203 42.273689
17.729214 38.659809
17.667641 42.534241
17.989819 42.797401
17.989819 42.797401
17.866432 43.063198
18.118401 43.331661
17.994703 43.331661
18.118401 40.914383
18.118401 43.602818
18.056349 43.876698
18.245855 43.876698
18.180866 43.876698
18.308468 43.876698
18.180866 43.602818
18.371498 43.602818
18.180866 43.876698
18.243752 43.602818
18.243752 42.165890
18.114864 42.754257
18.114864 43.063198
18.052132 42.220833
17.860094 41.371468
18.052132 41.958157
17.989819 42.534241
18.178019 41.633541
18.047821 42.797401
18.114864 42.797401
18.178019 42.797401
18.178019 42.797401
18.052132 42.797401
18.114864 43.063198
18.114864 42.797401
18.114864 42.534241
18.052132 42.534241
18.114864 42.534241
18.180866 41.633541
18.052132 43.063198
17.866432 43.331661
17.676109 43.331661
17.615593 43.602818
17.495758 43.887600
17.878696 45.000000
18.311199 45.846672
18.311199 46.684681
18.558966 44.714951
19.064548 45.567265
19.195467 44.714951
19.261580 44.432735
19.395124 44.153324
19.328129 44.153324
19.261580 43.602818
18.625721 40.645779
18.370787 43.331661
18.047821 43.063198
17.916449 42.797401
17.721222 42.273689
17.587633 42.273689
17.452831 41.760300
17.193844 41.507408
17.193844 41.507408
17.056967 41.257011
16.996315 41.257011
16.260204 41.257011
16.117887 41.009087
16.719229 41.009087
16.719229 40.763603
16.858398 41.009087
16.858398 40.763603
16.738758 40.763603
16.738758 40.763603
16.936085 40.763603
16.738758 40.763603
16.876265 40.763603
16.738758 40.520538
16.679554 40.520538
16.562361 40.520538
16.816854 40.520538
16.876265 40.041550
17.012548 40.041550
17.132996 40.041550
17.072565 39.805569
16.936085 39.571903
17.012548 39.340519
17.012548 39.111393
16.952936 38.884495
16.952936 38.659809
16.952936 38.659809
16.952936 38.659809
16.816854 38.603416
16.952936 39.111393
17.012548 39.571903
16.952936 40.279865
16.952936 41.257011
16.816854 43.331661
16.757849 47.077175
16.876265 51.691265
16.284922 55.394325
16.876265 58.616810
16.876265 61.630955
16.679554 62.978420
16.816854 63.895145
16.757849 65.297569
16.620756 66.250504
16.876265 66.250504
16.227362 66.732292
16.876265 66.250504
16.424257 67.706375
16.876265 67.217598
16.816854 66.732292
15.200220 67.217598
16.757849 67.217598
16.816854 66.732292
16.620756 67.217598
15.200220 66.250504
16.620756 66.732292
16.366474 66.732292
16.562361 66.732292
16.620756 66.732292
16.504362 66.037514
16.562361 64.826477
16.562361 62.525566
16.699245 59.886265
16.757849 56.177914
16.699245 52.045769
16.504362 48.652222
11.802435 45.000000
12.370845 41.760300
12.007127 40.520538
12.776645 39.571903
13.228603 39.111393
13.731751 38.884495
14.391798 38.659809
15.052921 38.659809
15.683107 38.437302
15.887169 38.157227
16.032339 36.869896
15.602140 36.582344
14.850338 37.085835
15.273007 37.085835
15.023152 36.292629
13.988257 36.582344
13.799485 38.216949
16.662220 37.371849
16.531931 38.437302
16.345686 38.437302
16.531931 38.216949
16.400539 37.782619
16.531931 37.356621
16.531931 36.938763
16.422188 35.697945
16.552097 35.497807
16.153933 35.417057
16.389542 34.365238
13.096283 34.273705
14.831966 34.849350
15.575581 36.528854
15.627383 36.528854
15.441419 36.528854
15.627383 34.651318
16.105141 34.169922
16.105141 32.922333
16.159086 32.922333
16.105141 36.126717
16.291187 36.126717
12.847705 36.326824
12.507444 36.732826
11.510126 36.938763
11.793429 37.146687
13.147243 37.146687
13.789067 37.146687
16.313852 37.146687
13.038656 37.356621
13.518383 37.356621
15.472972 37.356621
15.656952 37.356621
15.390170 37.568592
15.204430 37.146687
15.306139 36.732826
15.306139 36.253838
15.306139 33.495182
15.306139 31.274805
15.306139 30.335537
15.306139 28.429050
15.306139 22.097893
15.493000 14.493868
15.272309 5.748663
15.732005 0.395137
15.597179 355.999817
15.809689 354.841461
16.054220 353.659821
16.378422 352.354980
16.490274 351.008759
16.623581 349.665497
16.755749 348.432556
16.943855 348.244934
16.943855 345.886749
17.016722 344.908417
17.145550 343.123749
17.202972 343.418945
17.202972 342.851257
17.330885 342.851257
17.583483 345.272552
17.583483 346.115326
17.410843 347.295990
17.468023 347.974731
17.410843 348.287537
17.354025 348.830505
305.803345 0.000000
310.179230 0.000000
347.471191 81.002853
0.000000 0.000000
357.912018 73.081985
4.513988 68.404686
11.650299 63.434948
13.392498 60.642246
16.174448 58.512531
16.313852 57.652557
15.607823 58.166611
17.234104 56.976131
16.117887 56.976131
17.393322 56.641758
23.989063 54.848068
23.614273 55.168518
23.827421 55.168518
20.106236 0.000000
29.156919 0.000000
30.579226 0.000000
32.560436 0.000000
33.690067 0.000000
35.095818 0.000000
34.408474 0.000000
35.537678 0.000000
34.611141 0.000000
34.992020 0.000000
34.060909 0.000000
33.878540 0.000000
34.438992 0.000000
16.880331 33.878540
16.880331 33.690067
16.808693 33.690067
16.808693 33.878540
16.680927 33.878540
16.735996 33.878540
16.422188 33.878540
16.051548 33.878540
15.972133 33.970470
15.972133 33.970470
15.784829 33.783081
15.838000 33.783081
16.025867 33.597507
15.409185 33.597507
15.461218 33.597507
15.756033 33.413723
14.803980 32.774876
14.420774 33.051449
15.566318 32.872910
14.371583 33.051449
14.420774 32.696075
14.420774 32.872910
14.513299 32.872910
14.371583 33.051449
14.612544 33.231712
14.371583 33.964645
14.803980 34.149895
14.612544 34.611141
15.428741 34.992020
14.713124 35.732166
16.054220 35.928501
16.434162 36.126717
16.490274 36.326824
16.490274 36.528854
16.546761 32.819084
16.680265 32.714085
16.680265 32.607288
16.680265 32.118023
16.490274 32.498646
15.150053 32.005383
14.905758 32.195732
14.520148 32.005383
14.570342 31.701429
14.763925 31.890793
15.342593 31.890793
15.395549 37.568592
15.395549 31.890793
16.164499 37.356621
16.164499 37.568592
15.780753 31.583817
10.707686 31.583817
10.908708 31.464146
11.469530 31.655548
14.671750 31.655548
12.506745 31.218403
13.228603 32.757668
13.834853 33.794052
14.838231 34.624153
15.634316 36.111057
16.482439 37.775684
16.858398 39.075417
18.038902 40.894901
18.901842 42.732044
19.451927 44.118595
20.453041 48.012791
21.297354 50.486156
21.758070 55.911129
22.526060 61.348171
21.705437 68.922508
21.750206 76.690819
21.911699 82.568588
22.520565 89.370399
22.322857 95.194427
21.870943 101.956581
22.466749 106.389542
23.532349 109.179008
25.577291 112.890549
27.801458 114.491898
32.295979 116.041817
32.650803 118.141602
32.735226 120.555969
32.228760 124.019348
31.644659 125.892670
29.898901 129.332718
28.926424 131.893982
25.924902 133.646805
23.805944 137.290619
21.801411 139.685898
21.960564 141.654419
20.973494 144.462326
21.297354 145.738892
19.903749 146.888657
19.025606 148.069321
19.057705 149.036240
18.434950 149.281097
18.103764 151.504364
16.798372 152.140350
16.389542 152.783890
14.796762 152.140350
15.255119 152.140350
16.966148 150.255112
19.212671 147.264771
21.929588 143.130096
25.769327 137.770218
24.065632 132.745422
28.097683 126.119339
30.897366 119.820068
31.514072 113.355568
33.867180 105.780754
32.330185 97.711891
30.465546 90.000000
28.920044 83.722702
26.680103 76.504265
25.253162 70.201126
24.443956 66.250504
24.249205 61.630955
24.057350 57.380756
23.682087 53.130104
23.317709 49.635464
22.876871 46.468803
22.535408 44.432735
22.285587 41.760300
22.121943 39.340519
22.121943 37.146687
22.040972 35.537678
22.040972 34.226360
23.051302 29.054605
22.790590 29.054605
22.535408 29.054605
22.368275 29.054605
22.203480 29.054605
21.880713 29.054605
21.644436 29.054605
20.603241 29.465221
20.323135 28.523119
20.050238 28.676952
19.784279 28.169901
19.589214 27.681061
20.603241 0.000000
19.209974 27.066534
19.108986 0.000000
18.299498 0.000000
18.964905 26.947868
17.227488 0.000000
18.904575 26.692944
18.434950 0.000000
18.178019 0.000000
18.844616 27.187807
18.799885 0.000000
20.323135 0.000000
18.550232 0.000000
19.368402 27.307505
19.876873 0.000000
18.904575 26.821981
16.260204 0.000000
15.945396 0.000000
16.831669 0.000000
18.964905 27.758541
19.086681 28.280769
19.148136 29.341654
21.508837 30.699722
19.653824 27.685608
18.498119 30.350094
18.370062 32.837799
19.358994 34.761803
20.709038 28.261242
21.101210 28.261242
20.772255 28.967659
21.978384 28.681253
21.801411 29.259336
22.520565 29.407188
23.304892 29.556408
23.759930 30.012438
24.817131 30.167295
20.825218 33.221973
25.820992 30.963758
26.722889 31.293039
27.724056 31.460051
25.866358 32.855721
25.267311 33.785088
28.442930 32.675274
30.225451 32.319618
30.287952 32.496578
30.808905 32.675274
30.884945 32.855721
29.331841 33.785088
30.635418 33.407825
32.360939 32.855721
32.471191 33.037949
32.735226 33.037949
32.319618 33.221973
33.003101 33.037949
33.129734 33.221973
32.855721 33.221973
32.855721 33.221973
32.704735 33.407825
32.275642 33.595520
32.828541 33.595520
33.261429 33.407825
32.391392 33.785088
32.672230 33.785088
32.228760 33.976543
31.949972 33.976543
31.504267 34.169922
31.231909 34.169922
30.784145 34.365238
30.784145 34.365238
30.332174 34.562527
29.875992 34.761803
29.156919 34.963097
29.156919 34.963097
28.442930 35.166435
28.194979 35.166435
27.734190 35.371845
28.194979 35.166435
29.302206 34.562527
29.054605 34.562527
29.683140 34.169922
29.623751 33.976543
30.221840 33.595520
29.919209 33.407825
30.256437 33.037949
30.579226 32.675274
30.888466 32.319618
31.551384 31.798914
31.961344 31.293039
32.347443 30.801447
32.711678 30.323608
33.374100 29.707014
33.794052 29.407188
33.791656 29.112833
33.891457 28.967659
37.998734 128.659805
37.427052 128.972473
36.486012 129.999359
35.594688 130.266556
35.242039 131.760300
34.695156 131.760300
34.402664 131.760300
35.118595 131.091461
36.253838 131.139267
37.284325 130.440048
38.418056 130.120728
38.011509 130.120728
37.504143 129.677246
35.293346 130.325836
33.541248 130.266556
32.637508 130.266556
32.347443 129.542450
33.840057 129.217606
35.036194 129.289398
35.788975 128.897217
36.430859 129.217606
35.862850 129.472458
33.690067 129.326981
32.905243 129.667847
32.735226 129.667847
33.851009 128.911469
34.330219 128.403259
33.215252 128.659805
32.427555 129.369324
32.905243 129.369324
33.215252 129.369324
33.377834 128.927551
34.765198 127.673592
35.036194 126.285263
35.417057 122.876266
37.785736 120.256439
39.117554 116.565048
37.593090 27.247112
37.423843 27.108124
36.714203 27.108124
36.335865 26.970438
36.085075 94.864517
35.053993 85.872406
38.340794 94.004173
32.607288 30.913275
35.803345 87.662697
31.607504 30.256437
31.541315 30.108660
31.651272 29.962185
31.414009 29.816998
33.787178 77.592583
30.691179 30.173519
30.369761 30.173519
30.054377 30.173519
32.755470 70.709953
32.111813 72.776566
31.759481 78.366364
31.075228 87.299370
30.742966 94.236397
29.939764 97.907166
30.278559 99.196655
28.610460 98.746162
29.487125 98.365883
29.167614 97.193466
29.389013 96.037682
29.465221 96.277298
28.920044 95.545319
28.523119 95.545319
28.373791 95.545319
28.568407 94.993744
28.423897 94.993744
28.283407 94.441238
28.146782 95.042450
28.013857 93.925911
27.562361 93.964653
27.115953 92.834114
27.004089 94.004173
26.674604 93.399712
26.674604 92.779167
26.455290 92.834114
26.235138 93.887909
26.235138 93.366463
26.122622 93.333847
26.122622 93.887909
26.122622 93.887909
25.900141 93.887909
26.008799 94.441238
26.008799 93.925911
25.784807 93.850639
25.784807 93.301865
25.784807 93.366463
25.784807 93.887909
25.784807 93.301865
25.893646 93.850639
25.893646 93.333847
25.893646 93.301865
26.003345 93.925911
26.113913 93.366463
26.113913 93.887909
26.337688 95.042450
26.337688 94.945969
26.565052 95.042450
26.680103 94.945969
26.796080 94.945969
26.565052 95.492325
26.681271 95.440331
26.912996 95.492325
26.681271 95.654419
26.912996 95.492325
26.912996 95.492325
26.565052 95.492325
26.565052 95.492325
26.218508 95.440331
26.218508 96.037682
26.333086 96.037682
26.333086 96.581947
26.214979 96.581947
26.100187 96.037682
26.330713 96.037682
26.330713 96.037682
26.447401 96.037682
26.211378 96.037682
25.974394 96.155167
25.744923 96.709839
25.744923 96.709839
25.407719 96.709839
25.187462 96.645279
24.970749 96.842773
25.093349 96.842773
25.559965 97.125015
25.676815 97.193466
25.357847 97.193466
25.046200 98.365883
24.641661 98.914925
24.057350 99.111359
23.317709 99.462318
22.285587 98.945381
21.566751 97.980110
20.746080 95.609276
20.050238 92.626404
0.000000 153.434952
0.000000 152.042007
0.000000 149.178070
0.000000 146.560135
0.000000 144.229889
0.000000 141.934357
0.000000 138.468231
0.000000 133.531189
0.000000 125.445709
0.000000 115.346176
0.000000 102.308014
90.000000 0.000000
78.465378 0.000000
69.443954 0.000000
61.557072 0.000000
57.680386 0.000000
54.782406 0.000000
51.892422 0.000000
50.411869 0.000000
47.337307 0.000000
47.245743 0.000000
44.464542 0.000000
42.990448 0.000000
41.185925 0.000000
38.263988 0.000000
34.508522 0.000000
30.963758 0.000000
26.787127 0.000000
24.743538 0.000000
20.836676 0.000000
22.786854 54.372093
20.924501 54.530128
18.301081 55.491478
19.243629 53.746162
19.354053 53.436905
18.008739 54.372093
16.808693 55.168518
4.267893 0.000000
1.236408 0.000000
0.000000 0.000000
0.000000 0.000000
0.000000 0.000000
0.000000 0.000000
0.000000 0.000000
0.000000 0.000000
0.000000 0.000000
0.000000 0.000000
0.000000 0.000000
0.000000 0.000000
0.000000 0.000000
0.000000 0.000000
0.000000 0.000000
0.000000 0.000000
0.000000 0.000000
0.000000 0.000000
0.000000 0.000000
0.000000 0.000000
0.000000 0.000000
0.000000 0.000000
0.000000 0.000000
0.000000 0.000000
0.000000 0.000000
0.000000 0.000000
0.000000 0.000000
0.000000 0.000000
0.000000 0.000000
0.000000 0.000000
0.000000 0.000000
0.000000 0.000000
0.000000 0.000000
0.000000 0.000000
0.000000 0.000000
0.000000 0.000000
0.000000 0.000000
5.230807 0.000000
7.048075 0.000000
9.073283 0.000000
18.796051 53.591225
19.653824 53.130104
21.303864 52.977619
23.848309 52.674480
26.457354 52.224316
31.263733 0.000000
39.542446 0.000000
50.194431 0.000000
63.434948 0.000000
20.081978 46.797932
17.984823 49.763641
16.909271 52.666805
17.326138 55.653904
17.102730 58.339249
17.525568 60.823921
18.522156 63.624668
18.526329 66.345787
15.632497 40.634743
16.017784 40.836388
16.281986 41.039688
16.484453 41.244659
16.504362 41.659679
16.727962 41.869755
15.391212 43.167160
15.642246 43.167160
16.169031 43.167160
16.762554 42.946449
16.955313 42.946449
16.601248 43.389698
17.128048 43.167160
17.333242 43.167160
17.878696 42.946449
18.434950 42.727551
18.321041 42.946449
18.321041 42.946449
18.895145 42.727551
19.013674 42.727551
18.434950 43.167160
18.199165 43.389698
18.552599 43.167160
19.378004 42.727551
19.025606 42.946449
19.133644 42.727551
18.904575 42.946449
19.025606 42.946449
18.904575 42.946449
18.316324 43.389698
18.671707 43.167160
18.434950 43.389698
18.076107 43.614082
17.715794 43.840324
17.715794 43.840324
17.468023 44.068443
16.990824 44.298454
17.216074 44.298454
17.216074 44.298454
16.959846 44.530373
17.073965 44.530373
16.699245 44.764217
16.812626 44.764217
16.812626 44.764217
16.389542 45.237740
15.832387 45.719158
15.145707 46.208591
14.444036 46.706177
14.036243 47.212044
14.359337 47.212044
14.036243 47.468117
14.484734 47.468117
14.500166 47.726311
13.799485 48.249111
14.796762 48.249111
15.208039 48.249111
16.172159 47.986637
16.858398 47.726311
17.354025 47.726311
18.615692 47.212044
20.081978 46.706177
21.250505 46.456360
22.804541 45.962864
24.145542 45.477455
24.943907 45.237740
26.029593 44.764217
24.646770 45.477455
24.943907 45.237740
24.087452 45.719158
23.523209 45.962864
22.954086 46.208591
22.714413 46.208591
23.594820 45.719158
24.443956 45.237740
25.804533 44.298454
26.565052 43.614082
27.492836 42.727551
28.570700 41.869755
28.460176 41.244659
28.926424 40.236359
28.123735 40.434738
28.072489 40.039589
27.854448 39.844414
28.166069 39.268318
28.457016 38.706051
28.875443 37.977203
26.565052 38.706051
27.807043 37.621464
35.340107 0.000000
31.464146 0.000000
28.867159 0.000000
33.690067 0.000000
29.566576 0.000000
26.952179 0.000000
22.315588 0.000000
20.598175 0.000000
20.750795 0.000000
17.231821 0.000000
17.304831 0.000000
16.197323 0.000000
17.827059 0.000000
0.000000 0.000000
0.000000 0.000000
0.000000 0.000000
0.000000 147.652557
0.000000 146.659302
0.000000 145.469177
0.000000 143.403366
0.000000 142.660477
0.000000 141.490768
0.000000 139.939209
0.000000 138.957550
0.000000 137.935669
0.000000 136.896515
0.000000 135.774216
0.000000 133.798157
0.000000 132.117035
0.000000 129.417389
0.000000 127.492653
0.000000 125.837646
0.000000 122.574059
0.000000 119.659111
0.000000 117.216110
0.000000 112.796524
0.000000 107.927917
0.000000 102.804268
0.000000 95.355827
88.181694 0.000000
81.607079 0.000000
75.068581 0.000000
67.380135 0.000000
60.461220 0.000000
55.653904 0.000000
49.085617 0.000000
42.273689 0.000000
34.902496 0.000000
28.264006 53.130104
26.003345 53.130104
24.057350 53.130104
21.239311 53.746162
19.012379 54.372093
17.457718 54.848068
16.863939 55.168518
6.340192 0.000000
12.436506 0.000000
12.757532 0.000000
5.817608 0.000000
5.861541 0.000000
6.077040 0.000000
5.906141 0.000000
5.009140 0.000000
4.635463 0.000000
4.919073 0.000000
5.451551 0.000000
6.098212 0.000000
8.059104 0.000000
17.088501 55.168518
16.511328 55.816959
15.237028 57.482491
16.525797 56.144974
17.571259 56.976131
18.434950 57.313065
18.600065 57.994617
18.317539 20.256462
17.592424 18.004162
16.886791 13.342834
16.985531 6.888258
16.562361 4.279463
16.377701 3.945186
15.292988 4.056738
14.676394 4.934165
4.537773 6.842773
4.168033 6.981058
3.546854 7.199234
2.874362 7.431408
3.139660 7.352379
3.652223 7.199234
5.686034 6.645278
7.463494 6.225829
11.164881 29.331841
10.876247 38.130009
10.922805 45.000000
10.784298 51.581947
11.962051 62.189587
13.523161 72.681061
14.946527 81.158188
18.799885 89.333801
20.556046 97.733597
23.259220 106.476883
23.774866 115.016891
24.152918 118.009178
24.641661 126.869896
24.943907 133.531189
25.463345 142.594635
25.893646 162.645981
26.113913 199.653824
26.225357 209.054611
26.337688 253.300751
26.339920 278.746155
26.902744 288.434937
0.000000 219.400665
0.000000 219.885986
0.000000 218.955902
0.000000 218.561951
0.000000 217.492645
0.000000 215.537674
0.000000 221.850983
0.000000 218.246429
0.000000 214.357132
0.000000 208.136063
0.000000 201.852844
0.000000 195.674774
0.000000 189.695618
0.000000 184.004166
0.000000 179.140625
0.000000 174.289413
0.000000 172.556290
0.000000 173.884491
0.000000 172.694244
0.000000 171.410873
0.000000 171.827240
0.000000 169.992020
0.000000 170.134186
0.000000 169.303482
0.000000 169.245117
0.000000 170.485779
0.000000 170.695221
0.000000 168.127747
0.000000 171.229233
0.000000 167.995224
0.000000 168.244934
0.000000 168.061844
0.000000 168.752686
0.000000 168.439865
0.000000 168.566315
0.000000 168.566315
0.000000 168.503433
0.000000 168.814621
0.000000 168.257416
0.000000 168.127747
0.000000 168.439865
0.000000 168.439865
0.000000 169.126480
0.000000 168.875885
0.000000 168.875885
0.000000 168.503433
0.000000 168.814621
0.000000 168.257416
0.000000 167.949219
0.000000 166.814240
0.000000 164.631531
0.000000 162.824097
0.000000 158.713593
0.000000 155.556046
0.000000 151.389542
22.963774 70.201126
0.000000 140.964493
22.876871 61.630955
22.963774 56.976131
22.790590 54.625248
22.619865 52.403728
22.619865 50.307327
22.285587 48.652222
21.801411 47.981461
21.037512 46.753407
20.532524 45.572941
19.916407 44.432735
19.397812 43.331661
19.209974 42.015717
19.209974 40.763603
19.025606 39.340519
19.025606 37.998734
19.148136 36.938763
18.904575 35.537678
19.148136 33.514584
19.148136 32.660915
19.565248 31.218403
18.785021 30.173519
18.666914 29.054605
18.666914 28.654316
18.550232 28.009176
18.550232 28.502438
18.492998 28.502438
18.552599 28.739796
18.853159 29.609831
19.653824 29.507000
21.412970 29.779150
21.722652 29.779150
21.801411 29.779150
21.880713 29.779150
21.960564 29.779150
22.040972 29.779150
22.121943 29.779150
22.121943 29.779150
21.566751 34.408474
21.336859 34.777832
21.336859 34.965122
21.336859 35.154179
21.336859 35.537678
21.186176 35.345024
21.037512 35.345024
21.037512 35.345024
20.890825 35.345024
20.746080 35.537678
20.818213 35.537678
20.963923 35.928501
20.963923 35.928501
21.111593 36.126717
21.186176 36.528854
21.037512 36.528854
20.746080 36.732826
20.532524 36.938763
20.392477 37.356621
20.117802 37.782619
19.916407 37.356621
19.718843 37.568592
19.653824 37.782619
19.653824 37.356621
19.653824 37.568592
19.983107 37.356621
20.117802 37.782619
20.117802 37.356621
20.185802 37.568592
20.323135 36.528854
20.254246 35.732166
20.392477 34.777832
20.392477 32.005383
21.412970 29.054605
21.336859 29.054605
21.412970 29.054605
20.185802 28.242151
21.412970 27.574564
20.050238 27.194651
19.916407 26.690149
19.784279 26.196199
19.718843 26.192200
19.718843 25.591969
21.186176 26.819134
19.653824 26.690149
19.163246 26.690149
23.488775 28.003685
17.641768 23.532349
19.038040 24.173576
19.397812 25.607931
19.589214 26.995840
19.718843 27.328949
19.983107 27.206995
18.498823 26.734566
17.776405 24.746748
17.087061 21.227652
16.990824 16.927513
16.251297 12.200469
14.697318 10.304847
14.484734 9.799849
12.580872 9.293308
11.788183 8.864623
10.282536 8.426970
9.379345 8.945381
8.630802 8.945381
8.417657 9.549134
8.130103 9.549134
8.094449 9.637538
7.844696 8.461288
9.050722 8.202354
7.312155 10.619656
8.555558 8.583622
5.057249 9.090277
10.162083 10.684913
10.023182 11.205947
9.050722 11.725112
9.050722 12.242331
8.465597 13.907778
9.130177 14.420774
8.686355 15.945396
9.090277 16.949224
7.643378 19.411488
7.559067 22.932100
7.943472 23.600189
7.420015 25.441748
7.420015 26.342112
8.061237 28.334242
7.907163 30.046434
7.386043 32.360939
5.842489 35.374752
7.907163 37.512611
7.800188 38.516926
9.217645 40.155998
9.462322 41.185925
9.257549 42.785244
9.071498 43.417645
9.147080 44.679913
8.652541 46.582352
9.223923 48.439869
8.569142 50.307327
7.577427 50.992527
8.093304 52.594643
8.607862 55.696510
8.417657 58.654785
8.130103 61.460014
9.381510 66.447739
9.178079 71.420731
353.439789 0.000000
353.097778 0.000000
355.935059 0.000000
354.104492 0.000000
356.404999 0.000000
3.262033 0.000000
4.561808 0.000000
7.163547 0.000000
8.530766 0.000000
6.519802 0.000000
20.820892 106.504364
25.253162 107.783890
25.463345 109.411484
25.676815 111.223656
25.784807 112.380135
25.784807 112.782402
25.569664 112.782402
25.463345 113.267708
25.357847 113.267708
25.253162 114.227745
25.253162 114.702431
25.799696 115.641006
26.456331 116.104858
27.222336 116.565048
27.562361 117.021576
27.562361 117.021576
28.028084 117.474434
28.146782 117.923592
28.855659 118.369049
28.423897 117.923592
28.211704 118.369049
28.822430 118.810791
28.739796 118.810791
28.870205 118.810791
29.267996 117.897270
29.538782 117.666756
29.190311 116.122620
29.327179 115.016891
29.604450 113.912315
29.604450 112.809708
29.327179 111.431168
29.465221 110.965714
29.327179 111.614777
29.190311 111.801407
29.054605 112.659355
29.054605 113.334045
28.786619 113.805946
28.654316 114.702431
28.523119 115.173523
28.264006 115.641006
28.136061 116.565048
28.136061 116.565048
28.393019 116.104858
28.136061 116.104858
28.009176 115.641006
28.264006 114.739510
28.739796 114.065628
28.136061 113.198593
28.009176 111.893677
24.802660 0.000000
24.443956 0.000000
24.443956 0.000000
24.281460 0.000000
24.120983 0.000000
24.120983 0.000000
23.962490 0.000000
23.651314 0.000000
22.905769 0.000000
22.619865 0.000000
22.203480 0.000000
21.286406 0.000000
20.794115 0.000000
20.095232 0.000000
19.546368 0.000000
19.127609 0.000000
18.530922 0.000000
17.599251 0.000000
17.102730 0.000000
16.778454 0.000000
15.137949 0.000000
14.036243 0.000000
15.077869 0.000000
0.000000 0.000000
0.000000 0.000000
0.000000 0.000000
0.000000 0.000000
0.000000 0.000000
0.000000 0.000000
0.000000 0.000000
0.000000 0.000000
0.000000 0.000000
0.000000 0.000000
0.000000 0.000000
0.000000 0.000000
0.000000 0.000000
0.000000 0.000000
0.000000 0.000000
0.000000 0.000000
10.713123 0.000000
0.000000 0.000000
0.000000 0.000000
10.499398 0.000000
0.000000 0.000000
0.000000 0.000000
0.000000 0.000000
9.739447 0.000000
10.020267 0.000000
0.000000 0.000000
0.000000 0.000000
9.668669 0.000000
0.000000 0.000000
0.000000 0.000000
0.000000 0.000000
0.000000 0.000000
0.000000 0.000000
0.000000 0.000000
0.000000 0.000000
0.000000 0.000000
0.000000 0.000000
0.000000 0.000000
0.000000 0.000000
0.000000 0.000000
0.000000 0.000000
0.000000 0.000000
10.154266 0.000000
0.000000 0.000000
0.000000 0.000000
10.071067 0.000000
0.000000 0.000000
10.619656 0.000000
10.564735 0.000000
10.784298 0.000000
10.868526 0.000000
10.689105 0.000000
9.650300 0.000000
11.040939 0.000000
10.902945 0.000000
11.218843 0.000000
11.309933 0.000000
10.431374 0.000000
11.681375 0.000000
11.496563 0.000000
12.061310 0.000000
12.011478 0.000000
12.397996 0.000000
12.686285 0.000000
12.264773 0.000000
12.555297 0.000000
12.902412 0.000000
13.198120 0.000000
13.495733 0.000000
14.157633 0.000000
13.671308 0.000000
13.975225 0.000000
14.400022 0.000000
0.000000 0.000000
0.000000 0.000000
0.000000 0.000000
0.000000 0.000000
0.000000 0.000000
0.000000 0.000000
0.000000 0.000000
0.000000 0.000000
0.000000 0.000000
0.000000 0.000000
0.000000 0.000000
0.000000 0.000000
0.000000 0.000000
0.000000 0.000000
0.000000 0.000000
0.000000 0.000000
0.000000 0.000000
0.000000 0.000000
0.000000 0.000000
0.000000 0.000000
0.000000 0.000000
0.000000 0.000000
0.000000 0.000000
0.000000 0.000000
0.000000 0.000000
0.000000 0.000000
0.000000 0.000000
0.000000 0.000000
0.000000 0.000000
0.000000 0.000000
0.000000 0.000000
0.000000 0.000000
0.000000 0.000000
0.000000 0.000000
0.000000 0.000000
0.000000 0.000000
0.000000 0.000000
0.000000 0.000000
0.000000 0.000000
0.000000 0.000000
0.000000 0.000000
0.000000 0.000000
0.000000 0.000000
0.000000 0.000000
0.000000 0.000000
0.000000 0.000000
0.000000 0.000000
0.000000 0.000000
0.000000 0.000000
0.000000 0.000000
0.000000 0.000000
0.000000 0.000000
0.000000 0.000000
0.000000 0.000000
0.000000 0.000000
0.000000 0.000000
0.000000 0.000000
0.000000 0.000000
0.000000 0.000000
0.000000 0.000000
0.000000 0.000000
0.000000 0.000000
0.000000 0.000000
0.000000 0.000000
0.000000 0.000000
0.000000 0.000000
0.000000 0.000000
0.000000 0.000000
0.000000 0.000000
0.000000 0.000000
0.000000 0.000000
0.000000 0.000000
0.000000 0.000000
0.000000 0.000000
0.000000 0.000000
0.000000 0.000000
0.000000 0.000000
0.000000 0.000000
0.000000 0.000000
0.000000 0.000000
0.000000 0.000000
0.000000 0.000000
0.000000 0.000000
0.000000 0.000000
0.000000 0.000000
0.000000 0.000000
0.000000 0.000000
0.000000 0.000000
0.000000 0.000000
0.000000 0.000000
0.000000 0.000000
0.000000 0.000000
0.000000 0.000000
0.000000 0.000000
0.000000 0.000000
0.000000 0.000000
0.000000 0.000000
0.000000 0.000000
0.000000 0.000000
0.000000 0.000000
0.000000 0.000000
0.000000 0.000000
0.000000 0.000000
0.000000 0.000000
0.000000 0.000000
0.000000 0.000000
0.000000 0.000000
0.000000 0.000000
0.000000 0.000000
0.000000 0.000000
0.000000 0.000000
0.000000 0.000000
0.000000 0.000000
0.000000 0.000000
0.000000 0.000000
0.000000 0.000000
0.000000 0.000000
0.000000 0.000000
0.000000 0.000000
0.000000 0.000000
0.000000 0.000000
0.000000 0.000000
0.000000 0.000000
0.000000 0.000000
0.000000 0.000000
0.000000 0.000000
0.000000 0.000000
0.000000 0.000000
0.000000 0.000000
0.000000 0.000000
0.000000 0.000000
0.000000 0.000000
0.000000 0.000000
0.000000 0.000000
0.000000 0.000000
0.000000 0.000000
0.000000 0.000000
0.000000 0.000000
0.000000 0.000000
0.000000 0.000000
0.000000 0.000000
0.000000 0.000000
0.000000 0.000000
0.000000 0.000000
0.000000 0.000000
0.000000 0.000000
0.000000 0.000000
0.000000 0.000000
0.000000 0.000000
0.000000 0.000000
0.000000 0.000000
0.000000 0.000000
0.000000 0.000000
0.000000 0.000000
0.000000 0.000000
0.000000 0.000000
0.000000 0.000000
0.000000 0.000000
0.000000 0.000000
0.000000 0.000000
0.000000 0.000000
0.000000 0.000000
0.000000 0.000000
0.000000 0.000000
0.000000 0.000000
0.000000 0.000000
0.000000 0.000000
0.000000 0.000000
0.000000 0.000000
0.000000 0.000000
0.000000 0.000000
0.000000 0.000000
0.000000 0.000000
0.000000 0.000000
0.000000 0.000000
0.000000 0.000000
0.000000 0.000000
0.000000 0.000000
0.000000 0.000000
0.000000 169.356262
0.000000 169.911057
0.000000 170.578262
0.000000 171.344879
0.000000 171.936752
0.000000 172.474014
0.000000 173.184235
116.732094 157.714417
116.911240 158.277344
122.735229 158.587036
130.086197 158.587036
136.218872 158.663147
142.009384 158.738739
147.188629 158.888412
150.625961 158.962494
145.591522 29.054605
147.171463 29.054605
148.154846 29.054605
149.086731 29.054605
155.015961 159.607529
155.488983 159.814194
155.600571 160.016891
155.578079 160.016891
155.446579 159.949768
155.426025 160.215729
155.405884 160.410782
155.513321 160.602188
155.492599 160.851868
155.472275 161.095428
155.576904 161.214981
155.783661 161.333084
155.760971 161.333084
155.535583 161.274216
155.616592 161.391602
155.495834 161.333084
153.774643 29.054605
153.774643 29.054605
153.774643 29.054605
153.662308 29.054605
153.549088 29.054605
153.319901 29.054605
153.319901 29.054605
153.319901 29.054605
153.319901 29.054605
153.093903 28.786619
149.206772 26.796080
0.000000 170.012573
0.000000 169.315094
0.000000 168.643494
0.000000 167.955856
0.000000 0.000000
0.000000 0.000000
0.000000 0.000000
0.000000 0.000000
0.000000 0.000000
0.000000 0.000000
0.000000 0.000000
0.000000 0.000000
0.000000 0.000000
0.000000 0.000000
0.000000 0.000000
0.000000 0.000000
0.000000 0.000000
0.000000 0.000000
0.000000 0.000000
0.000000 0.000000
0.000000 0.000000
0.000000 0.000000
0.000000 0.000000
0.000000 0.000000
0.000000 0.000000
0.000000 0.000000
0.000000 0.000000
0.000000 0.000000
0.000000 0.000000
0.000000 0.000000
0.000000 0.000000
0.000000 0.000000
0.000000 0.000000
0.000000 0.000000
0.000000 0.000000
0.000000 0.000000
27.984629 46.974934
26.152859 47.881165
23.962490 49.085617
14.984432 0.000000
12.290257 0.000000
10.498651 0.000000
8.716157 0.000000
6.952958 0.000000
5.611052 0.000000
4.679259 0.000000
3.923889 0.000000
3.589497 0.000000
3.024136 0.000000
15.288665 56.475529
15.306139 56.641758
15.649781 56.475529
16.378422 55.980648
17.117315 55.491478
20.185802 53.130104
20.509520 52.977619
21.535976 52.674480
22.187754 52.523823
21.197922 52.825745
26.458355 52.075466
27.781572 51.927216
28.590385 51.779568
29.619440 51.340191
22.271862 33.768234
17.601181 33.457474
18.552599 32.850910
18.725788 32.408665
18.492416 31.835281
18.208485 31.143648
26.725096 0.000000
25.942295 0.000000
23.996777 0.000000
22.979403 0.000000
21.557079 0.000000
20.367821 0.000000
19.546368 0.000000
19.334808 0.000000
19.025606 0.000000
18.824711 0.000000
18.924644 0.000000
18.824711 0.000000
19.025606 0.000000
19.127609 0.000000
19.230671 0.000000
19.127609 0.000000
19.440035 0.000000
19.653824 0.000000
19.653824 0.000000
19.762423 0.000000
19.872175 0.000000
19.872175 0.000000
19.983107 0.000000
19.983107 0.000000
19.983107 0.000000
19.983107 0.000000
20.208569 0.000000
20.208569 0.000000
20.208569 0.000000
20.323135 0.000000
20.208569 0.000000
20.323135 0.000000
20.323135 0.000000
20.323135 0.000000
20.438955 0.000000
20.915136 0.000000
21.286406 0.000000
21.670448 0.000000
22.067900 0.000000
22.340649 0.000000
22.619865 0.000000
22.761969 0.000000
22.905769 0.000000
23.051302 0.000000
22.905769 0.000000
23.347668 0.000000
23.651314 0.000000
24.120983 0.000000
24.443956 0.000000
25.114836 0.000000
25.287970 0.000000
25.641005 0.000000
25.641005 0.000000
25.287970 0.000000
25.287970 0.000000
25.287970 0.000000
24.943907 0.000000
24.443956 0.000000
23.962490 0.000000
22.905769 0.000000
21.540977 0.000000
20.208569 0.000000
15.819194 0.000000
14.950086 0.000000
15.982124 0.000000
15.189287 0.000000
14.440541 0.000000
19.589214 53.130104
19.086681 53.130104
12.946509 0.000000
12.851337 0.000000
12.390857 0.000000
12.757532 0.000000
12.665064 0.000000
12.619323 0.000000
12.573905 0.000000
12.528808 0.000000
12.484028 0.000000
12.484028 0.000000
12.439562 0.000000
12.395407 0.000000
12.351560 0.000000
12.308016 0.000000
12.462850 0.000000
12.462850 0.000000
12.616383 0.000000
12.768629 0.000000
13.114546 0.000000
13.309178 0.000000
13.503500 0.000000
13.697505 0.000000
14.084554 0.000000
14.084554 0.000000
14.326837 0.000000
14.326837 0.000000
14.326837 0.000000
14.376417 0.000000
14.182158 0.000000
14.182158 0.000000
14.182158 0.000000
14.182158 0.000000
14.182158 0.000000
14.231459 0.000000
14.426336 0.000000
14.476595 0.000000
14.476595 0.000000
14.476595 0.000000
14.527199 0.000000
14.722975 0.000000
14.527199 0.000000
14.578149 0.000000
14.184295 0.000000
13.487737 0.000000
17.619669 0.000000
18.354589 0.000000
17.854549 0.000000
18.165956 0.000000
16.164499 0.000000
17.969139 0.000000
18.060472 0.000000
17.020525 0.000000
17.700428 0.000000
16.164499 0.000000
16.778454 0.000000
18.555065 53.746162
19.762423 0.000000
19.546368 0.000000
19.127609 0.000000
18.824711 0.000000
18.530922 0.000000
18.339931 0.000000
18.434950 0.000000
18.530922 0.000000
18.434950 0.000000
18.434950 0.000000
18.434950 0.000000
18.152706 0.000000
18.060472 0.000000
18.060472 0.000000
18.060472 0.000000
18.914400 53.436905
18.976027 53.436905
19.334808 53.130104
19.397812 53.130104
19.999359 52.674480
20.533855 52.224316
21.201290 51.779568
21.624790 51.486057
22.048830 51.194920
22.546389 50.906143
23.122835 50.619709
23.452335 50.477371
24.443956 50.194431
25.394073 49.913799
26.657763 49.635464
28.300756 49.359409
30.078802 49.085617
32.254711 48.814075
32.399837 48.544765
39.507675 0.000000
45.919106 0.000000
55.244087 0.000000
0.000000 0.000000
0.000000 0.000000
0.000000 0.000000
0.000000 0.000000
0.000000 0.000000
0.000000 0.000000
0.000000 0.000000
0.000000 0.000000
0.000000 0.000000
0.000000 0.000000
0.000000 0.000000
0.000000 0.000000
0.000000 0.000000
0.000000 0.000000
58.172554 46.847610
0.000000 0.000000
61.557072 46.974934
62.956165 47.102787
64.411491 47.231174
66.074959 47.231174
67.496475 47.489555
69.489143 47.619549
71.192200 47.750088
73.339134 47.881165
75.173523 48.012791
79.919403 48.144958
80.607552 48.410946
83.088776 48.544765
86.505363 48.679142
86.039688 48.814075
87.763023 49.085617
90.451141 49.222229
92.272453 49.359409
94.537773 49.359409
96.788979 49.359409
98.130104 49.359409
99.462318 49.359409
99.462318 49.359409
99.827721 49.222229
98.880661 49.085617
97.943474 48.949566
97.016502 48.814075
96.532135 48.679142
96.434738 48.410946
95.155586 48.410946
0.000000 153.676697
0.000000 153.068451
0.000000 152.818893
0.000000 152.565018
0.000000 152.318939
0.000000 152.189575
0.000000 151.794769
0.000000 151.794769
0.000000 152.059113
89.578712 23.962490
0.000000 152.189575
0.000000 152.330887
0.000000 151.943848
0.000000 151.959839
0.000000 151.830093
0.000000 152.088501
0.000000 152.088501
0.000000 151.959839
0.000000 152.073975
0.000000 152.202972
89.578712 24.183611
0.000000 151.389542
0.000000 151.525803
89.151237 24.061317
0.000000 151.366470
0.000000 150.945389
87.455193 23.838739
86.608658 23.838739
86.608658 23.838739
0.000000 150.068481
0.000000 149.456757
85.341743 23.838739
84.499588 23.838739
83.190948 23.937643
82.769760 23.937643
82.769760 23.937643
81.093254 23.937643
80.744270 23.838739
79.508522 23.838739
79.098732 23.838739
77.962799 23.740604
77.962799 23.740604
76.456825 23.643227
0.000000 142.409439
73.723740 24.084864
0.000000 138.593567
0.000000 137.806366
0.000000 135.293823
0.000000 133.191254
0.000000 130.552612
0.000000 128.803589
0.000000 124.231857
0.000000 122.164391
0.000000 116.800835
0.000000 114.399437
0.000000 0.000000
0.000000 0.000000
0.000000 0.000000
0.000000 0.000000
0.000000 0.000000
0.000000 0.000000
0.000000 0.000000
0.000000 0.000000
0.000000 0.000000
0.000000 0.000000
0.000000 0.000000
0.000000 0.000000
0.000000 0.000000
0.000000 0.000000
0.000000 0.000000
0.000000 0.000000
0.000000 0.000000
0.000000 0.000000
58.934834 0.000000
55.823013 0.000000
52.431408 0.000000
49.899094 0.000000
47.002533 0.000000
45.000000 0.000000
42.273689 0.000000
40.777771 0.000000
38.576530 0.000000
37.504143 0.000000
36.339397 0.000000
30.196020 52.674480
29.953608 52.825745
29.571259 52.977619
29.190311 53.130104
29.054605 53.130104
28.920044 53.130104
28.654316 53.130104
28.523119 53.130104
28.393019 53.130104
28.393019 53.130104
28.393019 53.130104
28.393019 53.130104
28.393019 53.130104
28.393019 53.130104
28.393019 53.130104
28.523119 53.130104
28.393019 53.130104
28.393019 53.130104
28.523119 53.130104
28.523119 53.130104
28.523119 53.130104
28.523119 53.130104
28.393019 53.130104
28.393019 53.130104
28.136061 53.130104
28.009176 53.130104
28.009176 53.130104
28.009176 53.130104
27.883341 53.130104
27.758541 53.130104
27.883341 53.130104
27.758541 53.130104
27.634766 53.130104
27.634766 53.130104
27.634766 53.130104
27.634766 53.130104
27.758541 53.130104
27.883341 53.130104
27.634766 53.130104
28.393019 0.000000
28.178589 0.000000
28.178589 0.000000
27.552811 0.000000
26.952179 0.000000
26.565052 0.000000
25.820992 0.000000
25.114836 0.000000
24.608503 0.000000
24.443956 0.000000
23.962490 0.000000
23.498566 0.000000
23.051302 0.000000
22.619865 0.000000
22.067900 0.000000
21.540977 0.000000
21.037512 0.000000
20.674425 0.000000
20.208569 0.000000
19.762423 0.000000
19.334808 0.000000
19.127609 0.000000
18.627863 0.000000
18.434950 0.000000
18.434950 0.000000
18.339931 0.000000
18.627863 0.000000
18.924644 0.000000
19.334808 0.000000
19.259293 0.000000
18.434950 0.000000
17.230053 0.000000
21.286406 0.000000
21.670448 0.000000
22.067900 0.000000
22.203480 0.000000
22.340649 0.000000
21.326218 0.000000
21.037512 0.000000
21.172579 0.000000
20.687658 0.000000
20.820892 0.000000
20.336185 0.000000
19.983107 0.000000
19.272198 0.000000
18.555065 0.000000
18.313816 0.000000
17.468023 0.000000
17.102730 0.000000
17.102730 0.000000
16.735996 0.000000
12.399667 0.000000
13.557193 0.000000
14.220770 0.000000
11.929322 0.000000
11.234445 0.000000
4.858463 67.993080
4.528824 68.198593
4.184916 68.404686
3.887909 68.611374
3.559267 68.818649
343.786621 0.000000
356.633545 0.000000
3.990913 68.404686
356.231476 0.000000
3.746162 0.000000
14.275306 0.000000
14.356776 0.000000
14.931417 0.000000
14.449030 0.000000
14.287171 0.000000
14.953566 0.000000
14.953566 0.000000
14.953566 0.000000
14.372778 0.000000
13.952478 0.000000
13.201087 0.000000
13.455843 0.000000
13.045637 0.000000
12.639062 0.000000
12.745290 0.000000
12.672316 0.000000
12.209120 0.000000
12.140248 0.000000
12.633362 0.000000
13.041890 0.000000
13.204833 0.000000
10.388858 0.000000
20.893993 54.372093
22.121943 53.130104
24.542435 52.409439
24.641661 50.785557
26.029593 48.979382
27.313274 47.193233
29.031322 45.000000
29.715767 43.830860
27.979475 31.090611
27.885466 31.218403
27.897272 31.347143
27.588081 31.476839
27.384970 31.607504
27.076607 31.739140
26.869812 31.739140
26.464001 31.871765
25.964067 32.005383
25.165434 32.412308
24.775141 32.550003
24.389055 32.688744
24.007147 32.828541
32.550003 0.000000
33.986168 0.000000
34.307789 0.000000
35.537678 0.000000
35.217594 0.000000
33.377834 0.000000
34.286877 0.000000
30.018368 0.000000
30.685175 0.000000
33.111343 0.000000
32.275642 0.000000
32.005383 0.000000
31.476839 0.000000
30.963758 0.000000
29.981640 0.000000
29.281427 0.000000
28.830969 0.000000
28.830969 0.000000
28.393019 0.000000
22.249023 0.000000
25.472101 30.173519
24.761057 26.565052
25.103275 30.173519
24.818209 30.465546
24.443956 30.465546
24.255987 28.967659
23.962490 30.913275
23.581652 28.995960
23.116545 31.218403
22.732336 30.191622
22.345955 31.218403
21.879150 29.024933
21.684637 29.971495
21.412970 30.496260
21.336859 31.528990
21.336859 30.806496
21.111593 32.005383
20.890825 32.330185
20.890825 32.828541
20.890825 33.340706
20.963923 34.045937
21.037512 34.777832
20.890825 36.199802
21.186176 38.233826
21.037512 40.563526
21.186176 42.729549
21.261263 46.041626
21.336859 48.492592
21.336859 51.280006
21.336859 53.682526
21.412970 56.421185
21.489599 58.824299
21.336859 61.389542
21.489599 63.624668
21.644436 65.949699
21.644436 68.362061
21.644436 71.003342
21.801411 74.180809
22.040972 77.774879
22.203480 81.326828
22.368275 85.563522
22.535408 88.976967
22.619865 92.626404
22.876871 96.398956
23.346184 100.551811
24.031492 104.322723
25.030708 107.281502
26.044195 110.629883
27.095552 110.942650
0.000000 168.804886
0.000000 169.640945
0.000000 169.586182
0.000000 170.134186
0.000000 171.652039
0.000000 171.043365
0.000000 171.607071
0.000000 171.347458
0.000000 170.690063
0.000000 171.347458
0.000000 170.134186
0.000000 170.837646
0.000000 171.660019
0.000000 171.541092
0.000000 171.950943
0.000000 171.085068
0.000000 170.448364
0.000000 170.190704
0.000000 169.602661
0.000000 169.286880
0.000000 168.835114
0.000000 168.359421
0.000000 168.413727
0.000000 168.419388
0.000000 168.424805
0.000000 168.385544
0.000000 168.303223
0.000000 168.055817
0.000000 168.055817
0.000000 168.144409
0.000000 167.726151
0.000000 167.101242
0.000000 167.101242
0.000000 167.101242
0.000000 167.471191
0.000000 167.005386
0.000000 166.956924
0.000000 166.956924
0.000000 167.965927
0.000000 167.828537
0.000000 167.997711
0.000000 167.858490
0.000000 167.716049
0.000000 167.744980
0.000000 167.905243
0.000000 167.837799
0.000000 168.201202
0.000000 168.639771
0.000000 168.586639
0.000000 169.215698
0.000000 169.646683
0.000000 169.597748
0.000000 169.597748
0.000000 169.448196
0.000000 169.845734
0.000000 169.415298
0.000000 169.362793
0.000000 169.643967
0.000000 169.824493
0.000000 169.773148
0.000000 169.668900
0.000000 169.957977
0.000000 169.906479
0.000000 170.146927
0.000000 170.095810
0.000000 170.044189
0.000000 170.197510
0.000000 170.247574
0.000000 170.585831
0.000000 170.828278
0.000000 170.297150
0.000000 170.297150
0.000000 170.109390
0.000000 169.975510
0.000000 169.745834
0.000000 169.135941
0.000000 167.784286
0.000000 165.225449
0.000000 160.237579
0.000000 158.459015
0.000000 155.961060
0.000000 152.878693
0.000000 148.804901
0.000000 144.688782
0.000000 141.009003
0.000000 136.636581
0.000000 131.478546
0.000000 125.776077
0.000000 122.307335
0.000000 118.551392
0.000000 115.159302
0.000000 112.873665
45.279488 19.276098
43.602818 19.573126
41.987213 19.674099
39.454681 20.301559
37.423843 20.854458
33.906277 21.557079
29.419075 22.435888
27.079670 23.385221
23.922506 24.722839
20.112587 25.866358
17.130301 27.112448
27.198128 18.741341
27.407576 16.203775
26.984024 6.823462
26.773020 6.234480
26.980230 4.950273
26.875315 3.960312
26.462187 359.623047
26.360058 1.602261
26.154337 358.619659
26.053495 357.669495
26.157984 356.784515
25.953375 355.030273
25.755272 354.289398
25.860218 353.496948
25.762362 351.910614
25.769327 351.427002
26.066839 350.954193
26.168547 350.170105
25.969275 349.943726
26.171947 348.040222
26.071135 347.292877
26.075356 348.421570
26.171947 347.886169
321.540375 0.000000
25.974394 346.557129
25.585732 346.493652
320.161102 0.000000
321.589111 0.000000
322.076385 0.000000
351.979309 78.460701
353.893921 76.639786
357.743195 73.300758
359.380615 71.995842
1.005086 70.922913
3.788890 69.443954
16.227362 63.626255
0.000000 102.994614
0.000000 123.070679
0.000000 127.042473
0.000000 124.346100
0.000000 129.237366
0.000000 131.987213
0.000000 131.689056
0.000000 129.644180
0.000000 128.945801
0.000000 128.386536
23.765297 64.798874
23.369114 66.170547
23.055567 66.974510
22.737930 68.611374
22.332289 69.863693
22.500605 71.995842
22.757637 73.610458
22.963774 74.948784
23.139462 76.759483
23.525652 78.503433
23.616364 79.438988
23.916245 80.776077
24.008902 81.732826
17.062857 0.000000
17.142782 0.000000
17.223436 0.000000
17.566898 0.000000
17.566898 0.000000
17.734118 0.000000
17.997585 0.000000
18.434950 0.000000
18.879093 0.000000
19.062576 0.000000
18.886087 0.000000
19.456322 0.000000
19.276098 0.000000
19.674099 0.000000
19.879074 0.000000
19.983107 0.000000
19.903749 0.000000
20.301559 0.000000
19.903749 0.000000
26.019394 100.738899
25.912756 103.684021
25.484127 106.470428
25.391560 108.285355
25.391560 109.493065
25.513870 110.441795
25.733229 110.323135
26.150623 110.071526
26.255905 109.798874
26.462187 109.344330
26.462187 109.005981
26.565052 108.239403
26.358208 107.840202
26.356325 107.007950
26.146841 107.198540
26.142990 107.198540
26.039417 106.762558
25.709955 106.762558
25.814026 106.762558
25.484127 106.762558
25.380533 106.762558
25.380533 106.574005
24.943907 106.762558
24.943907 106.762558
24.741644 106.574005
24.842388 106.574005
24.741644 106.574005
24.641661 106.574005
24.641661 106.762558
24.542435 106.762558
24.641661 105.945396
24.641661 106.574005
24.641661 106.127579
24.542435 106.127579
24.542435 105.945396
24.346214 105.945396
24.443956 106.574005
24.542435 106.762558
24.346214 106.574005
24.346214 106.762558
24.249205 106.574005
24.249205 106.574005
24.249205 106.574005
24.152918 107.393318
24.152918 107.393318
24.152918 107.393318
24.152918 108.225075
24.057350 108.225075
24.057350 108.004158
23.962490 108.004158
23.962490 106.955315
23.962490 106.504364
23.962490 107.102730
23.962490 107.102730
23.962490 106.630951
23.962490 107.311646
24.057350 107.102730
23.868330 106.630951
23.962490 106.898651
23.868330 106.630951
23.868330 106.429298
23.868330 107.102730
24.102234 106.699242
24.079994 107.102730
24.102234 107.102730
24.102234 107.102730
24.196253 106.429298
24.196253 107.771324
23.985903 106.699242
23.985903 107.560272
23.868330 106.699242
23.868330 106.898651
23.868330 107.560272
23.868330 106.898651
23.962490 106.898651
23.962490 107.560272
23.962490 107.102730
24.057350 107.102730
23.962490 107.102730
23.962490 106.630951
23.962490 106.429298
24.152918 106.429298
24.057350 106.429298
24.152918 106.429298
24.152918 105.751175
24.152918 106.429298
24.152918 106.429298
24.249205 106.429298
24.152918 105.751175
24.152918 105.751175
24.152918 105.751175
24.152918 106.429298
24.249205 105.945396
24.249205 105.751175
24.152918 106.630951
24.152918 105.945396
24.249205 105.945396
24.152918 105.751175
24.249205 105.945396
24.249205 105.751175
24.249205 105.945396
24.152918 105.945396
24.249205 106.144341
24.249205 105.255119
24.249205 105.945396
24.249205 105.945396
24.249205 105.751175
24.249205 105.945396
24.249205 105.255119
24.249205 105.255119
24.152918 106.144341
24.249205 106.144341
24.152918 105.446320
24.152918 106.144341
24.152918 106.144341
24.152918 105.642250
24.152918 106.348167
24.152918 106.348167
24.249205 105.642250
24.152918 105.255119
24.152918 106.348167
24.057350 106.348167
24.152918 105.642250
24.152918 105.642250
24.152918 106.348167
24.057350 105.255119
24.152918 106.348167
24.152918 105.642250
24.057350 106.348167
24.152918 106.348167
24.057350 106.348167
24.152918 106.348167
24.249205 106.348167
24.057350 106.348167
24.057350 105.642250
24.057350 105.642250
24.057350 105.642250
24.152918 106.348167
24.057350 106.348167
24.152918 106.348167
24.152918 105.642250
24.057350 106.348167
24.057350 105.642250
24.057350 105.642250
24.057350 105.642250
24.152918 105.642250
24.152918 105.642250
24.152918 105.642250
24.152918 106.348167
24.152918 105.642250
23.914362 105.642250
23.914362 106.348167
24.443956 106.348167
24.010799 105.642250
24.227745 105.642250
24.010799 105.642250
24.542435 105.642250
23.889626 105.642250
24.010799 106.348167
24.010799 105.642250
24.010799 105.642250
24.010799 105.642250
24.010799 105.642250
24.010799 104.931419
24.443956 104.931419
24.107971 105.642250
24.107971 105.642250
23.889626 105.642250
24.325575 105.642250
23.889626 105.642250
23.889626 104.931419
24.542435 104.931419
24.325575 104.931419
24.325575 104.931419
24.325575 104.931419
24.542435 104.215851
24.443956 104.931419
24.443956 104.931419
24.443956 104.931419
24.443956 104.931419
24.346214 104.931419
24.443956 104.931419
24.443956 104.931419
24.346214 104.931419
24.249205 104.931419
24.346214 104.931419
24.561045 104.931419
25.188522 104.931419
25.188522 104.931419
25.504139 104.215851
25.606661 104.931419
25.709955 105.642250
25.597672 105.642250
25.806929 105.642250
25.693701 105.642250
25.579180 104.931419
25.357847 104.931419
25.357847 104.931419
25.357847 104.931419
25.473835 105.642250
25.588514 105.642250
25.494226 105.642250
25.606661 105.642250
25.504139 105.642250
25.402382 105.642250
25.201124 105.642250
25.423439 105.642250
25.312883 105.642250
25.532806 105.642250
25.423439 105.642250
25.413006 106.348167
25.201124 105.642250
25.523426 105.446320
25.413006 106.144341
25.301378 106.348167
25.717855 106.144341
25.814026 106.630951
26.565052 107.987335
27.004089 108.657890
27.793427 110.637550
28.732584 112.567009
29.744883 113.824257
31.338848 115.016891
32.514534 116.565048
33.690067 117.450996
35.041931 118.610458
36.050541 120.068581
37.528442 121.607498
39.362457 124.195602
40.364536 124.992020
41.257011 126.193207
41.149361 127.635254
41.867535 128.990997
42.384247 130.656769
43.515987 131.467712
44.693607 132.929962
45.622757 133.994919
45.949566 135.327393
46.909153 136.287323
47.239475 137.214752
47.878372 138.772278
47.878372 139.351074
48.179829 140.863876
48.856800 141.745575
49.200623 142.957520
49.844002 143.471146
50.548466 144.314789
50.839493 145.728851
50.839493 146.540497
51.126934 147.778732
51.058987 149.311035
51.691265 150.449829
51.691265 151.699249
51.340191 152.579849
51.340191 153.772980
52.045769 154.937988
52.045769 155.924500
52.045769 157.238037
51.766174 158.614273
51.691265 158.962494
52.045769 159.793579
52.403728 161.565048
51.691265 162.897278
50.992527 165.118469
50.307327 167.300415
49.635464 169.624161
48.652222 172.325516
48.576336 174.957550
48.576336 177.830750
48.613880 181.342621
48.934780 184.610657
48.652222 187.657715
48.976730 191.309937
49.304466 193.298569
49.635464 195.662109
49.969742 197.604630
50.307327 194.553574
50.648247 195.871185
50.992527 195.255127
51.340191 185.247131
51.691265 184.763641
52.045769 185.411865
52.403728 186.604828
52.765167 187.275009
52.765167 187.957520
52.765167 188.746155
52.765167 189.462326
53.130104 186.410843
53.130104 187.288956
53.498558 188.035706
53.498558 188.797409
53.130104 188.901718
53.498558 188.901718
53.498558 189.688782
53.498558 188.901718
53.498558 188.901718
53.498558 188.226715
53.870556 188.130096
53.870556 187.288956
54.246113 190.933823
54.625248 190.696518
55.394325 189.162354
55.007980 188.972626
54.625248 188.790543
54.625248 187.969604
55.007980 187.334381
54.625248 186.581940
54.625248 185.924576
54.246113 185.290085
54.246113 184.159637
54.246113 184.122299
54.246113 183.039398
54.246113 182.986633
54.246113 183.945190
54.246113 184.398712
54.246113 183.423874
54.246113 181.958069
54.625248 179.012238
53.870556 175.486008
53.498558 172.371857
52.403728 166.342361
50.992527 160.382126
49.969742 155.418427
48.012791 149.534454
46.169140 142.125015
44.432735 136.909149
42.015717 130.683975
40.322582 122.005386
38.884495 111.412971
36.938763 94.864517
35.537678 73.300758
33.514584 51.340191
32.167053 32.855721
30.613482 23.404690
29.465221 0.674037
28.523119 359.459503
27.758541 358.074829
27.269470 354.408447
26.796080 352.966583
23.164179 351.573029
22.959717 349.934021
22.619865 349.066193
1.814192 338.654205
2.082565 338.875275
348.202759 0.000000
348.424805 0.000000
347.834961 0.000000
346.607513 0.000000
345.406738 0.000000
344.054596 0.000000
342.967102 0.000000
342.779633 0.000000
342.664825 0.000000
342.664825 0.000000
341.861908 0.000000
341.565063 0.000000
340.872375 0.000000
358.781128 72.645973
358.531189 72.863724
0.000000 71.565048
0.240737 71.350464
0.000000 71.565048
359.759277 71.780174
359.277832 72.212029
358.791412 72.645973
358.301056 73.081985
357.816040 73.520027
357.101410 74.180809
356.860352 74.402039
356.619354 74.623749
356.633545 74.623749
356.633545 74.623749
356.619354 74.623749
356.619354 74.623749
356.619354 74.623749
356.860352 74.402039
356.833679 74.402039
356.833679 74.402039
356.847076 74.402039
356.860352 74.402039
356.860352 74.402039
356.633545 74.623749
356.378510 74.845932
356.137787 75.068581
356.137787 75.068581
356.137787 75.068581
356.170013 75.068581
356.153961 75.068581
356.137787 75.068581
356.378510 74.845932
356.363220 74.845932
356.590668 74.623749
356.820160 74.402039
356.833679 74.402039
356.590668 74.623749
356.590668 74.623749
356.363220 74.845932
356.363220 74.845932
355.862396 75.291695
355.879883 75.291695
355.879883 75.291695
354.915039 76.188667
354.915039 76.188667
355.176331 75.963760
355.176331 75.963760
354.936371 76.188667
354.936371 76.188667
355.656769 75.515266
355.638428 75.515266
354.936371 76.188667
354.957550 76.188667
355.897217 75.291695
355.914368 75.291695
355.914368 75.291695
355.435638 75.739288
355.435638 75.739288
355.216522 75.963760
355.236359 75.963760
354.999359 76.188667
354.077637 77.092590
354.101929 77.092590
354.077637 77.092590
354.101929 77.092590
353.892822 77.319618
354.570831 76.639786
354.570831 76.639786
354.548462 76.639786
354.784149 76.414009
354.762512 76.414009
354.525879 76.639786
354.289398 76.865974
355.473511 75.739288
354.999359 76.188667
354.978546 76.188667
355.216522 75.963760
355.216522 75.963760
355.435638 75.739288
355.897217 75.291695
355.656769 75.515266
355.416473 75.739288
355.397125 75.739288
355.638428 75.515266
355.619934 75.515266
355.638428 75.515266
355.619934 75.515266
355.601288 75.515266
355.619934 75.515266
355.156006 75.963760
355.619934 75.515266
355.619934 75.515266
355.619934 75.515266
355.416473 75.739288
355.416473 75.739288
355.397125 75.739288
354.696594 76.414009
355.176331 75.963760
355.216522 75.963760
355.216522 75.963760
355.216522 75.963760
355.196503 75.963760
355.416473 75.739288
355.435638 75.739288
355.435638 75.739288
355.176331 75.963760
354.480164 76.639786
355.176331 75.963760
354.696594 76.414009
355.156006 75.963760
355.397125 75.739288
355.176331 75.963760
355.397125 75.739288
355.135498 75.963760
354.893524 76.188667
354.651733 76.414009
354.651733 76.414009
355.357971 75.739288
355.357971 75.739288
355.338135 75.739288
354.093872 76.865974
354.582977 76.414009
354.827850 76.188667
6.115504 343.591431
5.931527 348.075470
5.542992 347.780701
5.542992 347.980988
5.758260 347.850922
5.782393 348.616150
5.782393 347.820831
5.542992 348.530457
5.519846 350.063599
5.758260 350.331329
5.758260 350.115875
5.758260 351.093262
5.758260 351.621338
5.996474 351.936768
5.996474 353.494385
6.234480 355.192047
6.445418 357.165894
7.154520 4.447385
8.063246 11.003541
9.229886 33.178513
10.346684 52.549423
12.402884 72.758545
13.811335 87.397438
14.260712 98.930588
15.154069 104.588921
15.819194 108.657890
16.479973 111.181351
17.367449 113.629379
17.934250 115.463348
18.863588 116.029587
20.420015 117.349876
20.987846 119.389008
21.715830 120.379128
22.102737 121.349579
22.317186 122.300415
22.494295 122.932236
22.494295 124.143585
22.890553 123.690063
22.982147 124.143585
23.291552 124.143585
23.385221 124.143585
23.479603 124.592285
23.479603 125.348167
23.793118 124.902496
24.107971 124.451935
24.205885 124.592285
24.424150 124.451935
24.424150 123.996460
24.641661 123.996460
24.523478 123.690063
24.741644 123.996460
24.943907 123.996460
24.842388 124.451935
25.463345 124.451935
25.463345 123.996460
25.046200 123.845337
25.676815 124.765198
25.046200 124.765198
25.046200 124.307785
25.569664 124.765198
24.943907 125.217590
25.569664 125.217590
24.943907 125.665001
25.569664 124.902496
24.842388 125.348167
24.842388 124.902496
25.463345 126.107452
24.741644 125.348167
25.357847 124.451935
24.943907 125.217590
25.463345 125.665001
24.842388 126.107452
25.463345 125.665001
24.842388 126.107452
25.357847 126.544968
24.842388 126.544968
25.463345 126.977600
24.842388 126.656113
24.842388 126.224945
25.463345 126.656113
24.741644 126.656113
24.741644 125.909729
24.741644 126.339401
24.943907 126.869896
24.842388 127.600403
25.357847 127.694244
25.357847 128.185638
25.357847 128.269516
24.943907 128.500656
25.357847 128.820068
25.357847 128.820068
25.253162 129.143982
25.046200 128.659805
25.046200 128.576538
24.842388 128.157227
24.741644 127.733047
24.542435 127.733047
24.346214 126.977600
24.249205 126.544968
23.498566 126.869896
23.774866 126.544968
23.051302 127.199814
22.876871 126.977600
22.704924 126.656113
22.535408 127.303947
22.368275 127.405357
22.203480 127.303947
22.121943 127.199814
21.960564 125.406860
21.960564 122.380676
21.880713 117.428741
22.040972 109.983109
22.121943 98.686356
22.040972 83.190948
22.040972 69.145538
22.040972 57.917812
21.960564 36.444443
21.960564 10.512627
21.960564 7.740341
22.040972 4.969741
22.040972 2.622401
22.121943 0.806929
22.121943 356.987213
22.121943 357.273682
22.285587 355.319550
22.368275 353.659821
22.368275 353.820068
22.368275 359.260742
22.535408 0.389761
22.535408 2.002533
22.619865 3.468229
22.535408 4.911788
22.451548 5.314546
22.451548 5.710593
22.451548 5.582606
21.513906 5.267697
20.736708 4.830420
20.607920 5.053826
20.607920 10.573524
20.453041 12.042576
20.453041 13.219085
20.376436 14.858614
20.149879 17.354025
20.224859 20.510859
21.880713 24.476162
21.880713 26.916555
21.722652 31.557133
21.566751 33.901100
21.644436 36.869896
21.644436 38.659809
21.801411 38.659809
21.801411 36.507271
21.880713 37.998734
21.960564 37.782619
22.040972 37.568592
22.121943 36.518394
22.203480 37.146687
22.121943 37.146687
22.285587 37.146687
22.285587 36.938763
22.285587 37.146687
22.704924 37.146687
23.169283 37.631947
23.782030 38.390057
24.278414 39.362457
25.237579 29.314095
25.649210 29.054605
25.237579 29.314095
25.127823 29.445429
24.727314 29.577839
25.433685 29.314095
25.733229 29.314095
26.350462 29.445429
27.562361 29.314095
28.855659 29.183825
35.290562 73.128571
29.938339 32.704735
30.735487 32.704735
31.660751 32.568138
32.535069 32.568138
33.297100 32.568138
42.273689 124.003723
43.218040 128.259949
44.479145 131.750885
45.806931 135.245911
47.202599 138.166321
48.101665 139.470825
49.619923 142.861420
50.946861 146.216919
52.086895 147.783447
53.484322 149.719666
54.566685 150.336914
56.056412 151.811020
56.567440 153.874542
58.144867 156.168091
58.547939 157.899872
59.606739 159.217346
61.039944 161.154343
61.699245 162.606674
62.560272 163.141602
63.434948 164.475891
64.306297 164.775574
64.306297 166.924423
63.868999 167.750870
65.394875 169.592285
66.037514 170.925247
64.722282 171.253845
66.736816 171.926788
66.736816 172.216446
67.190292 173.840836
66.929588 175.030258
67.190292 176.682220
67.190292 176.633545
68.385223 176.185928
66.929588 174.417389
66.736816 174.332718
65.637543 174.332718
68.385223 174.766144
68.385223 175.539154
69.034286 175.539154
66.736816 174.369324
68.853905 174.485092
68.198593 174.173660
64.746834 174.029984
65.839088 174.143982
67.729729 173.581207
64.746834 173.391541
67.141235 171.585312
67.340645 169.665497
67.141235 169.438995
66.665955 166.419083
67.141235 165.068588
67.536789 162.610138
66.665955 161.660065
66.868576 160.625854
66.868576 160.067459
67.067902 158.688751
66.399811 157.492615
66.194054 156.571304
65.725555 154.474213
65.934372 152.783890
65.725555 150.887161
65.680695 148.352310
64.798874 146.485413
65.013565 144.500244
60.561512 141.918381
64.798874 140.785553
63.434948 136.520767
63.886086 134.733505
62.311646 130.971741
62.525566 128.904144
61.594753 127.593094
60.446316 126.057243
60.642246 126.541092
60.190887 126.552475
59.481770 128.047043
59.036243 129.316284
58.324532 131.185928
57.449997 131.325500
57.019001 132.150528
57.449997 133.976974
57.449997 135.250198
57.449997 135.979324
57.724358 135.744064
57.449997 135.252411
57.449997 133.692108
57.724358 131.221802
58.157543 129.805573
57.724358 124.824493
57.724358 122.050140
57.449997 117.919769
57.019001 113.604118
56.309933 109.983109
55.175510 105.883850
54.047573 102.824402
53.637135 99.019325
53.031658 96.788979
52.733601 93.632950
52.341228 91.353195
51.568764 89.090622
51.188614 87.709389
51.188614 86.308617
43.393997 33.976543
43.408859 33.832771
43.152390 33.832771
43.169250 33.690067
42.646702 33.832771
42.667976 33.690067
42.420853 33.690067
42.420853 33.690067
41.507408 34.562527
41.507408 34.562527
41.760300 34.562527
42.015717 34.562527
41.507408 34.562527
41.507408 34.562527
41.257011 34.562527
41.507408 34.562527
41.257011 34.562527
41.507408 34.562527
41.760300 34.562527
41.507408 34.562527
41.507408 34.562527
42.015717 34.562527
42.015717 34.562527
41.760300 34.562527
41.760300 34.562527
43.169250 33.690067
47.694283 87.089165
50.931526 90.000000
48.814075 93.231010
49.674164 96.897430
51.259033 101.309929
51.666660 105.101097
52.078922 109.392067
54.137150 114.050301
55.097504 116.939529
55.548065 119.744881
55.548065 122.092590
55.234802 124.027756
55.548065 126.145691
54.651833 128.290161
54.651833 131.335815
54.651833 132.557587
54.963802 134.735962
54.090275 137.063812
54.651833 139.049591
54.090275 141.230316
54.524666 142.305756
54.090275 143.471146
54.400780 144.147079
53.972626 144.267838
53.549076 144.926239
54.833565 144.926239
53.972626 145.199326
54.706654 145.750977
54.706654 146.592178
54.280045 147.709381
54.706654 148.979340
55.137802 150.214539
55.437477 150.694916
55.437477 151.287369
55.437477 152.286316
55.007980 153.149185
56.164879 153.290985
55.871452 153.581116
56.601513 153.583008
56.453892 153.737305
56.453892 153.886093
56.601513 154.334808
56.888657 154.622253
57.171459 154.622253
57.171459 154.323181
57.171459 153.583008
57.608608 152.993088
57.608608 153.289154
57.885170 153.579269
57.885170 153.292770
57.608608 153.292770
57.885170 152.434875
57.885170 151.260208
58.324532 151.073578
58.324532 149.093597
58.768089 148.570435
58.324532 147.739655
58.324532 148.212753
57.885170 148.281631
58.324532 149.209686
58.324532 148.240524
57.885170 148.633972
58.324532 148.281631
58.324532 147.814896
58.324532 147.555298
58.324532 146.976135
57.608608 146.500610
57.608608 146.214905
57.885170 146.689362
57.608608 146.216919
58.050030 146.962051
58.050030 146.125397
57.608608 145.369202
57.771244 144.782410
58.050030 144.462326
57.608608 143.765137
58.050030 143.343887
58.050030 142.844696
58.050030 144.130173
58.050030 144.050720
58.495731 143.408905
58.945728 143.481598
58.495731 143.343887
58.945728 144.211029
58.495731 144.833557
58.768089 146.500610
58.050030 148.458679
57.885170 150.007263
57.885170 150.913193
57.449997 152.241455
57.724358 153.584930
57.724358 154.962479
57.724358 156.250504
57.724358 157.270264
58.425808 159.357986
58.425808 159.532440
57.994617 160.426880
58.425808 160.374313
58.690048 160.201126
58.690048 160.584534
58.690048 161.854416
59.123188 162.309113
59.123188 162.790436
59.381393 163.779800
59.381393 165.963760
59.381393 169.412674
59.816319 170.716446
59.816319 171.634109
60.068489 170.256363
60.068489 169.271133
60.505047 167.863174
60.505047 166.263733
60.505047 165.488937
60.945396 168.818253
60.751175 169.992020
60.751175 172.234833
61.189205 173.728928
60.751175 173.990997
60.751175 174.805573
59.886265 174.454681
59.459396 173.259949
59.036243 172.568588
58.616810 171.936752
57.789074 170.764435
57.380756 169.298645
56.976131 169.114471
56.575188 166.664886
55.394325 164.886520
55.007980 163.072479
55.007980 162.299576
55.275360 161.444931
56.056412 161.207703
56.821487 161.095428
57.072140 160.744919
55.922806 160.519196
56.575188 159.829346
55.007980 160.078674
54.625248 160.201126
54.893921 160.322144
56.048904 160.322144
56.976131 159.986435
57.380756 160.107742
58.201088 160.227646
59.036243 160.227646
59.886265 160.227646
59.459396 159.896713
60.751175 160.227646
61.189205 160.227646
61.189205 160.227646
61.189205 160.227646
61.189205 160.559967
61.189205 160.559967
60.316860 160.227646
60.751175 160.227646
60.316860 160.441742
61.189205 160.441742
60.751175 160.559967
60.316860 160.346176
60.316860 160.346176
61.189205 160.676819
62.525566 160.792328
62.525566 160.463348
60.316860 160.253159
61.630955 160.253159
64.358994 160.369293
66.250504 160.162613
67.706375 159.959045
71.221970 160.277725
72.255325 159.443954
71.221970 159.561050
70.709953 159.676865
69.695526 159.676865
68.198593 160.301376
66.250504 159.904770
64.358994 159.791428
62.978420 159.482483
61.232349 158.749496
60.851929 158.198593
60.488503 157.638107
59.349331 156.487823
59.036243 155.441803
57.994617 153.754150
57.949856 152.616501
57.464931 151.774673
56.534618 150.580933
56.309933 149.102631
55.771454 147.619324
54.946007 145.864059
0.000000 172.082489
0.000000 171.544968
0.000000 171.119339
0.000000 170.272415
0.000000 169.583969
0.000000 168.857117
0.000000 167.874680
0.000000 167.275650
0.000000 166.851135
0.000000 166.243790
0.000000 166.133102
0.000000 165.499832
0.000000 165.194336
0.000000 164.875992
0.000000 164.544006
0.000000 164.611526
0.000000 165.004913
0.000000 165.068588
0.000000 165.004913
0.000000 164.744873
0.000000 164.678497
0.000000 164.611526
0.000000 164.611526
0.000000 164.611526
0.000000 164.611526
0.000000 164.267990
0.000000 164.054596
0.000000 163.982208
0.000000 164.197479
0.000000 164.475891
0.000000 164.544006
0.000000 164.475891
0.000000 164.611526
0.000000 164.678497
0.000000 164.810715
0.000000 164.611526
0.000000 164.475891
0.000000 164.337891
0.000000 164.197479
0.000000 163.982208
0.000000 164.054596
0.000000 164.054596
0.000000 163.982208
0.000000 164.197479
0.000000 164.267990
0.000000 164.337891
0.000000 164.407196
0.000000 164.544006
0.000000 164.678497
0.000000 164.396057
0.000000 164.054596
0.000000 163.691772
0.000000 163.278198
0.000000 162.369919
0.000000 161.637299
0.000000 160.774323
0.000000 159.629639
0.000000 158.702652
0.000000 0.000000
0.000000 0.000000
0.000000 0.000000
0.000000 0.000000
0.000000 0.000000
0.000000 0.000000
0.000000 0.000000
0.000000 0.000000
0.000000 0.000000
0.000000 0.000000
0.000000 0.000000
0.000000 0.000000
0.000000 0.000000
0.000000 0.000000
0.000000 0.000000
0.000000 0.000000
0.000000 0.000000
0.000000 0.000000
0.000000 0.000000
0.000000 0.000000
0.000000 0.000000
0.000000 0.000000
0.000000 0.000000
0.000000 0.000000
0.000000 0.000000
0.000000 0.000000
0.000000 0.000000
0.000000 0.000000
0.000000 0.000000
0.000000 0.000000
0.000000 0.000000
0.000000 0.000000
0.000000 0.000000
0.000000 0.000000
0.000000 0.000000
0.000000 0.000000
0.000000 0.000000
0.000000 0.000000
0.000000 0.000000
0.000000 0.000000
0.000000 0.000000
0.000000 0.000000
0.000000 0.000000
0.000000 0.000000
0.000000 0.000000
0.000000 0.000000
0.000000 0.000000
0.000000 0.000000
0.000000 0.000000
0.000000 0.000000
0.000000 0.000000
0.000000 0.000000
0.000000 0.000000
0.000000 0.000000
0.000000 0.000000
0.000000 0.000000
0.000000 0.000000
0.000000 0.000000
0.000000 0.000000
0.000000 0.000000
0.000000 0.000000
0.000000 0.000000
0.000000 0.000000
0.000000 0.000000
0.000000 0.000000
0.000000 0.000000
0.000000 0.000000
0.000000 0.000000
0.000000 0.000000
0.000000 0.000000
0.000000 0.000000
0.000000 0.000000
0.000000 0.000000
0.000000 0.000000
0.000000 0.000000
0.000000 0.000000
0.000000 0.000000
0.000000 0.000000
0.000000 0.000000
0.000000 0.000000
0.000000 0.000000
0.000000 0.000000
0.000000 0.000000
0.000000 0.000000
0.000000 0.000000
0.000000 0.000000
0.000000 0.000000
0.000000 0.000000
0.000000 0.000000
0.000000 0.000000
0.000000 153.308472
0.000000 153.305618
0.000000 154.338181
0.000000 155.224854
0.000000 156.291153
0.000000 157.126343
0.000000 157.999298
0.000000 158.925049
0.000000 159.562515
0.000000 160.312881
0.000000 161.022339
0.000000 161.487305
0.000000 161.643219
0.000000 161.960190
0.000000 162.274323
0.000000 162.436707
0.000000 162.989243
0.000000 163.300751
0.000000 163.610458
0.000000 163.986755
0.000000 164.396057
0.000000 164.766525
0.000000 165.068588
0.000000 165.004913
0.000000 164.744873
0.000000 164.678497
0.000000 164.987564
0.000000 165.411087
0.000000 165.840134
0.000000 166.148575
0.000000 166.642883
0.000000 166.642883
0.000000 166.890793
0.000000 166.966644
0.000000 167.103195
0.000000 166.985641
0.000000 166.744125
0.000000 165.688965
0.000000 165.256439
0.000000 165.106522
0.000000 165.677277
0.000000 165.749969
0.000000 166.381454
0.000000 166.448715
0.000000 166.171356
0.000000 165.893188
0.000000 165.165009
0.000000 164.393372
0.000000 164.310013
0.000000 164.442322
0.000000 164.525986
0.000000 164.744873
0.000000 164.827087
0.000000 164.272293
0.000000 163.701202
0.000000 164.098618
0.000000 163.790970
0.000000 163.610458
0.000000 163.207489
0.000000 162.704605
0.000000 161.878143
85.186447 17.148731
84.588127 17.148731
84.588127 17.148731
84.644173 17.056967
86.460442 16.966148
85.955513 16.787302
87.686279 16.787302
87.137596 16.699245
88.281639 16.699245
88.854240 16.699245
89.427063 16.699245
90.572937 16.699245
90.572937 16.699245
91.145760 16.699245
91.145760 16.699245
92.290611 16.699245
0.000000 161.754150
0.000000 161.847290
0.000000 162.030853
0.000000 162.121307
0.000000 161.939529
0.000000 161.754150
0.000000 161.372131
0.000000 161.469086
0.000000 161.661667
0.000000 161.958832
0.000000 161.565048
0.000000 161.161560
85.333145 18.047821
0.000000 161.048889
0.000000 160.942291
84.053139 17.945253
0.000000 161.029587
82.724998 17.541327
0.000000 161.122620
0.000000 161.008804
0.000000 161.228683
0.000000 161.104858
0.000000 161.214981
0.000000 161.681274
0.000000 161.447403
0.000000 161.214981
0.000000 160.395905
0.000000 160.173523
0.000000 159.986435
0.000000 160.253159
0.000000 158.962494
0.000000 159.084869
0.000000 158.962494
0.000000 159.084869
0.000000 158.962494
0.000000 159.443954
0.000000 159.443954
0.000000 159.561050
0.000000 159.904770
0.000000 159.904770
0.000000 160.016891
0.000000 160.127823
0.000000 160.237579
0.000000 160.016891
0.000000 159.904770
0.000000 160.016891
0.000000 159.676865
0.000000 159.791428
0.000000 159.904770
0.000000 159.791428
0.000000 159.791428
0.000000 159.791428
0.000000 159.676865
0.000000 159.904770
0.000000 159.676865
0.000000 159.676865
0.000000 159.904770
0.000000 159.791428
0.000000 160.016891
0.000000 159.823135
0.000000 159.934296
0.000000 159.823135
0.000000 159.853729
0.000000 159.555496
0.000000 159.258408
0.000000 159.145538
0.000000 158.616364
0.000000 158.435593
0.000000 158.317703
0.000000 158.020279
0.000000 157.778183
0.000000 157.229614
0.000000 156.408676
0.000000 155.833374
0.000000 155.415131
0.000000 154.358994
0.000000 153.904572
0.000000 152.801880
0.000000 151.990829
0.000000 150.662109
0.000000 150.300842
0.000000 149.167053
0.000000 149.237274
0.000000 149.237274
0.000000 149.715073
0.000000 149.632355
0.000000 149.495651
0.000000 149.879715
0.000000 149.688782
0.000000 149.553574
0.000000 150.117172
0.000000 149.981628
0.000000 150.345276
0.000000 150.875946
0.000000 150.738800
0.000000 150.603943
0.000000 152.030151
0.000000 151.907425
0.000000 152.700424
0.000000 153.863586
0.000000 154.415466
0.000000 155.353226
0.000000 156.721054
0.000000 157.854828
0.000000 159.007141
0.000000 159.590118
0.000000 160.237579
0.000000 160.188522
0.000000 160.227646
0.000000 160.297150
0.000000 159.984039
0.000000 160.050980
0.000000 159.443954
0.000000 158.931030
65.606262 15.808543
63.705208 15.899523
62.354023 15.991528
61.294048 15.991528
60.771950 15.991528
61.059986 15.899523
61.342884 15.808543
62.916451 15.629596
63.434948 15.629596
65.508102 15.454556
66.801407 15.368464
68.091293 15.283302
69.918022 15.199057
71.200111 15.115712
0.000000 157.902100
0.000000 158.270203
0.000000 158.907654
0.000000 159.044220
0.000000 159.044220
0.000000 159.179108
0.000000 159.179108
0.000000 159.179108
0.000000 159.179108
0.000000 159.443954
0.000000 159.486679
0.000000 159.193207
0.000000 159.319305
0.000000 159.239029
0.000000 159.325577
0.000000 159.443954
0.000000 159.676865
0.000000 160.755280
0.000000 161.058014
0.000000 161.154343
0.000000 161.358215
0.000000 161.253098
0.000000 161.039413
0.000000 161.354401
0.000000 161.462189
0.000000 160.649216
0.000000 160.964066
0.000000 160.872391
0.000000 161.372131
0.000000 161.372131
0.000000 161.660065
0.000000 161.754150
0.000000 162.030853
0.000000 161.754150
0.000000 161.847290
0.000000 161.660065
0.000000 161.847290
0.000000 161.754150
0.000000 161.847290
0.000000 162.210876
0.000000 161.106689
0.000000 160.480713
0.000000 158.310928
0.000000 157.285583
0.000000 156.721054
0.000000 153.586929
0.000000 150.980911
0.000000 148.902679
0.000000 145.113953
0.000000 141.921112
0.000000 138.860733
0.000000 137.520828
0.000000 137.202606
0.000000 137.935669
0.000000 139.398712
0.000000 141.102783
0.000000 142.431412
0.000000 143.426971
0.000000 144.968353
0.000000 146.048904
34.286877 81.335861
34.215702 82.942154
33.991226 83.480202
33.991226 84.559669
33.765556 86.221802
33.840057 86.760300
33.840057 87.324570
33.690067 86.729515
33.541248 86.149361
33.541248 85.054031
33.393585 84.507675
33.393585 84.019402
33.393585 83.418053
33.101685 84.019402
33.101685 84.559669
33.101685 84.559669
33.101685 85.146904
33.101685 85.192047
33.101685 85.724159
33.101685 86.790512
33.323261 86.820168
33.323261 86.760300
33.178513 85.643028
33.101685 85.643028
32.814278 85.146904
32.957424 85.643028
32.592583 85.643028
32.592583 86.760300
32.451038 87.324570
32.228760 86.820168
32.228760 87.878906
32.310589 87.878906
32.451038 87.373596
32.451038 87.349312
32.592583 86.790512
32.672230 86.325500
32.672230 86.291573
32.672230 86.877869
33.254368 87.936180
33.111343 89.488441
0.000000 152.650131
34.198383 93.878525
34.711792 96.546288
34.796024 99.827721
35.412167 100.885529
35.886845 103.120399
38.592560 0.000000
0.000000 0.000000
43.025066 0.000000
45.000000 0.000000
47.520828 0.000000
49.513988 0.000000
51.340191 0.000000
53.714733 0.000000
54.605206 0.000000
56.488979 0.000000
59.153412 0.000000
60.875946 0.000000
62.764854 0.000000
37.528442 52.224316
37.815731 52.523823
38.233826 52.523823
38.550465 52.825745
38.769676 52.825745
38.884495 53.130104
39.340519 53.130104
39.571903 53.130104
39.805569 53.130104
40.279865 53.130104
40.520538 53.130104
40.763603 53.130104
41.257011 53.130104
41.507408 53.130104
42.273689 53.130104
42.273689 53.130104
42.273689 53.130104
42.273689 53.130104
42.797401 53.130104
42.797401 53.130104
42.797401 53.130104
42.797401 53.130104
42.797401 53.130104
42.534241 53.130104
42.534241 53.130104
42.534241 53.130104
42.273689 53.130104
42.015717 53.130104
42.273689 53.130104
42.273689 53.130104
41.760300 53.130104
41.257011 53.130104
40.520538 53.130104
40.041550 53.130104
48.330917 114.962791
39.340519 32.799534
78.870811 0.000000
77.005386 0.000000
74.962181 0.000000
71.810951 0.000000
70.851860 0.000000
68.600189 0.000000
67.543060 0.000000
65.556046 0.000000
65.833366 0.000000
65.501427 0.000000
65.772255 0.000000
65.449547 0.000000
63.718590 0.000000
62.037766 0.000000
0.000000 0.000000
0.000000 114.087448
0.000000 109.440033
41.009087 23.025492
39.726105 23.233505
38.467865 23.445099
35.811165 52.753162
34.244015 51.927216
34.824490 32.005383
31.148582 50.578636
30.547573 51.398956
28.300756 51.694229
27.021582 52.523823
26.337688 53.746162
25.784807 54.688786
25.784807 55.653904
25.253162 57.313065
25.357847 59.036243
25.357847 60.461220
25.253162 61.927513
25.253162 63.245853
25.253162 65.136307
25.357847 66.689064
25.357847 68.278946
25.357847 70.054001
25.357847 72.121300
25.357847 74.237854
19.230671 0.000000
25.357847 78.601234
19.334808 0.000000
19.440035 0.000000
19.546368 0.000000
19.546368 0.000000
19.653824 0.000000
19.872175 0.000000
19.872175 0.000000
19.872175 0.000000
19.762423 0.000000
19.762423 0.000000
19.546368 0.000000
19.334808 0.000000
19.127609 0.000000
18.924644 0.000000
18.627863 0.000000
18.434950 0.000000
18.245855 0.000000
17.969139 0.000000
17.969139 0.000000
17.878696 0.000000
17.700428 0.000000
17.789129 0.000000
17.789129 0.000000
17.969139 0.000000
17.969139 0.000000
18.060472 0.000000
18.152706 0.000000
18.245855 0.000000
18.339931 0.000000
18.339931 0.000000
18.434950 0.000000
18.530922 0.000000
18.627863 0.000000
18.725788 0.000000
19.422710 0.000000
21.217970 0.000000
23.241001 0.000000
25.377745 0.000000
27.328949 0.000000
29.224419 0.000000
30.537546 0.000000
0.000000 0.000000
0.000000 0.000000
0.000000 0.000000
0.000000 0.000000
0.000000 0.000000
0.000000 0.000000
0.000000 0.000000
0.000000 0.000000
0.000000 0.000000
0.000000 0.000000
0.000000 0.000000
0.000000 0.000000
0.000000 0.000000
0.000000 0.000000
0.000000 0.000000
0.000000 0.000000
0.000000 0.000000
0.000000 0.000000
0.000000 0.000000
0.000000 0.000000
0.000000 0.000000
0.000000 0.000000
26.016783 0.000000
22.409838 0.000000
19.588400 0.000000
17.248726 0.000000
15.046392 0.000000
14.083208 0.000000
0.000000 0.000000
0.000000 0.000000
0.000000 0.000000
0.000000 0.000000
0.000000 0.000000
0.000000 0.000000
0.000000 0.000000
0.000000 0.000000
0.000000 0.000000
0.000000 0.000000
0.000000 0.000000
0.000000 0.000000
0.000000 0.000000
0.000000 0.000000
0.000000 0.000000
0.000000 0.000000
0.000000 0.000000
0.000000 0.000000
0.000000 0.000000
0.000000 0.000000
0.000000 0.000000
0.000000 0.000000
0.000000 0.000000
0.000000 0.000000
0.000000 0.000000
0.000000 0.000000
0.000000 0.000000
0.000000 0.000000
0.000000 0.000000
0.000000 0.000000
0.000000 0.000000
0.000000 0.000000
0.000000 0.000000
0.000000 0.000000
0.000000 0.000000
0.000000 0.000000
0.000000 0.000000
0.000000 0.000000
0.000000 0.000000
0.000000 0.000000
0.000000 0.000000
0.000000 0.000000
0.000000 0.000000
0.000000 0.000000
0.000000 0.000000
0.000000 0.000000
0.000000 0.000000
0.000000 0.000000
0.000000 0.000000
0.000000 0.000000
0.000000 0.000000
0.000000 0.000000
0.000000 0.000000
0.000000 0.000000
0.000000 0.000000
0.000000 0.000000
0.000000 0.000000
0.000000 0.000000
