0.000000 0.000000
0.000000 0.000000
0.000000 0.000000
0.000000 0.000000
0.000000 0.000000
0.000000 0.000000
0.000000 0.000000
0.000000 0.000000
0.000000 0.000000
0.000000 0.000000
0.000000 0.000000
0.000000 0.000000
0.000000 0.000000
0.000000 0.000000
0.000000 0.000000
0.000000 0.000000
0.000000 0.000000
0.000000 0.000000
0.000000 0.000000
0.000000 0.000000
0.000000 0.000000
0.000000 0.000000
0.000000 0.000000
0.000000 0.000000
0.000000 0.000000
0.000000 0.000000
0.000000 0.000000
0.000000 0.000000
0.000000 0.000000
0.000000 0.000000
0.000000 0.000000
0.000000 0.000000
0.000000 0.000000
0.000000 0.000000
0.000000 0.000000
0.000000 0.000000
0.000000 0.000000
0.000000 0.000000
0.000000 0.000000
0.000000 0.000000
0.000000 0.000000
0.000000 0.000000
0.000000 0.000000
0.000000 0.000000
0.000000 0.000000
0.000000 0.000000
0.000000 0.000000
0.000000 0.000000
0.000000 0.000000
0.000000 0.000000
0.000000 0.000000
0.000000 0.000000
0.000000 0.000000
0.000000 0.000000
0.000000 0.000000
0.000000 0.000000
0.000000 0.000000
0.000000 0.000000
0.000000 0.000000
0.000000 0.000000
0.000000 0.000000
0.000000 0.000000
0.000000 0.000000
0.000000 0.000000
0.000000 0.000000
0.000000 0.000000
0.000000 0.000000
0.000000 0.000000
0.000000 0.000000
0.000000 0.000000
0.000000 0.000000
0.000000 0.000000
0.000000 0.000000
0.000000 0.000000
0.000000 0.000000
0.000000 0.000000
0.000000 0.000000
0.000000 0.000000
0.000000 0.000000
0.000000 0.000000
0.000000 0.000000
0.000000 0.000000
0.000000 0.000000
0.000000 0.000000
0.000000 0.000000
0.000000 0.000000
0.000000 0.000000
0.000000 0.000000
0.000000 0.000000
0.000000 0.000000
0.000000 0.000000
0.000000 0.000000
0.000000 0.000000
0.000000 0.000000
0.000000 0.000000
0.000000 0.000000
0.000000 0.000000
0.000000 0.000000
0.000000 0.000000
0.000000 0.000000
0.000000 0.000000
0.000000 0.000000
0.000000 0.000000
0.000000 0.000000
0.000000 0.000000
0.000000 0.000000
0.000000 0.000000
0.000000 0.000000
0.000000 0.000000
0.000000 0.000000
21.385727 63.434948
21.447737 65.556046
21.550428 67.770378
21.728468 70.312881
22.062862 72.395370
22.492613 74.357750
23.254110 77.047234
24.050299 79.242035
24.682304 81.469231
25.551073 83.157227
26.358208 84.857239
26.987892 85.995827
27.645977 87.709389
28.452019 88.854240
28.711226 89.427063
28.878775 90.000000
29.156919 90.000000
29.080612 90.000000
28.632154 89.432732
28.523119 90.000000
28.523119 90.000000
28.654316 90.000000
28.393019 90.572937
28.264006 91.145760
28.136061 91.145760
27.883341 90.572937
27.883341 89.427063
27.521887 88.854240
25.201124 87.709389
26.446180 87.709389
25.486387 87.137596
25.257698 87.137596
24.553423 86.566368
24.553423 85.995827
24.070339 85.426079
23.962490 85.426079
20.806791 84.857239
20.618189 84.289406
20.772255 84.289406
21.464945 83.224342
20.820892 80.445709
21.439642 76.633072
22.150238 72.255325
22.671343 67.706375
22.040972 63.434948
21.489599 58.431026
20.963923 53.252529
20.462271 47.683777
19.983107 37.002525
19.718843 23.470993
0.000000 256.908112
90.000000 0.000000
278.017090 0.000000
274.879272 0.000000
273.077454 0.000000
272.834106 0.000000
274.197662 0.000000
274.927124 0.000000
275.663696 0.000000
276.736023 0.000000
279.958069 0.000000
279.255737 0.000000
279.200409 0.000000
279.398224 0.000000
279.013214 0.000000
279.651825 0.000000
278.686340 0.000000
278.305664 0.000000
275.273895 0.000000
273.453308 0.000000
272.650696 0.000000
272.385925 0.000000
278.797424 0.000000
282.264771 0.000000
279.130188 0.000000
281.003540 0.000000
288.434937 0.000000
320.194427 0.000000
14.036243 0.000000
0.000000 102.652557
0.000000 101.768288
0.000000 101.070206
0.000000 102.804268
0.000000 100.539185
0.000000 99.246109
0.000000 99.926247
0.000000 98.746162
0.000000 96.009003
0.000000 93.179832
0.000000 91.735703
0.000000 91.789909
88.090851 0.000000
83.659805 0.000000
77.735229 0.000000
70.709953 0.000000
70.709953 0.000000
72.349876 0.000000
67.833656 0.000000
59.300278 0.000000
49.267891 0.000000
5.262395 0.000000
18.716269 59.388611
15.030430 60.101097
16.361076 59.036243
15.149212 59.388611
14.206766 59.743565
13.818597 59.565765
12.228591 60.280834
12.228591 60.280834
12.183657 60.280834
11.768289 60.642246
11.976132 60.461220
12.183657 60.280834
12.183657 60.280834
13.058244 59.565765
12.020348 60.461220
12.228591 60.280834
12.228591 60.280834
11.184193 61.189205
12.390857 60.101097
12.228591 60.280834
12.183657 60.280834
11.602896 60.823921
12.436506 60.101097
12.228591 60.280834
12.228591 60.280834
12.020348 60.461220
12.020348 60.461220
12.020348 60.461220
12.020348 60.461220
12.020348 60.461220
11.645974 60.823921
12.273852 60.280834
12.794400 60.280834
12.774184 60.461220
11.831579 61.006241
11.051457 61.557072
11.266886 61.372818
11.136310 61.557072
11.877199 61.006241
11.704465 61.189205
12.449997 61.372818
12.555297 61.372818
12.793451 61.189205
13.562246 60.642246
14.393592 60.101097
13.553764 60.823921
13.854737 60.642246
16.013243 59.036243
15.671092 59.388611
16.699245 58.686459
16.049006 59.212105
15.671092 59.388611
14.705273 60.101097
14.819418 59.922009
15.233474 59.565765
15.104849 59.565765
14.853865 59.565765
18.729527 56.475529
16.030069 56.808628
22.547178 54.214680
13.025841 59.388611
22.709417 53.901718
17.791203 55.329681
23.629377 53.436905
19.983107 55.653904
21.323231 54.848068
19.718039 56.144974
15.511093 59.212105
22.765009 54.057888
23.535801 53.436905
23.321411 53.591225
23.137636 53.591225
22.867056 53.591225
22.220537 53.746162
21.307848 54.057888
20.129597 54.372093
18.695976 54.848068
17.485382 55.329681
16.643108 55.653904
16.587337 55.653904
15.272309 56.808628
15.513595 56.641758
18.557638 54.057888
18.311199 54.372093
18.558966 54.214680
16.737326 55.816959
17.247965 55.329681
17.999485 54.688786
17.318939 55.168518
17.117315 55.491478
16.603624 55.980648
16.332712 56.309933
3.699319 0.000000
2.999655 0.000000
2.250641 0.000000
1.743246 0.000000
2.212042 0.000000
2.657391 0.000000
19.272198 53.130104
15.732005 56.309933
16.773775 55.491478
16.699245 55.653904
17.247965 55.329681
17.043934 55.653904
18.711739 55.653904
20.121790 55.491478
21.072727 55.653904
16.290339 59.036243
20.961065 56.808628
19.303001 58.166611
14.219103 60.461220
13.914725 60.642246
8.630802 64.592285
5.559947 66.974510
3.652223 68.404686
1.949742 69.863693
1.456359 70.285706
0.966926 70.709953
0.481466 71.136414
359.760284 71.780174
359.759277 71.780174
0.962864 70.709953
2.948251 69.026505
4.661873 67.583855
6.609944 65.971092
8.680418 63.434948
12.608606 61.372818
15.843082 59.212105
11.826097 24.321894
14.722975 28.300756
17.667641 30.860893
20.294964 31.686367
22.103559 33.857113
23.171679 29.156919
23.734550 28.776596
24.107122 28.528051
24.292601 28.405245
23.652674 28.776596
23.441254 29.029129
23.063395 29.285738
22.873665 29.415598
22.763304 29.546513
22.187754 29.945683
21.801411 30.217276
22.535408 30.493359
22.306206 31.059410
21.974508 31.644659
13.438188 38.345573
12.295266 38.978409
12.452952 38.554581
12.225122 38.765522
14.896276 71.718658
15.210425 74.659111
15.086354 76.209137
15.499276 76.849052
15.668160 78.896164
15.734972 79.646683
16.242880 81.869896
16.117887 82.806534
15.859366 81.634117
12.776645 82.184708
12.730868 82.665619
12.506745 83.722702
14.905758 84.345581
12.593330 85.426079
15.357493 84.289406
15.154069 84.857239
15.357493 84.857239
0.000000 155.718536
0.000000 155.556046
0.000000 156.077499
0.000000 155.556046
0.000000 156.547668
0.000000 156.037506
0.000000 156.037506
0.000000 156.348694
0.000000 157.148056
0.000000 156.801407
0.000000 156.801407
0.000000 156.801407
0.000000 156.456558
0.000000 157.846649
0.000000 157.988708
0.000000 158.129059
0.000000 157.640305
0.000000 157.640305
0.000000 158.129059
0.000000 157.988708
0.000000 158.267700
0.000000 157.922806
0.000000 158.267700
0.000000 157.782410
0.000000 157.437454
0.000000 158.267700
0.000000 157.579575
0.000000 157.380127
0.000000 157.520569
0.000000 158.061523
0.000000 157.094238
0.000000 158.061523
0.000000 157.720001
0.000000 157.520569
0.000000 157.380127
0.000000 157.520569
0.000000 157.520569
0.000000 157.238037
0.000000 157.659348
0.000000 157.238037
0.000000 157.796524
0.000000 157.932098
0.000000 157.659348
0.000000 157.796524
0.000000 157.659348
0.000000 157.932098
0.000000 157.932098
0.000000 157.520569
0.000000 157.796524
0.000000 157.380127
0.000000 157.380127
0.000000 157.324432
0.000000 156.412964
0.000000 155.618195
0.000000 154.454941
0.000000 153.607529
0.000000 151.294052
0.000000 148.815033
8.700191 0.000000
9.162347 0.000000
9.360191 0.000000
10.420712 0.000000
10.605873 0.000000
17.872631 54.848068
20.157612 52.352379
20.201868 46.771469
19.376514 45.276791
19.464104 31.759481
19.046623 31.912773
18.227608 39.313965
18.766134 31.759481
18.302628 32.067390
17.102730 33.023865
15.829353 34.032127
13.984579 35.649658
13.520544 36.027374
13.313633 36.218838
12.482490 37.002525
11.393699 38.023804
10.724448 38.659809
10.109299 39.536156
10.259211 40.914383
10.350885 40.914383
7.196235 44.725861
342.613037 0.000000
338.838745 0.000000
336.948700 0.000000
334.885162 0.000000
333.434937 0.000000
331.557068 0.000000
330.642242 0.000000
327.608612 0.000000
328.050018 0.000000
327.488098 0.000000
326.768280 0.000000
326.951874 0.000000
324.605194 0.000000
323.392914 0.000000
322.305756 0.000000
321.449524 0.000000
9.950626 5.117315
10.031578 6.911227
9.698662 8.615648
9.768351 10.186629
8.159591 10.701351
6.483074 12.479072
4.617712 13.371332
3.784480 16.789831
3.576334 25.324183
3.890125 20.788246
6.842773 19.895432
7.125016 18.093906
7.411493 16.020292
1.885600 11.410983
7.240590 8.275892
1.909153 10.304847
0.477454 11.040939
0.256930 17.386972
359.744232 14.966720
359.745361 11.618525
359.744232 10.784298
359.744232 8.945381
359.483826 7.835526
359.045166 11.164881
358.811462 11.309933
358.816376 11.309933
358.821228 11.309933
358.821228 11.309933
358.721283 6.679886
358.721283 7.253194
358.465668 8.202354
358.721283 9.293308
358.994904 10.304847
359.049133 14.743564
359.286804 14.560276
359.518524 14.381395
0.000000 14.036243
0.481466 13.706962
0.483497 13.706962
0.241753 13.869686
0.481466 13.706962
359.757233 14.206766
0.000000 14.036243
0.000000 14.036243
359.759277 14.206766
359.739563 13.392498
359.740753 14.290326
359.761261 18.868999
0.485546 357.251923
359.520538 355.601288
359.526489 355.601288
359.526489 355.601288
359.761261 355.656769
359.747589 13.298571
359.289764 18.657888
359.522552 18.434950
359.530365 18.434950
359.292694 18.657888
359.528442 18.434950
359.528442 18.434950
359.528442 18.434950
359.764221 18.217096
359.530365 18.434950
359.764221 18.217096
359.528442 18.434950
359.765198 18.217096
359.289764 18.657888
0.710242 17.393322
0.000000 18.004162
359.526489 18.434950
0.236758 17.795988
0.507029 14.281096
0.000000 19.290047
359.488434 15.164461
0.237740 19.698622
0.701546 359.028992
0.473508 358.531189
0.958836 15.871180
0.716160 15.871180
359.486145 15.208039
0.763898 15.580923
0.513850 15.439647
0.233859 19.698622
0.236758 19.698622
0.235784 19.698622
0.253520 13.912495
359.232697 13.298571
359.486145 13.671308
0.000000 13.671308
0.254646 13.912495
0.000000 14.036243
0.000000 14.664461
359.743073 15.164461
359.765198 20.157612
0.000000 19.925581
0.000000 19.925581
0.707319 1.444126
0.946951 0.971022
4.647971 2.027323
4.879274 2.027323
4.610649 2.082565
4.859614 2.101654
4.629235 2.082565
4.820766 2.045408
4.801573 1.652305
4.969741 2.223961
4.950273 2.245743
4.763642 3.399714
4.726303 2.834111
4.744899 3.468229
4.689544 3.503532
4.969741 2.950779
4.415622 14.534454
4.415622 4.214179
4.381917 5.469095
4.163612 6.072456
3.945186 7.352379
2.632435 9.066503
0.666200 11.427102
1.755643 13.609732
1.101706 18.060472
2.759108 21.485443
2.941465 26.085600
4.744899 29.683140
6.564684 30.291697
6.441600 31.041712
7.609838 35.490520
10.591528 34.104496
13.864013 31.930681
13.807519 31.930681
15.234486 30.846586
15.624235 30.499834
14.492320 31.380230
13.979346 31.745287
15.214540 30.672327
14.375604 31.380230
15.154069 30.672327
13.477823 31.930681
14.260712 31.380230
14.203938 31.380230
13.424371 31.930681
13.811335 31.745287
14.036243 31.561811
13.980290 31.561811
13.531695 31.930681
13.306758 32.118023
13.585991 31.930681
13.585991 31.930681
9.926246 35.180698
11.996900 33.284439
9.267837 35.855228
9.462322 35.627907
6.157473 39.053139
5.640550 39.588131
4.018309 41.560131
3.324649 42.455196
2.850548 43.069412
2.356521 43.698048
2.591867 43.381905
1.925184 4.658254
6.441600 4.432669
6.009006 7.352379
4.398705 9.071498
359.304138 12.847705
0.000000 16.361076
359.768036 20.854458
359.537933 25.173525
359.541656 29.104731
2.290610 33.261429
0.230102 38.185646
1.603863 41.800461
4.346124 45.351501
4.840113 50.572197
5.961090 54.688786
7.096694 59.036243
6.188616 62.525566
7.549422 69.325577
8.418663 77.799530
353.892822 0.000000
354.503113 0.000000
11.534621 108.152702
12.255024 117.121307
13.593386 124.300659
15.154069 131.987213
16.654306 136.584854
18.963354 140.710602
21.175739 143.794891
22.786854 147.994614
24.443956 150.809692
25.529697 151.213379
26.683676 152.365234
28.393019 152.730530
29.327179 152.730530
29.465221 152.969147
31.568972 153.319901
32.860954 153.203918
34.367092 153.319901
36.119339 153.319901
37.123695 153.662308
38.356926 153.886093
40.060783 154.323181
41.153969 154.642151
42.787960 154.430328
44.242832 153.434952
45.511555 151.448608
47.082565 149.381393
48.150719 146.670731
87.026268 0.000000
0.000000 90.744057
0.000000 95.194427
0.000000 99.582947
0.000000 99.833565
47.101654 21.236177
45.784824 21.438454
45.000000 21.644436
47.489555 21.748846
50.680889 22.067900
53.939564 22.285587
55.784298 22.619865
57.942623 22.733412
59.635731 22.733412
60.068489 22.733412
59.556423 21.136398
58.523159 22.848042
57.414295 22.963774
53.513988 23.080618
50.548466 23.080618
46.245365 23.317709
42.662693 23.317709
40.349815 23.080618
37.388062 23.317709
36.656109 23.080618
35.417057 23.080618
34.630802 23.080618
34.630802 23.080618
36.234871 23.080618
36.656109 23.080618
37.811462 22.963774
37.655701 22.848042
37.504143 22.733412
37.568592 22.619865
37.356621 22.619865
36.326824 22.619865
35.732166 22.619865
35.732166 22.619865
35.537678 22.619865
35.537678 22.619865
35.537678 22.619865
35.345024 22.619865
35.537678 22.619865
35.537678 22.619865
35.537678 22.619865
35.537678 22.619865
35.537678 22.619865
35.537678 22.619865
35.732166 22.619865
36.199802 22.507387
36.126717 22.619865
35.537678 22.619865
35.732166 22.619865
35.537678 22.619865
35.537678 22.619865
36.528854 22.619865
36.326824 22.619865
35.928501 22.619865
36.126717 22.619865
36.732826 22.619865
36.528854 22.619865
36.253838 22.733412
36.662556 22.733412
36.253838 22.733412
36.457211 22.733412
36.052414 22.733412
36.126717 22.619865
35.459618 22.733412
34.237465 22.848042
33.424812 22.733412
44.518536 0.000000
39.805569 0.000000
33.690067 0.000000
32.541756 0.000000
0.000000 0.000000
20.438955 0.000000
0.000000 0.000000
24.807428 77.471191
0.000000 126.469238
22.285587 62.370754
22.285587 55.784298
77.319618 0.000000
21.880713 46.797932
26.194210 42.768826
21.186176 39.936382
23.921104 38.605602
21.412970 33.599411
18.766134 31.127613
18.824711 30.054377
21.630888 28.141602
23.291552 27.597296
24.641661 27.072083
24.542435 27.072083
24.741644 27.072083
25.463345 27.072083
25.784807 27.072083
27.241743 26.565052
26.565052 26.816349
25.784807 27.072083
25.893646 27.072083
26.113913 27.072083
28.855659 26.075356
29.649864 25.718973
29.456320 25.955544
30.558687 25.718973
37.339523 0.000000
38.589161 0.000000
38.873066 0.000000
40.292149 0.000000
44.292683 0.000000
48.908543 0.000000
49.616352 0.000000
49.616352 0.000000
51.666660 0.000000
21.081461 44.780479
61.049004 0.000000
14.591957 0.000000
15.376251 0.000000
15.913190 0.000000
16.768082 0.000000
17.744671 0.000000
18.670088 0.000000
24.745228 51.340191
20.048487 0.000000
0.000000 0.000000
0.000000 0.000000
0.000000 0.000000
0.000000 0.000000
0.000000 0.000000
0.000000 0.000000
0.000000 0.000000
0.000000 0.000000
0.000000 0.000000
30.570246 49.222229
0.000000 0.000000
30.398727 0.000000
0.000000 0.000000
30.680716 49.635464
30.477526 49.774345
0.000000 0.000000
0.000000 0.000000
0.000000 0.000000
0.000000 0.000000
29.224419 0.000000
0.000000 0.000000
0.000000 0.000000
29.448782 50.477371
25.422146 0.000000
29.503510 50.762634
28.937532 50.906143
23.994896 0.000000
23.574707 0.000000
27.645977 51.632515
26.780853 52.075466
25.606661 52.523823
25.402382 52.523823
24.758547 52.977619
24.641661 53.130104
23.442921 53.436905
23.479603 53.746162
23.818651 53.436905
23.414333 53.591225
23.962490 53.130104
22.890553 53.901718
22.405409 54.057888
22.456938 54.214680
21.535126 55.007980
19.735163 56.309933
21.175739 55.329681
20.248457 55.816959
20.811321 55.653904
19.604090 56.641758
19.536654 56.808628
19.620211 56.808628
19.704454 56.808628
19.961403 56.808628
20.287752 56.641758
25.407719 79.777832
21.895880 36.645649
19.808493 38.027229
20.679064 37.849709
26.714649 80.764442
26.415062 83.400085
26.714649 84.847916
26.131001 84.472458
27.172941 82.647621
21.501434 38.125183
27.486620 84.718758
29.703453 85.710846
25.520712 86.308617
19.937992 38.840836
26.565052 83.966743
27.189505 85.196518
26.878139 86.633537
20.427795 37.874985
20.879017 37.694241
20.718540 37.874985
26.565052 85.638428
26.565052 87.573662
26.250242 87.113579
24.443956 86.217354
21.689066 84.805573
19.935419 38.891960
26.088921 87.089165
25.615484 86.605080
25.463345 86.248268
18.604965 39.499588
25.124958 85.196518
21.124718 87.531883
20.949701 88.041931
20.772255 87.113579
21.234705 85.710846
17.935289 39.225674
21.059574 85.563522
20.663609 88.025063
20.772255 88.058517
20.881998 86.633537
20.592333 85.674942
20.701929 86.088425
20.701929 89.003654
20.992853 89.506081
20.812647 87.573662
20.409883 86.605080
17.846025 38.945808
21.104837 88.518539
20.812647 90.498215
21.037512 89.020683
20.629881 88.074814
21.217970 87.089165
20.668758 87.531883
21.151691 91.494331
21.267059 92.489555
21.383636 90.489693
21.317911 89.514458
21.131670 89.518532
21.061356 91.992096
21.997404 97.853310
22.619865 100.036903
25.067463 98.972626
24.407669 96.505623
24.874155 98.130104
24.567171 103.438187
24.486681 104.898697
25.371561 105.524109
21.104837 106.157341
21.623196 106.990822
21.982437 108.103760
22.270267 109.265266
23.540039 110.432831
23.690689 111.113503
23.629377 111.412971
23.198591 112.184013
24.179108 113.600189
26.821981 113.860176
25.114836 114.114197
26.064665 114.114197
26.318089 113.912315
28.106272 114.362457
28.786619 114.362457
31.759481 113.713593
32.735226 113.713593
33.690067 114.160912
32.347443 113.263184
36.253838 112.249023
35.193905 111.893677
36.968346 111.709885
37.832764 109.687119
35.797405 108.749756
36.607075 107.650124
37.303947 107.030159
37.036213 105.340889
37.767620 104.995079
37.736755 103.807518
38.844830 102.264771
39.805569 101.864388
39.369316 100.850105
40.436771 99.309937
39.996078 98.063248
39.805569 97.009384
39.004612 95.663704
38.034584 95.617577
37.971603 94.885201
35.362461 92.910835
35.235443 92.489555
33.690067 91.023033
32.412308 90.000000
30.425785 88.948822
29.445429 89.474365
29.475889 88.948822
25.984371 90.000000
22.266588 91.023033
23.374165 92.489555
23.916245 93.453316
24.934296 95.417023
24.934296 96.394402
19.786505 39.846092
29.357754 97.062599
30.664564 97.628151
30.891687 97.765167
33.811199 97.765167
34.147511 97.628151
34.824490 97.431412
33.799202 97.305756
33.906277 97.305756
34.894966 97.853310
32.644642 97.989326
31.357086 97.835526
28.761158 98.914925
27.897272 101.920738
28.201628 103.884666
25.746595 105.109573
27.854448 107.223434
26.742437 107.223434
25.346176 106.975502
25.399309 106.876266
23.385221 108.239403
24.030174 108.615692
21.267059 109.798874
20.060604 110.806793
21.223656 108.778030
22.300409 109.005981
0.000000 166.244965
21.932421 110.409882
23.498566 111.037514
22.380135 110.806793
22.285587 113.267708
25.294193 112.293625
0.000000 164.357758
25.796026 106.927513
24.443956 108.034286
24.835167 109.046623
24.745228 111.217972
21.722652 112.348106
24.159081 113.198593
22.535408 111.801407
22.486349 110.684082
22.619865 109.885162
22.653479 110.409882
22.535408 111.801407
22.090155 114.087448
22.211830 114.663818
25.769327 115.173523
22.876871 115.173523
22.963774 114.443954
23.589989 113.498566
25.253162 115.232834
26.565052 117.621078
28.393019 117.979477
30.913275 119.683136
32.660915 120.113739
34.965122 119.744881
36.528854 118.523117
38.884495 120.866806
40.520538 124.307785
41.257011 126.027374
43.063198 125.816086
43.602818 125.753891
44.432735 124.992020
45.287914 123.830498
45.578724 125.909729
45.872456 127.600403
46.771469 127.916718
45.578724 127.954231
45.578724 127.954231
45.287914 126.129440
44.432735 123.822083
44.432735 124.249031
44.153324 125.293350
44.432735 126.869896
43.331661 127.694244
43.602818 126.968338
43.602818 125.991501
43.331661 125.073761
43.063198 124.695152
43.063198 126.224945
43.063198 128.911469
43.063198 131.863647
42.534241 131.676880
42.510448 129.999359
43.063198 130.060791
42.776039 131.760300
42.220833 134.644135
42.776039 135.734528
42.510448 136.108810
42.510448 135.000000
42.247517 133.512131
42.510448 132.026276
42.220833 133.861816
42.486191 136.507431
42.247517 136.871750
42.776039 135.744064
42.754257 133.905304
42.220833 135.000000
42.754257 137.552902
43.044319 137.862396
43.331661 137.070038
43.331661 134.652756
43.331661 133.243011
43.331661 133.932495
43.602818 134.225784
43.602818 136.548157
43.876698 136.108810
45.000000 135.355865
44.153324 134.652756
43.876698 131.719116
43.876698 129.946167
43.876698 132.197540
43.876698 134.604858
43.876698 133.861816
43.876698 134.301300
43.589058 132.207306
43.602818 130.601288
45.287914 129.093857
43.876698 132.197540
43.876698 133.128250
43.876698 133.567902
44.153324 132.240891
44.153324 130.060791
43.331661 128.990997
43.876698 130.364532
43.876698 133.078049
43.876698 133.103485
45.287914 133.945587
44.153324 132.599792
44.153324 131.185928
44.153324 133.945587
44.432735 136.714935
44.153324 139.347458
44.432735 139.843994
44.432735 139.200623
44.432735 137.190582
45.872456 136.565063
45.872456 138.110840
44.432735 140.139755
45.287914 140.300934
45.287914 139.398712
45.000000 137.950775
44.714951 136.245361
44.714951 137.602570
44.714951 139.548035
44.714951 142.045776
45.000000 139.537781
44.432735 138.296112
44.714951 135.929047
44.714951 135.993469
44.714951 137.978027
44.153324 141.196411
44.432735 143.039444
44.432735 141.691269
43.854237 139.899094
41.185925 137.978027
43.854237 136.694641
43.575027 139.451172
43.854237 142.660477
43.854237 144.141632
43.560711 143.317657
43.854237 141.490768
43.854237 140.314545
43.854237 139.236389
43.854237 142.253204
43.854237 145.784302
43.854237 146.177917
43.854237 145.768143
43.854237 143.130096
43.854237 140.389313
43.854237 139.733429
41.698135 141.900330
43.575027 143.746155
44.136311 144.757965
41.987213 142.399597
43.854237 139.455597
43.854237 137.202606
43.854237 137.489548
42.247517 138.908539
44.144901 140.000641
44.144901 140.457550
41.958157 139.112228
43.854237 138.410950
43.854237 138.199539
43.854237 138.990906
43.854237 137.944046
44.136311 135.658539
43.854237 133.264297
43.854237 130.887772
43.854237 131.589050
43.854237 134.292679
43.854237 134.341461
43.854237 134.039825
43.854237 132.089172
43.575027 130.601288
43.281643 132.172882
43.854237 133.325165
43.575027 133.740952
43.281643 133.806519
43.298645 134.127548
43.575027 133.500458
43.575027 131.820175
43.575027 131.710754
43.575027 133.667786
43.281643 133.740952
43.560711 133.793945
43.281643 132.922821
43.281643 129.975922
43.560711 128.659805
43.575027 127.962059
43.575027 129.289398
43.575027 133.221191
43.575027 132.682938
43.854237 132.153381
43.854237 130.891891
43.854237 129.093857
43.854237 126.968338
43.854237 125.719955
43.560711 126.224945
43.854237 128.911469
43.560711 130.383652
43.854237 130.601288
43.575027 130.100906
44.136311 128.732513
44.136311 126.968338
43.854237 126.142044
44.136311 126.107452
41.698135 127.694244
43.854237 128.972473
43.854237 131.185928
43.854237 130.552612
43.854237 131.669083
43.854237 131.669083
43.842667 129.289398
43.560711 129.025681
43.560711 130.495087
43.560711 132.929962
43.560711 132.426636
43.560711 132.244568
43.560711 130.364532
43.560711 129.007477
43.560711 129.805573
43.560711 132.709381
43.560711 134.118591
43.560711 134.421280
41.666149 133.228531
43.560711 129.007477
43.575027 127.146683
43.281643 128.811386
43.560711 131.951630
43.575027 133.152390
43.281643 132.922821
41.958157 131.669083
43.281643 127.596268
43.560711 126.384354
43.560711 126.362869
43.560711 129.936386
43.281643 132.172882
43.842667 131.099503
43.560711 130.891891
43.560711 128.589157
43.854237 126.384354
43.560711 125.719955
43.842667 125.788971
43.560711 128.491043
43.560711 130.266556
43.560711 130.179230
43.560711 129.746201
43.842667 129.160507
43.560711 126.964287
43.560711 125.479980
43.560711 123.690063
43.560711 123.996460
43.854237 125.735474
43.854237 129.369324
43.854237 130.426086
43.842667 129.494522
44.136311 128.367493
44.136311 127.056526
43.560711 125.882141
43.560711 124.862198
43.560711 125.348167
43.854237 128.157227
43.560711 131.947113
41.666149 130.815079
43.560711 131.319382
43.842667 129.746201
43.854237 127.998734
43.560711 127.450577
43.560711 129.999359
43.560711 132.878906
43.842667 137.021362
43.560711 140.314545
43.842667 141.196411
43.854237 139.899094
43.560711 137.344131
43.854237 135.331192
43.854237 135.339020
43.842667 138.048370
43.560711 140.677414
44.136311 142.660477
43.854237 141.188614
43.854237 139.820770
43.854237 137.400208
41.698135 136.067505
43.854237 138.860733
44.136311 140.640549
44.136311 141.900330
44.432735 141.423462
44.136311 139.573914
44.136311 136.153442
44.136311 135.000000
44.427063 134.255936
44.427063 137.202606
44.421276 139.733429
44.421276 142.214264
44.714951 143.857956
44.712086 142.171707
44.427063 139.513992
44.427063 137.585800
44.712086 137.147583
44.427063 138.447388
44.712086 140.505478
45.287914 142.935547
44.712086 145.244080
44.714951 146.996902
45.000000 147.019012
44.714951 145.137802
44.714951 141.753571
44.714951 139.674164
44.714951 138.447388
44.714951 139.451172
44.153324 142.403732
44.153324 145.113953
43.876698 148.172546
43.602818 149.596573
43.876698 149.036240
43.331661 146.195114
43.331661 142.792084
43.063198 141.340195
43.063198 139.310623
43.331661 141.469818
43.331661 142.057846
43.331661 141.863693
43.331661 140.869598
43.331661 138.778198
43.331661 135.855103
43.331661 133.793945
43.063198 133.381897
43.063198 134.676300
43.063198 134.690292
43.063198 135.293823
43.063198 135.000000
43.063198 133.830856
43.063198 130.936630
43.063198 129.805573
43.602818 130.548828
43.876698 132.599792
44.153324 132.184448
45.000000 132.302185
46.753407 132.922821
47.035034 131.669083
48.228649 128.659805
49.763641 127.339523
50.863873 127.746811
50.024075 129.289398
49.200623 132.240891
49.899094 131.784515
50.013115 132.153381
50.376705 131.347778
51.115505 131.023270
51.188614 128.659805
50.505478 127.954231
51.263493 128.803589
51.027531 130.751541
51.340191 132.055954
51.263493 133.712677
51.263493 135.622757
51.952957 137.411026
52.341228 139.127594
52.733601 139.864517
53.325649 139.127594
52.083286 137.436646
50.194431 134.690292
48.731396 132.184448
46.468803 130.552612
45.578724 132.682938
44.432735 134.679916
43.602818 138.439865
43.063198 142.321899
43.063198 143.673172
42.797401 142.943466
43.331661 142.206055
43.602818 140.548462
43.331661 138.638184
43.876698 138.680618
44.153324 141.044098
43.876698 142.660477
43.876698 144.806091
43.602818 146.870270
43.876698 146.309937
43.876698 144.462326
44.153324 141.340195
43.602818 138.814072
43.876698 137.552902
44.153324 138.814072
44.153324 141.196411
44.153324 142.765167
44.153324 145.304840
44.432735 146.181763
43.876698 147.639069
44.714951 148.260864
44.153324 146.601501
43.876698 144.334991
44.432735 140.826340
43.876698 137.973724
43.876698 136.801163
43.602818 137.792694
43.876698 138.814072
44.153324 141.188614
43.876698 143.513992
43.876698 145.244080
43.602818 144.968353
43.876698 143.130096
43.876698 141.842773
43.602818 140.079605
43.602818 139.351074
43.602818 140.365631
43.602818 142.696045
43.331661 144.004776
43.331661 142.957520
43.602818 141.209824
43.602818 138.262039
43.602818 135.299973
44.153324 133.468384
43.331661 135.000000
43.331661 137.436646
44.153324 140.565094
43.602818 139.834412
43.602818 137.563766
43.602818 136.145767
43.602818 133.228531
43.876698 130.695526
43.589058 129.289398
43.589058 130.799377
43.876698 131.669083
43.602818 132.922821
43.331661 132.302185
43.876698 129.692673
43.602818 128.443054
43.315315 129.427795
43.602818 129.093857
43.876698 129.160507
43.044319 128.659805
43.876698 128.308731
43.876698 126.501442
43.876698 124.605675
44.153324 123.416580
43.315315 124.402664
43.589058 126.253838
43.865578 127.785736
43.602818 126.869896
43.602818 126.501442
44.153324 124.605675
43.876698 122.735229
43.331661 122.114830
43.589058 123.398483
43.589058 126.142044
43.876698 126.280258
43.331661 126.869896
43.602818 127.954231
43.331661 127.596268
43.876698 126.689728
43.876698 124.992020
43.589058 125.148674
44.153324 126.769028
43.315315 127.746811
43.602818 130.815079
43.602818 132.599792
43.602818 133.344513
43.876698 132.455200
43.876698 131.143204
43.876698 129.513840
43.876698 128.157227
43.602818 128.078888
43.602818 130.548828
43.331661 133.002121
43.602818 135.666199
43.602818 137.021362
43.331661 137.045410
43.602818 136.016983
43.602818 133.285065
43.331661 131.552612
43.331661 130.495087
43.331661 132.904755
43.602818 136.029160
43.331661 139.037720
43.331661 139.879272
43.331661 140.063614
42.797401 137.973724
42.797401 135.000000
41.507408 132.380447
41.009087 130.992188
40.041550 131.760300
39.340519 133.932495
38.659809 137.726318
37.998734 142.206055
37.356621 145.561005
36.528854 148.332779
35.537678 149.036240
35.154179 148.298569
34.965122 146.852997
35.345024 143.719742
35.345024 140.572205
35.732166 138.768524
35.732166 139.504913
35.345024 141.788971
34.965122 144.246109
34.592289 146.700577
34.226360 148.201080
34.045937 148.260864
33.514584 145.597336
33.340706 142.815292
33.340706 139.794235
33.690067 138.239700
35.537678 138.122131
36.326824 139.451172
37.782619 140.132553
39.340519 141.869995
40.520538 144.077057
41.507408 144.688782
43.063198 145.088165
43.602818 143.031647
43.298645 140.257812
40.305084 138.048370
42.944111 136.301956
40.213001 135.323700
40.426079 136.952515
42.330112 138.556183
42.049221 142.045776
42.049221 142.950775
42.614056 141.968262
42.614056 140.365631
42.330112 138.110840
42.901093 134.693604
43.500454 131.922546
43.806511 131.347778
44.100140 132.537186
43.806511 135.303146
44.396908 139.044495
44.118595 141.952957
44.409344 141.821152
43.842667 140.683716
44.706177 139.356979
44.709160 136.936798
43.876698 134.712082
45.290840 133.546112
45.287914 132.410492
43.876698 132.754257
45.578724 134.185425
45.279488 136.864777
44.438293 139.159637
46.410942 139.479462
44.443748 139.236389
45.000000 139.479462
44.443748 137.675430
45.855095 135.545654
45.000000 132.486191
45.000000 131.666153
44.717754 132.247513
44.438293 133.908783
45.561707 136.344727
45.000000 138.270493
44.720509 140.792801
45.838417 140.848923
45.572941 140.906143
45.572941 138.737625
43.887600 136.169144
43.887600 133.830856
44.717754 132.922821
44.438293 135.296875
43.347694 137.891266
43.347694 141.215637
44.438293 143.285797
43.887600 142.431412
44.161587 139.573914
43.347694 138.596710
43.898296 135.971024
45.000000 136.565063
43.898296 135.949570
44.443748 137.846619
43.898296 141.674469
44.717754 139.444107
44.443748 138.012787
44.443748 136.380356
44.177628 133.264297
44.443748 133.344513
43.616314 131.633545
44.720509 133.667786
44.443748 135.993469
44.161587 137.344131
43.887600 136.735703
44.169685 134.652756
42.818359 134.348938
43.887600 134.039825
43.898296 133.740952
43.887600 136.847610
44.169685 139.490448
44.169685 142.726624
44.161587 142.334381
44.169685 141.981049
43.099888 138.012787
45.000000 137.489548
43.616314 137.752487
44.443748 139.993744
43.898296 142.057846
43.616314 142.907166
44.438293 142.319016
43.887600 140.659485
43.331661 139.479462
43.602818 138.990906
43.616314 139.958450
43.876698 140.888611
43.331661 141.783051
45.000000 142.001266
44.432735 140.428101
43.876698 138.179840
43.331661 135.814575
42.754257 135.268997
43.602818 136.060913
44.432735 138.094055
44.153324 141.061783
44.153324 141.115509
43.602818 140.194427
43.865578 139.236389
43.876698 137.726318
43.876698 135.550903
43.575027 134.438293
44.136311 134.720520
44.153324 135.561707
44.421276 136.468796
45.000000 137.436646
44.714951 136.930588
44.714951 136.974930
44.709160 136.974930
44.709160 136.997879
44.432735 136.674835
44.144901 136.674835
44.709160 136.694641
43.865578 136.694641
44.144901 136.016983
45.000000 135.674042
44.153324 136.363922
45.287914 136.363922
44.153324 137.759109
45.287914 137.095245
45.578724 137.121094
45.287914 136.778809
45.578724 136.778809
45.578724 137.459045
45.578724 137.095245
46.145763 138.576340
45.578724 138.280884
46.157333 137.935669
45.872456 139.222229
46.453896 136.735703
46.169140 138.972504
46.169140 137.526123
46.468803 137.121094
46.468803 139.222229
46.468803 137.802460
46.753407 136.684692
47.055889 138.179840
45.572941 138.094055
46.157333 139.733429
47.669891 138.621490
47.669891 138.576340
47.950779 138.489319
46.453896 134.679916
48.262035 134.100143
47.642548 135.285049
48.262035 138.492584
49.537773 139.474899
48.262035 141.590607
49.444107 143.951065
50.139755 146.987518
51.604836 150.255112
52.535061 152.128052
54.512539 153.749756
55.581635 154.969299
56.560131 156.592194
57.946510 157.123123
58.276398 157.548447
60.767181 157.548447
62.393322 157.714417
62.636452 158.437988
64.872177 158.039429
66.131668 158.277344
67.275902 158.277344
68.962486 158.355560
69.820541 158.587036
70.839828 158.813828
71.854424 160.414169
0.000000 173.648148
0.000000 174.143982
0.000000 174.918106
0.000000 175.442581
0.000000 175.840363
0.000000 177.111847
0.000000 177.439285
0.000000 179.386139
0.000000 0.000000
0.000000 180.406342
0.000000 178.168793
0.000000 177.643906
0.000000 176.494370
0.000000 175.729004
0.000000 173.553238
0.000000 173.418060
0.000000 173.316132
0.000000 173.709335
0.000000 173.263992
0.000000 173.211029
0.000000 173.270218
0.000000 173.170761
0.000000 173.170761
0.000000 173.211029
0.000000 173.184235
0.000000 173.157227
0.000000 173.157227
0.000000 173.157227
0.000000 173.116318
0.000000 173.102570
0.000000 173.116318
0.000000 173.130005
0.000000 173.130005
0.000000 173.102570
0.000000 173.088776
0.000000 173.004807
0.000000 172.528442
0.000000 171.820496
0.000000 171.076004
0.000000 170.518280
0.000000 169.866882
0.000000 169.198380
0.000000 0.000000
0.000000 0.000000
0.000000 0.000000
0.000000 0.000000
0.000000 0.000000
0.000000 165.068588
0.000000 164.082642
0.000000 162.948029
0.000000 161.045776
0.000000 160.223923
0.000000 158.767105
0.000000 156.652328
0.000000 155.056091
0.000000 153.242676
0.000000 151.606979
0.000000 147.449997
0.000000 147.994614
0.000000 146.888657
0.000000 145.713120
0.000000 145.713120
0.000000 145.713120
0.000000 145.097504
0.000000 145.097504
0.000000 144.137146
0.000000 142.783569
0.000000 140.194427
0.000000 135.451141
0.000000 123.293564
0.000000 116.231941
0.000000 112.380135
0.000000 108.178017
0.000000 110.556046
0.000000 109.536652
0.000000 105.572540
0.000000 106.699242
0.000000 105.819191
0.000000 103.134026
34.592289 18.434950
34.045937 18.434950
34.226360 18.434950
35.154179 18.434950
34.965122 18.434950
36.342449 18.152706
42.013363 17.612579
39.062584 17.354025
39.312008 17.269468
41.215519 16.699245
41.451317 16.620756
40.217468 17.102730
42.568050 16.389542
42.126564 16.465914
42.568050 16.389542
42.780346 16.389542
42.994354 16.389542
0.000000 110.256462
0.000000 113.448059
0.000000 117.387421
0.000000 119.820068
0.000000 123.690063
0.000000 126.408775
0.000000 129.011856
0.000000 130.661728
0.000000 132.310226
0.000000 134.625519
0.000000 136.108810
0.000000 136.450211
0.000000 137.520828
0.000000 138.199539
0.000000 138.532288
0.000000 138.860733
0.000000 139.184921
38.853374 73.529572
39.332714 72.474434
39.048576 71.413071
38.561951 71.113914
38.316135 71.413071
38.561951 71.718658
37.874985 72.181114
37.682991 72.969841
38.174675 73.779808
37.983498 74.261200
37.738892 74.744881
37.983498 75.718903
37.738892 76.701431
37.983498 77.691986
37.983498 77.691986
37.793941 78.690071
38.036533 79.695152
37.793941 80.200150
37.793941 80.112015
37.848171 80.022285
37.605991 79.837914
37.793941 79.011353
37.848171 78.799202
37.793941 78.799202
38.088772 78.799202
37.848171 79.992020
37.848171 80.537682
37.848171 81.634117
37.901596 82.259659
37.848171 82.874985
37.901596 82.942154
37.715977 82.545700
37.531898 81.135376
37.531898 79.786026
37.349350 78.789368
37.168312 78.293564
37.405357 77.471191
36.988766 77.868683
36.810707 78.896164
36.458973 79.837914
36.458973 80.450867
36.285267 80.537682
36.112984 79.602669
36.112984 78.690071
35.772633 77.195732
35.772633 75.465546
35.942112 76.218399
35.537678 77.644638
35.772633 79.315086
35.604534 79.930939
35.604534 78.896164
35.272419 77.242470
35.272419 76.092224
35.272419 74.649864
35.340107 74.505150
35.108379 75.425781
34.945663 77.171219
34.784260 77.828545
34.624153 79.646683
34.307789 79.837914
34.151501 80.450867
34.151501 79.837914
34.151501 79.646683
34.151501 78.366364
34.151501 77.592583
34.151501 77.592583
34.151501 78.799202
34.151501 80.537682
33.766872 81.792786
33.766872 82.874985
33.613571 82.806534
33.613571 82.593086
33.613571 82.593086
33.461494 82.593086
33.613571 82.593086
33.613571 83.157227
33.151733 83.290161
33.461494 85.558762
33.231712 87.247513
33.231712 88.876694
33.231712 90.000000
33.231712 90.000000
33.231712 89.427063
33.231712 88.865578
33.231712 88.315315
33.081371 87.220833
33.310631 86.698135
33.081371 83.480202
33.461494 79.315086
33.310631 76.218399
33.310631 73.349892
33.461494 71.565048
33.461494 70.906509
33.231712 71.732094
33.461494 72.897270
33.081371 74.560356
33.310631 75.335541
33.310631 75.465546
33.310631 75.230804
33.310631 75.230804
33.310631 74.875992
33.538692 73.779808
33.690067 73.300758
34.070511 73.300758
34.224815 74.124054
34.151501 74.744881
34.380344 74.528671
34.307789 74.659111
34.695156 73.582771
34.923702 72.824097
35.311214 70.277725
35.244526 67.619865
35.635506 66.732292
35.862850 67.141235
36.027374 68.106323
36.027374 69.274437
36.088894 71.266640
36.253838 71.861916
36.088894 73.529572
36.253838 74.054604
36.478996 74.835541
36.478996 74.128822
36.478996 72.255325
36.645649 69.880363
36.478996 68.776344
36.645649 68.749496
36.478996 70.958771
36.645649 72.758545
36.645649 73.529572
36.253838 75.131721
36.253838 75.101303
36.253838 74.699158
36.253838 72.707550
36.420086 72.198128
36.193207 71.258659
36.027374 72.617615
36.193207 73.663956
35.799603 76.541313
35.570511 77.735229
35.735477 78.111343
35.901772 78.009163
35.901772 76.930679
36.131737 75.004921
35.837654 76.200516
35.837654 76.787254
35.901772 77.735229
35.670460 78.785088
35.670460 77.837799
35.837654 76.759483
35.837654 75.068581
36.131737 73.258026
35.837654 71.703781
35.670460 70.316673
35.965008 70.857735
36.027374 71.710838
35.635506 72.006912
35.699623 72.006912
35.986794 70.839828
36.488293 69.125351
36.107452 68.114212
0.000000 132.969086
36.224945 68.376801
36.066738 69.274437
35.849743 69.062714
35.909721 67.864510
35.693119 65.907982
35.693119 62.896133
35.631554 62.223438
35.849743 60.871178
35.631554 59.632362
35.631554 59.374466
35.631554 59.452427
35.631554 59.683220
35.475330 60.202408
35.320297 60.780754
35.475330 60.461220
35.475330 60.004921
35.475330 59.167057
35.412167 58.972935
35.412167 57.917812
35.412167 57.724358
35.412167 57.557556
35.412167 57.498920
35.412167 58.257240
35.256359 59.254650
35.256359 60.091572
35.256359 61.247631
35.036194 61.669540
35.191582 61.320965
35.256359 60.945396
35.256359 60.147923
35.036194 60.642246
35.101738 60.541595
34.882004 61.127575
34.948299 61.762554
34.728996 62.807648
34.357128 62.622295
34.577156 61.876266
34.577156 60.619392
34.426476 59.105358
34.644909 59.311043
34.796024 59.036243
34.426476 59.470295
34.644909 61.247631
34.644909 62.607632
34.644909 64.069191
34.494938 64.274384
34.494938 63.845665
34.494938 63.034286
34.494938 61.669540
34.494938 61.247631
34.494938 60.989639
34.562527 61.955315
34.198383 63.004162
34.414375 63.434948
34.414375 63.434948
34.414375 62.429863
34.414375 61.638805
34.629257 61.169033
34.695156 61.955315
34.695156 63.645592
34.695156 64.259293
34.695156 64.035934
34.695156 63.824711
34.843033 63.034286
34.843033 63.434948
34.992020 65.444504
34.777832 65.812645
34.843033 65.409882
34.777832 65.409882
34.992020 66.170547
34.992020 66.801407
35.142120 67.209412
0.000000 132.101425
0.000000 134.325958
36.282543 74.173843
38.853374 0.000000
40.462227 0.000000
42.735245 0.000000
45.000000 0.000000
47.935677 0.000000
50.988148 0.000000
54.462322 0.000000
57.578938 0.000000
60.945396 0.000000
65.432831 0.000000
38.607628 52.075466
38.659809 52.523823
38.990993 52.825745
39.620300 52.977619
40.520538 53.130104
41.257011 53.130104
42.273689 53.130104
43.602818 53.130104
44.432735 53.130104
44.714951 53.130104
45.287914 53.130104
45.578724 53.130104
45.578724 53.130104
45.872456 53.130104
46.468803 53.130104
46.771469 53.130104
46.771469 53.130104
47.077175 53.130104
47.385944 53.130104
47.697807 53.130104
48.012791 53.130104
59.459396 121.029541
59.886265 121.429565
59.459396 121.299599
59.036243 120.827667
59.036243 120.197998
59.036243 119.538780
56.976131 118.474205
54.246113 116.175293
55.045330 113.498566
57.264774 109.179008
59.245605 103.684021
56.540497 30.529707
55.743786 30.401628
55.007980 29.898901
52.825745 29.898901
49.520958 30.401628
46.284447 30.658764
42.878902 30.274517
39.245434 30.401628
35.469872 30.658764
32.386372 31.051903
29.614813 31.454214
27.017080 32.145882
25.369297 32.430206
25.002827 32.005383
23.916245 32.287487
20.185802 38.118279
22.328657 40.322582
34.491978 29.162001
22.734371 44.153324
19.148136 46.169140
18.844616 48.012791
18.785021 50.307327
18.964905 51.340191
18.785021 53.870556
21.024450 53.870556
19.888844 55.394325
18.844616 55.394325
18.844616 55.007980
18.785021 54.625248
18.550232 54.246113
18.785021 54.625248
18.785021 54.625248
18.550232 54.625248
20.386154 54.625248
20.513319 54.625248
18.725788 55.007980
18.785021 54.625248
18.666914 54.625248
18.785021 55.007980
19.263548 55.394325
19.025606 55.394325
19.334808 55.784298
19.272198 55.784298
19.461212 56.177914
18.434950 56.177914
19.614218 56.575188
20.799028 56.976131
21.161259 56.575188
21.388624 56.575188
24.346214 56.976131
25.784807 56.976131
26.912996 56.177914
24.466791 55.784298
26.315397 56.700581
26.939528 56.821487
27.552811 57.183655
27.783926 57.901073
28.119669 58.223068
28.228777 58.671307
28.568407 59.322720
28.630936 59.596577
29.177927 60.205383
29.838757 60.792404
30.113733 61.020294
30.666451 61.905159
27.943035 33.361542
28.226748 33.102776
28.593229 32.721233
28.971022 32.471191
28.950994 32.347443
28.950994 32.347443
29.116146 32.102455
29.563072 31.741129
29.744883 31.622299
30.002390 31.387022
30.286364 31.270559
30.286364 31.270559
28.523119 0.000000
30.465546 47.489555
28.786619 0.000000
28.412663 0.000000
28.339132 0.000000
28.141602 0.000000
28.321211 0.000000
27.506447 0.000000
27.263744 0.000000
31.952259 61.542984
31.842457 60.449837
31.319075 59.311043
30.827663 59.036243
30.275690 58.038654
29.711336 58.085060
29.343048 57.994617
29.609831 57.528809
29.777866 57.050785
29.614813 56.560131
29.809114 56.056412
29.302206 55.799515
28.810795 55.159058
0.000000 124.548370
0.000000 123.023865
0.000000 115.796028
0.000000 123.023865
0.000000 115.796028
0.000000 116.565048
0.000000 116.565048
0.000000 120.963760
0.000000 126.869896
0.000000 128.072784
0.000000 130.364532
0.000000 130.364532
0.000000 131.455231
0.000000 131.455231
0.000000 131.455231
0.000000 131.455231
0.000000 130.364532
0.000000 130.364532
0.000000 129.805573
0.000000 128.072784
0.000000 126.869896
0.000000 124.346100
0.000000 120.256439
0.000000 114.227745
0.000000 110.973495
0.000000 103.600540
0.000000 94.398705
87.473885 0.000000
78.690071 0.000000
71.095428 0.000000
59.036243 0.000000
51.159164 0.000000
42.904747 0.000000
35.874992 0.000000
31.655548 0.000000
27.428741 0.000000
24.634464 0.000000
20.910629 0.000000
18.079081 0.000000
15.861589 0.000000
15.237740 0.000000
0.000000 0.000000
0.000000 0.000000
0.000000 0.000000
0.000000 0.000000
0.000000 0.000000
0.000000 0.000000
0.000000 0.000000
0.000000 0.000000
0.000000 0.000000
0.000000 0.000000
0.000000 0.000000
0.000000 0.000000
0.000000 0.000000
0.000000 0.000000
0.000000 0.000000
0.000000 0.000000
0.000000 0.000000
0.000000 0.000000
0.000000 0.000000
0.000000 0.000000
0.000000 0.000000
0.000000 0.000000
0.000000 0.000000
0.000000 0.000000
0.000000 0.000000
0.000000 0.000000
0.000000 0.000000
0.000000 0.000000
0.000000 0.000000
0.000000 0.000000
0.000000 0.000000
0.000000 0.000000
0.000000 0.000000
0.000000 0.000000
0.000000 0.000000
0.000000 0.000000
0.000000 0.000000
0.000000 0.000000
0.000000 0.000000
0.000000 0.000000
0.000000 0.000000
0.000000 0.000000
