0.000000 0.000000
0.000000 0.000000
0.000000 0.000000
0.000000 0.000000
0.000000 0.000000
0.000000 0.000000
0.000000 0.000000
0.000000 0.000000
0.000000 0.000000
0.000000 0.000000
0.000000 0.000000
0.000000 0.000000
0.000000 0.000000
0.000000 0.000000
0.000000 0.000000
0.000000 0.000000
0.000000 0.000000
0.000000 0.000000
0.000000 0.000000
0.000000 0.000000
0.000000 0.000000
0.000000 0.000000
0.000000 0.000000
0.000000 0.000000
0.000000 0.000000
0.000000 0.000000
0.000000 0.000000
0.000000 0.000000
0.000000 0.000000
0.000000 0.000000
0.000000 0.000000
0.000000 0.000000
0.000000 0.000000
0.000000 0.000000
0.000000 0.000000
0.000000 0.000000
0.000000 0.000000
0.000000 0.000000
0.000000 0.000000
0.000000 0.000000
0.000000 0.000000
0.000000 0.000000
0.000000 0.000000
0.000000 0.000000
0.000000 0.000000
0.000000 0.000000
0.000000 0.000000
0.000000 0.000000
0.000000 0.000000
0.000000 0.000000
0.000000 0.000000
0.000000 0.000000
0.000000 0.000000
0.000000 0.000000
0.000000 0.000000
0.000000 0.000000
0.000000 0.000000
0.000000 0.000000
0.000000 0.000000
0.000000 0.000000
0.000000 0.000000
0.000000 0.000000
0.000000 0.000000
0.000000 0.000000
0.000000 0.000000
0.000000 0.000000
0.000000 0.000000
0.000000 0.000000
0.000000 0.000000
0.000000 0.000000
0.000000 0.000000
0.000000 0.000000
0.000000 0.000000
0.000000 0.000000
0.000000 0.000000
0.000000 0.000000
0.000000 0.000000
0.000000 0.000000
0.000000 0.000000
0.000000 0.000000
0.000000 0.000000
0.000000 0.000000
0.000000 0.000000
0.000000 0.000000
0.000000 0.000000
0.000000 0.000000
0.000000 0.000000
0.000000 0.000000
0.000000 0.000000
0.000000 0.000000
0.000000 0.000000
0.000000 0.000000
0.000000 0.000000
0.000000 0.000000
0.000000 0.000000
0.000000 0.000000
0.000000 0.000000
0.000000 0.000000
0.000000 0.000000
0.000000 0.000000
0.000000 0.000000
0.000000 0.000000
0.000000 0.000000
0.000000 0.000000
0.000000 0.000000
0.000000 0.000000
0.000000 0.000000
0.000000 0.000000
0.000000 0.000000
0.000000 0.000000
0.000000 0.000000
0.000000 0.000000
4.899093 0.000000
6.661302 0.000000
8.070232 0.000000
8.551830 0.000000
8.008067 0.000000
7.883140 0.000000
16.808693 55.168518
16.847198 55.329681
17.073965 55.329681
7.796991 0.000000
7.754285 0.000000
7.217379 0.000000
8.380613 0.000000
8.785298 0.000000
20.394876 61.927513
21.154270 61.876266
21.540977 61.032337
22.067900 60.718571
22.786854 61.665756
23.488775 60.998302
24.547640 60.771950
25.992111 58.134022
27.149683 58.438187
28.009176 55.885525
31.607504 25.844387
25.942295 28.123735
17.311646 30.801447
6.263491 34.862198
3.406444 36.107452
0.698694 37.431602
357.929962 38.840836
355.236359 40.341743
355.236359 40.341743
353.290161 41.531773
0.000000 243.914398
0.000000 244.826477
0.000000 245.934372
0.000000 247.646805
0.000000 248.649017
0.000000 248.017563
0.000000 249.558197
0.000000 249.893768
0.000000 250.182846
0.000000 250.506927
0.000000 250.506927
0.000000 251.113922
0.000000 251.266632
0.000000 251.113922
0.000000 251.416992
0.000000 252.006912
0.000000 251.565048
0.000000 251.861908
0.000000 252.309113
0.000000 251.714645
0.000000 252.149689
0.000000 251.710846
0.000000 250.801147
0.000000 250.346176
0.000000 250.377747
0.000000 248.484116
0.000000 247.340637
0.000000 246.665955
0.000000 245.600555
0.000000 240.524109
356.308624 308.811401
357.638611 309.559662
2.385944 312.397430
7.352379 315.000000
14.335436 318.228638
34.380344 33.407825
28.178589 13.928342
35.811165 12.750026
41.775478 11.908299
32.430206 65.897766
32.034145 69.370117
31.715132 71.939529
31.059410 73.739792
30.094240 75.141388
30.465546 75.827660
29.259336 75.963760
30.012438 75.963760
29.939764 77.592583
32.828541 78.140221
33.690067 78.140221
34.045937 79.242035
34.777832 79.796028
35.345024 80.351952
35.928501 81.469231
36.326824 82.593086
36.528854 83.157227
36.938763 84.857239
37.356621 85.995827
37.568592 87.709389
37.998734 88.854240
38.437302 90.000000
38.437302 91.145760
38.659809 92.290611
38.659809 92.862404
38.884495 93.433632
38.884495 93.433632
38.884495 93.433632
38.884495 93.433632
38.659809 92.862404
37.782619 91.735703
37.782619 91.718361
37.568592 90.572937
37.356621 90.000000
36.938763 89.427063
36.938763 88.281639
36.528854 87.709389
36.326824 87.137596
36.326824 87.137596
36.126717 87.137596
35.928501 86.566368
35.928501 85.995827
35.732166 85.995827
35.928501 85.995827
35.537678 85.426079
35.537678 84.857239
35.537678 84.857239
35.537678 84.857239
35.154179 84.289406
35.345024 84.857239
35.345024 84.857239
35.154179 84.857239
35.154179 84.289406
35.345024 84.857239
35.345024 84.857239
35.154179 84.857239
35.154179 84.289406
35.345024 84.289406
35.345024 84.289406
35.154179 84.857239
34.965122 84.857239
35.345024 84.289406
35.345024 84.289406
35.345024 84.289406
35.345024 84.289406
35.345024 84.289406
35.154179 84.289406
35.537678 84.289406
35.345024 84.289406
35.345024 84.857239
35.345024 84.857239
35.537678 84.289406
35.537678 84.857239
35.345024 84.857239
35.345024 85.426079
35.537678 84.857239
35.537678 84.857239
35.537678 84.857239
35.732166 85.426079
35.537678 84.857239
35.537678 84.857239
35.154179 84.857239
35.537678 84.857239
35.537678 85.236359
35.345024 84.644173
35.345024 85.426079
35.537678 84.857239
35.537678 84.857239
35.537678 84.857239
35.345024 84.857239
35.345024 84.699074
35.154179 84.857239
35.345024 85.426079
35.345024 85.426079
35.537678 84.857239
35.154179 84.857239
35.537678 84.857239
35.345024 84.857239
35.345024 84.588127
35.537678 84.644173
35.537678 84.857239
35.537678 84.857239
35.537678 84.857239
35.345024 84.289406
35.537678 84.289406
35.345024 84.289406
35.537678 84.289406
35.154179 84.053139
35.345024 79.530823
35.537678 79.303490
35.537678 79.045937
34.592289 79.159698
35.732166 78.690071
35.732166 77.406670
35.618488 28.106272
35.618488 28.106272
35.821922 28.106272
34.508522 74.845932
32.496578 74.291359
33.326290 73.191307
33.690067 72.645973
35.618488 28.610460
35.618488 28.610460
35.618488 28.610460
35.417057 28.610460
35.417057 28.610460
35.417057 28.610460
35.134193 28.747913
35.134193 28.747913
35.134193 28.747913
35.134193 28.747913
35.618488 28.610460
35.417057 28.610460
35.134193 28.747913
35.134193 28.747913
35.697945 28.474203
35.697945 28.474203
35.697945 28.474203
35.976871 28.339132
35.976871 28.339132
35.976871 28.339132
36.179619 28.339132
36.179619 28.339132
35.976871 28.339132
36.384350 28.339132
36.457211 28.205233
36.662556 28.205233
36.662556 28.205233
36.938763 28.072489
36.938763 28.072489
37.146687 28.072489
36.869896 28.205233
36.869896 28.205233
36.869896 28.205233
36.938763 28.072489
37.146687 28.072489
36.938763 28.072489
36.938763 28.072489
37.146687 28.072489
37.146687 28.072489
37.146687 28.072489
37.146687 28.072489
36.938763 28.072489
36.869896 28.205233
36.938763 28.072489
36.938763 28.072489
37.146687 28.072489
36.938763 28.072489
36.938763 28.072489
34.965122 71.737106
34.777832 72.255325
34.777832 72.255325
34.965122 72.776566
34.777832 72.776566
34.777832 73.300758
34.777832 74.357750
34.777832 73.827843
34.592289 74.357750
34.592289 74.357750
34.777832 74.890427
34.592289 75.425781
34.592289 75.425781
34.408474 75.963760
34.408474 75.963760
34.592289 75.963760
34.408474 76.504265
34.408474 75.963760
34.408474 75.963760
34.226360 76.504265
34.408474 75.963760
34.226360 75.963760
34.045937 76.504265
34.045937 76.504265
33.867180 76.504265
33.867180 77.047234
33.867180 76.373009
33.690067 77.347443
33.690067 77.221268
33.514584 77.660912
33.514584 77.535065
33.514584 76.827446
33.340706 77.406670
33.168423 75.529709
33.168423 76.108810
32.905243 75.529709
32.735226 74.953606
32.205601 74.953606
32.205601 74.380608
31.127613 71.378418
31.127613 68.962486
32.855721 27.744890
33.135609 27.609049
32.855721 27.744890
32.675274 27.744890
32.675274 27.744890
32.675274 27.744890
32.954369 27.609049
33.051449 27.474430
32.774876 27.609049
33.051449 27.474430
33.051449 27.474430
33.051449 27.474430
33.507305 27.341019
33.599411 27.208796
33.870811 27.077751
34.053268 27.077751
34.237465 27.077751
34.508522 26.947868
32.828541 73.739792
32.828541 73.577812
32.828541 74.596573
32.828541 74.596573
32.828541 74.596573
33.258633 75.141388
33.430027 75.141388
33.863689 75.827660
34.038895 76.102821
33.953697 75.821938
34.045937 75.529709
34.226360 75.529709
34.045937 76.250954
34.226360 75.821938
34.408474 75.106529
34.592289 76.108810
33.870811 75.379128
33.781158 75.664566
33.419380 75.815704
33.241051 75.815704
33.959061 76.551384
34.053268 75.963760
33.964645 75.815704
33.870811 75.664566
32.793491 76.115334
33.146996 76.115334
33.419380 76.263733
34.053268 76.115334
33.781158 76.115334
32.969402 76.865974
33.146996 76.263733
34.408474 76.865974
34.408474 76.263733
34.226360 76.865974
34.045937 76.865974
34.045937 76.409050
34.045937 76.263733
34.045937 77.005386
34.226360 77.141907
33.867180 76.690819
33.867180 76.250954
34.226360 76.827446
34.323647 76.390266
34.423416 75.403427
36.656109 28.610460
36.234871 28.610460
36.444443 28.610460
36.234871 28.610460
36.027374 28.610460
36.234871 28.610460
35.821922 28.610460
35.821922 28.610460
35.618488 28.610460
35.417057 28.610460
35.134193 28.747913
34.849350 28.886581
34.651318 28.886581
34.077194 29.167614
34.077194 29.167614
34.077194 29.167614
33.882660 29.167614
33.302284 29.453674
33.401669 29.310007
33.111343 29.453674
33.401669 29.310007
33.211815 29.310007
32.735226 29.453674
32.735226 29.453674
32.735226 29.453674
32.260353 29.598625
32.260353 29.598625
31.787252 29.744883
31.494806 29.892456
31.315979 29.892456
30.606407 30.343248
30.566269 63.725788
28.217358 69.205887
27.247112 69.205887
26.161566 69.443954
25.106445 69.443954
28.676952 72.377701
22.117666 71.365417
19.840698 71.565048
17.402704 72.349876
24.065632 73.715080
23.066114 74.538780
20.910629 74.538780
5.314546 74.134293
1.847610 73.739792
358.963074 73.739792
1.284443 73.354965
359.488434 73.515549
350.869812 74.445427
357.917419 74.054604
357.124542 71.389839
356.027496 72.087494
355.192047 71.737106
354.660767 72.255325
353.571259 72.255325
352.647614 72.255325
351.832764 72.776566
351.573029 72.255325
351.233734 73.827843
350.580505 70.709953
349.104492 70.709953
339.871307 70.709953
340.016907 74.890427
339.702423 73.827843
339.616974 71.221970
339.932922 73.827843
340.164062 74.357750
340.329742 74.357750
340.709961 76.504265
340.861603 76.504265
341.643219 73.300758
341.484009 75.425781
343.625153 74.890427
344.019073 74.890427
344.767639 74.357750
346.729370 74.890427
350.317657 74.890427
353.242889 73.300758
356.943420 74.890427
3.756453 72.255325
8.458913 73.300758
11.659293 72.776566
15.780753 73.827843
19.389790 74.357750
22.527340 74.890427
24.419140 75.425781
26.430870 77.047234
28.850290 73.827843
30.450367 75.425781
31.272903 75.827660
32.167053 74.207596
32.005383 75.284927
31.373005 74.357750
31.159304 74.357750
30.823898 74.357750
30.650669 72.087494
30.490959 67.297157
30.513906 63.657887
30.338453 59.036243
30.287952 52.873940
35.537678 29.386381
31.429565 29.386381
28.739796 28.266405
27.261318 28.386967
21.684637 30.589891
19.653824 31.442806
17.737028 32.648441
16.054220 33.772625
15.220851 34.275551
1.536300 0.000000
0.000000 0.000000
358.602814 0.000000
0.000000 0.000000
0.000000 0.000000
0.000000 0.000000
0.000000 0.000000
0.000000 0.000000
0.000000 0.000000
0.000000 0.000000
0.000000 0.000000
0.000000 0.000000
0.000000 0.000000
0.000000 0.000000
0.000000 0.000000
0.000000 0.000000
0.000000 0.000000
0.000000 0.000000
0.000000 0.000000
0.000000 0.000000
0.000000 0.000000
0.000000 0.000000
0.000000 0.000000
0.000000 0.000000
0.000000 0.000000
0.000000 0.000000
0.000000 0.000000
0.000000 0.000000
0.000000 0.000000
0.000000 0.000000
0.000000 0.000000
0.000000 0.000000
0.000000 0.000000
0.000000 0.000000
0.000000 0.000000
0.000000 0.000000
0.000000 0.000000
0.000000 0.000000
0.000000 0.000000
0.000000 0.000000
0.000000 0.000000
0.000000 0.000000
0.000000 0.000000
0.000000 0.000000
0.000000 0.000000
0.000000 0.000000
0.000000 0.000000
0.000000 0.000000
0.000000 0.000000
0.000000 0.000000
0.000000 0.000000
0.000000 0.000000
0.000000 0.000000
0.000000 0.000000
0.000000 0.000000
0.000000 0.000000
0.000000 0.000000
0.000000 0.000000
0.000000 0.000000
0.000000 0.000000
0.000000 0.000000
0.000000 0.000000
0.000000 0.000000
0.000000 0.000000
0.000000 0.000000
0.000000 0.000000
0.000000 0.000000
0.000000 0.000000
0.000000 0.000000
0.000000 0.000000
0.000000 0.000000
0.000000 0.000000
0.000000 0.000000
0.000000 0.000000
0.000000 0.000000
0.000000 0.000000
0.000000 0.000000
0.000000 0.000000
0.000000 0.000000
0.000000 0.000000
0.000000 0.000000
0.000000 0.000000
6.362102 0.000000
8.186385 0.000000
6.899048 0.000000
8.419473 0.000000
7.608192 0.000000
5.362233 0.000000
4.508618 0.000000
3.691386 0.000000
2.436648 0.000000
1.821513 0.000000
0.000000 0.000000
0.000000 0.000000
0.000000 0.000000
0.000000 0.000000
0.000000 0.000000
0.000000 0.000000
0.000000 0.000000
0.000000 0.000000
0.000000 0.000000
0.000000 0.000000
0.000000 0.000000
0.000000 0.000000
7.246149 0.000000
7.052306 0.000000
7.052306 0.000000
7.490729 0.000000
7.397027 0.000000
7.901606 0.000000
8.275892 0.000000
8.457844 0.000000
10.170078 0.000000
19.031757 53.283199
20.196405 52.674480
21.394802 52.373764
22.714413 51.927216
24.373436 51.486057
25.769327 51.340191
26.771151 51.340191
28.513872 51.194920
30.023165 50.906143
18.904575 38.418056
18.781490 40.010639
19.820381 41.496468
20.397205 43.308212
21.575689 45.507030
22.335442 47.901913
41.408741 30.699722
43.994915 30.699722
25.472891 57.030594
25.335276 59.420773
26.356325 62.607632
26.565052 64.722282
26.565052 67.380135
26.342112 69.211754
26.225357 69.034286
25.253162 71.404556
22.905769 71.404556
22.080446 72.216110
20.876617 72.216110
19.620211 72.859650
18.749758 72.371979
17.249689 72.969841
15.775580 71.088921
22.328657 70.144783
21.323231 70.312881
20.042316 68.470993
18.936901 69.102234
17.871862 68.649017
14.036243 68.198593
15.329966 67.932098
11.932238 68.198593
7.279383 68.376801
6.769619 68.110443
5.507921 67.234993
0.000000 135.784821
0.000000 134.604858
0.000000 133.408859
354.385559 64.653824
354.735046 64.440033
354.093872 63.634583
353.724640 63.434948
351.952881 63.434948
352.007294 63.631168
352.729126 63.434948
0.000000 127.568588
0.000000 127.104233
0.000000 127.104233
0.000000 126.634109
0.000000 125.811165
0.000000 126.158188
0.000000 125.676407
0.000000 125.676407
0.000000 126.511055
0.000000 126.027374
0.000000 126.253838
0.000000 126.119339
0.000000 124.408470
0.000000 123.135605
0.000000 120.101303
0.000000 117.582031
5.019854 54.718792
8.019813 53.130104
11.003541 52.086895
13.650419 50.801586
16.985531 49.537773
19.137537 48.262035
20.316013 47.035034
21.879150 47.014599
23.170128 29.239344
24.258411 29.107168
25.423439 28.976082
26.565052 28.846066
28.013857 28.717117
29.553682 28.462355
30.784145 28.211704
31.976921 28.087894
33.081371 27.965076
34.307789 27.722383
35.670460 27.602488
37.281666 27.483543
38.240917 27.365540
38.612885 27.365540
38.846897 27.248466
39.182392 27.365540
39.805569 27.248466
39.805569 27.248466
40.601295 27.248466
40.200165 27.248466
40.399906 27.248466
41.009087 27.248466
40.002060 27.248466
40.836388 27.132318
0.000000 130.833496
0.000000 130.426086
45.868050 69.341087
43.958374 69.495018
44.581791 69.904770
42.969086 69.646774
42.388317 68.838737
42.197548 68.993210
42.008167 68.594818
42.197548 68.594818
41.610134 67.963776
41.423664 67.963776
38.173138 31.576303
41.238564 67.804543
41.238564 65.867622
41.238564 67.412689
40.843945 65.867622
40.872410 67.186676
37.874985 31.452061
40.333141 65.658913
37.534809 31.452061
37.534809 31.452061
37.366669 31.452061
40.661732 64.536652
40.511581 64.908470
36.869896 31.452061
36.706818 31.452061
36.544971 31.452061
36.869896 31.452061
39.980148 66.037514
39.980148 66.037514
36.869896 31.452061
36.706818 31.452061
39.805569 66.037514
36.544971 31.452061
40.252110 66.037514
36.384350 31.452061
40.013664 65.828560
40.426079 65.828560
36.977596 31.407276
40.426079 65.253250
37.519115 31.484976
39.603706 65.422333
39.271049 65.589264
39.143986 65.224861
39.307648 65.589264
39.542446 65.589264
39.307648 64.144455
39.706558 65.955780
39.143986 65.955780
39.542446 65.955780
39.307648 65.955780
39.507675 65.955780
40.174782 65.955780
40.174782 65.031013
0.000000 116.312653
0.000000 117.810410
0.000000 121.429565
0.000000 121.890793
0.000000 126.559631
0.000000 127.284332
0.000000 132.570724
0.000000 135.674042
0.000000 137.978027
0.000000 140.839493
0.000000 142.678955
0.000000 144.462326
0.000000 144.566681
0.000000 146.793427
0.000000 146.793427
0.000000 147.528809
0.000000 147.901077
0.000000 148.276398
0.000000 148.421829
0.000000 148.804901
0.000000 148.958282
0.000000 149.580414
0.000000 149.580414
0.000000 149.676392
0.000000 149.910309
0.000000 150.080795
0.000000 149.845459
0.000000 150.488495
0.000000 150.488495
0.000000 150.018356
0.000000 150.018356
0.000000 150.255112
0.000000 150.255112
0.000000 150.255112
37.986237 75.425781
35.596867 75.425781
33.055824 75.425781
30.183681 75.425781
27.910301 75.425781
25.369297 75.425781
24.641661 75.425781
24.443956 75.425781
24.249205 75.963760
24.152918 75.425781
24.057350 75.425781
23.962490 75.425781
23.962490 74.890427
24.152918 74.357750
24.249205 74.890427
24.249205 74.890427
24.346214 74.890427
24.346214 74.890427
24.443956 74.357750
24.346214 74.357750
24.249205 74.890427
24.249205 73.827843
24.152918 73.300758
24.249205 73.827843
24.249205 73.827843
24.152918 73.827843
24.249205 73.300758
24.249205 73.827843
24.152918 74.357750
24.249205 73.300758
24.346214 73.300758
24.249205 73.300758
24.249205 73.300758
24.346214 72.255325
24.346214 72.255325
24.249205 72.776566
24.249205 73.300758
24.346214 73.300758
24.346214 71.737106
24.346214 72.255325
24.443956 72.255325
24.346214 71.737106
24.346214 70.709953
24.346214 71.737106
24.443956 72.255325
24.443956 70.201126
24.443956 71.737106
24.443956 71.737106
24.443956 69.695526
24.443956 70.709953
24.443956 70.709953
24.443956 71.221970
24.443956 70.709953
24.443956 70.709953
24.443956 71.737106
24.443956 71.221970
24.443956 71.221970
24.346214 71.737106
24.443956 71.737106
24.443956 71.737106
24.443956 73.300758
24.443956 73.300758
24.346214 73.300758
24.443956 73.827843
24.346214 74.357750
24.346214 74.890427
24.346214 75.425781
24.346214 75.425781
24.346214 75.963760
24.443956 75.425781
24.346214 76.504265
24.346214 75.425781
24.443956 76.504265
24.443956 74.357750
24.443956 74.890427
24.443956 74.890427
24.542435 74.505150
24.542435 73.610458
24.542435 73.551392
24.542435 72.072083
24.542435 71.732094
24.443956 70.887024
24.542435 70.887024
24.443956 67.905769
24.542435 68.886497
24.542435 68.198593
24.542435 70.709953
24.542435 68.886497
24.542435 69.193207
24.542435 68.198593
24.641661 69.695526
24.542435 69.193207
24.542435 69.695526
24.443956 71.737106
24.443956 71.221970
24.542435 71.221970
24.443956 72.776566
24.443956 73.300758
24.542435 73.300758
24.443956 73.827843
24.443956 74.357750
24.542435 73.300758
24.443956 74.357750
24.443956 74.357750
24.443956 74.890427
24.443956 74.890427
24.443956 74.890427
24.443956 74.357750
24.443956 73.979706
24.443956 74.128822
24.443956 73.610458
24.346214 73.610458
24.249205 73.094841
24.249205 73.249733
24.057350 73.249733
23.962490 73.249733
23.868330 73.249733
23.774866 73.249733
23.682087 73.249733
23.682087 73.094841
23.774866 73.249733
23.868330 73.249733
24.152918 73.249733
24.542435 73.761162
24.943907 73.249733
25.912756 73.761162
27.677450 73.249733
28.833006 72.897270
29.776678 73.401894
30.650669 72.395370
31.835281 71.399933
32.784283 70.588516
33.231712 69.145538
33.845341 67.919556
34.392570 67.646805
34.392570 67.456940
34.465336 66.997406
34.624153 66.736816
34.234245 66.087685
33.845341 65.190590
33.536049 63.653633
32.619244 64.093491
32.471191 64.306297
32.092590 63.217094
31.056768 62.152424
29.811543 61.313850
29.211292 60.312820
28.589216 59.349331
27.869699 58.570435
28.442930 30.411081
28.979710 29.875992
28.146782 30.008156
28.233389 29.744883
27.769947 29.744883
27.431461 29.744883
26.991827 29.744883
26.762283 49.528824
25.585732 48.101665
24.849552 46.955681
24.171444 44.731007
22.945742 45.271545
20.955778 44.731007
17.376215 44.464542
36.098286 29.811543
36.098286 29.811543
36.740562 29.678490
37.933270 29.678490
38.607628 29.546513
74.962181 0.000000
76.759483 0.000000
80.134193 0.000000
84.289406 0.000000
87.614059 0.000000
0.000000 90.784828
0.000000 94.573921
0.000000 97.495857
0.000000 98.746162
0.000000 101.996902
0.000000 104.534454
0.000000 106.699242
0.000000 109.069191
0.000000 109.983109
0.000000 110.942650
0.000000 111.557076
0.000000 110.709038
0.000000 110.942650
0.000000 110.323135
0.000000 108.434952
0.000000 107.795990
0.000000 0.000000
0.000000 0.000000
0.000000 105.018364
0.000000 105.376251
0.000000 104.708305
0.000000 103.690048
0.000000 101.309929
0.000000 97.224319
90.000000 0.000000
79.777832 0.000000
71.878143 0.000000
60.642246 0.000000
47.935677 0.000000
34.286877 0.000000
9.462322 0.000000
341.301025 0.000000
332.525574 0.000000
326.309937 0.000000
14.311041 0.000000
16.049006 358.869324
18.311199 357.754272
19.451176 357.006866
20.316013 356.268616
21.336859 355.914368
21.801411 355.914368
22.203480 355.442566
22.619865 355.825226
22.343493 358.351654
22.479435 358.688110
21.974508 359.552399
21.370623 0.946951
20.143656 3.483271
19.188797 11.915147
17.962740 18.600065
16.627863 23.131420
16.476881 30.364271
15.077869 34.992020
15.642246 40.262558
20.472281 41.597229
21.139824 45.296867
21.801411 45.596809
22.890553 46.468803
24.152918 46.468803
24.791431 49.258846
26.048887 49.444107
26.769312 48.934780
28.381659 50.247139
30.506132 29.515829
36.004658 29.515829
30.513906 53.854309
31.835281 30.788809
31.890793 30.919851
42.342609 30.788809
43.770664 30.658764
43.279186 30.788809
44.255939 30.658764
43.074818 30.529707
44.249443 30.788809
44.242832 30.919851
43.760025 30.788809
43.770664 30.658764
42.825256 30.658764
41.912350 30.658764
40.780907 30.788809
40.746162 30.919851
40.060783 31.051903
39.382420 31.184975
39.382420 31.184975
39.548447 31.319075
41.153969 31.051903
43.567902 30.274517
46.397179 29.172546
47.851456 27.921528
48.589497 27.175640
0.000000 0.000000
0.000000 0.000000
0.000000 0.000000
0.000000 0.000000
36.918369 47.231174
34.101273 48.814075
33.486168 48.949566
32.395855 49.497150
32.602734 49.359409
32.602734 49.359409
32.395855 49.497150
32.471191 49.359409
32.110367 49.774345
32.319618 49.635464
32.660915 49.497150
32.527901 49.497150
31.849052 49.774345
31.719816 49.774345
31.798914 49.635464
32.134602 49.497150
32.005383 49.497150
32.210926 49.359409
31.877090 49.497150
32.749775 49.085617
33.489265 48.679142
34.029495 48.679142
34.992020 48.410946
35.713074 48.410946
36.064388 48.277676
36.213097 48.277676
36.362869 48.277676
36.513710 48.277676
36.566479 48.144958
36.308693 48.410946
36.665634 48.277676
36.665634 48.277676
36.460281 48.410946
36.046295 48.679142
35.895401 48.679142
36.046295 48.679142
36.198292 48.679142
36.559635 48.544765
36.921658 48.410946
36.612968 48.410946
36.460281 48.410946
36.921658 48.410946
36.612968 48.410946
36.612968 48.410946
36.102589 48.544765
36.921658 48.410946
36.714203 48.544765
40.055927 48.544765
36.559635 48.544765
40.203201 48.679142
36.559635 48.544765
40.843945 48.277676
41.398720 48.277676
37.284325 48.277676
37.284325 48.277676
36.513710 48.277676
37.441795 48.277676
36.972763 48.277676
37.284325 48.277676
36.972763 48.277676
36.972763 48.277676
41.965961 48.277676
37.284325 48.277676
41.373428 48.410946
41.347778 48.544765
41.537926 48.544765
41.131798 48.679142
39.805569 48.814075
39.879642 49.222229
40.409458 49.359409
40.219116 49.359409
40.601295 49.359409
39.805569 49.497150
40.148884 49.635464
40.112991 49.774345
38.936375 49.913799
38.891960 50.053825
39.035511 50.194431
38.990993 50.335609
38.565262 50.477371
38.945808 50.477371
39.528591 50.477371
39.245434 50.762634
37.605991 51.050236
37.954231 50.619709
38.516926 50.619709
37.848171 50.906143
37.901596 50.762634
37.848171 50.906143
38.327801 50.619709
39.093861 50.619709
38.899940 50.619709
38.277523 50.762634
38.659809 50.762634
38.611252 50.906143
39.048576 50.762634
38.611252 50.906143
38.418056 50.906143
38.467865 50.762634
37.848171 50.906143
38.467865 50.762634
38.467865 50.762634
38.659809 50.762634
38.226486 50.906143
38.853374 50.762634
39.048576 50.762634
38.226486 50.906143
38.611252 50.906143
38.467865 50.762634
38.707634 50.619709
38.707634 50.619709
38.327801 50.619709
38.327801 50.619709
38.707634 50.619709
40.200165 50.194431
39.528591 50.477371
37.848171 50.906143
38.899940 50.619709
37.476177 50.906143
38.190952 50.477371
37.661392 50.906143
37.848171 50.906143
38.377335 50.477371
38.565262 50.477371
38.418056 50.906143
37.051598 51.050236
38.174675 51.050236
37.848171 50.906143
37.929657 51.194920
37.682991 51.340191
37.929657 51.194920
38.122066 51.194920
38.263988 51.340191
38.461037 51.340191
38.068642 51.340191
38.068642 51.340191
38.211025 51.486057
38.014389 51.486057
37.568592 51.632515
38.014389 51.486057
38.014389 51.486057
37.434677 51.486057
37.244785 51.486057
37.056530 51.486057
35.909721 52.373764
37.510048 51.779568
37.255291 51.927216
36.027374 52.523823
37.763077 51.632515
37.568592 51.632515
36.614399 52.075466
36.614399 52.075466
36.744110 51.779568
36.436783 51.632515
36.744110 51.779568
36.807484 51.632515
36.491295 51.927216
36.119339 51.927216
36.807484 51.632515
35.387886 52.674480
37.184708 51.632515
36.933067 51.779568
35.387886 52.674480
36.933067 51.779568
36.869896 51.927216
36.933067 51.779568
36.357197 52.224316
35.311214 52.825745
36.098286 52.373764
36.933067 51.779568
36.679756 51.927216
36.424767 52.075466
36.679756 51.927216
36.679756 51.927216
36.933067 51.779568
36.933067 51.779568
37.123695 51.779568
36.869896 51.927216
37.375809 51.632515
37.255291 51.927216
37.255291 51.927216
37.255291 51.927216
37.255291 51.927216
37.255291 51.927216
37.255291 51.927216
36.805737 52.075466
36.998798 52.075466
37.510048 51.779568
37.510048 51.779568
35.955334 52.674480
37.061733 51.927216
37.316021 51.779568
37.819466 51.486057
37.568592 51.632515
39.245434 50.762634
39.925270 50.477371
40.738777 50.477371
41.185925 50.335609
42.336998 49.774345
43.657375 49.497150
45.000000 49.359409
46.150360 49.222229
47.346874 49.222229
48.846031 49.222229
50.463840 49.359409
0.000000 108.232491
0.000000 112.275902
0.000000 120.650665
0.000000 125.331329
0.000000 130.971741
0.000000 134.604858
0.000000 139.166504
0.000000 141.423462
0.000000 144.582947
0.000000 147.171463
0.000000 147.171463
0.000000 148.260864
0.000000 147.994614
0.000000 147.171463
0.000000 147.994614
0.000000 147.171463
0.000000 147.724365
0.000000 147.449997
0.000000 147.171463
0.000000 148.219086
0.000000 148.570435
0.000000 148.172546
0.000000 148.260864
0.000000 148.781601
0.000000 148.523163
0.000000 148.260864
0.000000 148.260864
0.000000 148.260864
0.000000 148.781601
0.000000 148.172546
0.000000 148.172546
0.000000 149.459396
0.000000 149.560272
0.000000 151.305099
0.000000 150.751175
0.000000 150.488495
0.000000 150.718567
0.000000 151.039948
0.000000 150.615845
0.000000 150.945389
0.000000 150.945389
0.000000 151.084579
0.000000 151.169037
0.000000 150.255112
0.000000 150.718567
0.000000 150.718567
0.000000 150.945389
0.000000 151.821411
0.000000 150.718567
0.000000 150.255112
0.000000 150.255112
0.000000 149.778168
0.000000 149.036240
0.000000 148.523163
0.000000 147.724365
0.000000 146.013824
0.000000 145.713120
0.000000 145.407715
0.000000 143.972626
0.000000 146.013824
0.000000 147.171463
0.000000 147.171463
0.000000 147.449997
0.000000 148.260864
0.000000 148.781601
0.000000 149.287170
0.000000 149.534454
0.000000 150.018356
0.000000 150.255112
0.000000 150.018356
0.000000 150.018356
0.000000 150.255112
0.000000 149.534454
0.000000 148.781601
0.000000 147.994614
0.000000 147.724365
0.000000 147.171463
0.000000 146.888657
0.000000 147.171463
0.000000 146.888657
0.000000 147.449997
0.000000 147.994614
0.000000 147.994614
0.000000 148.523163
0.000000 148.781601
0.000000 148.781601
0.000000 149.287170
0.000000 149.534454
0.000000 149.287170
0.000000 148.781601
0.000000 149.534454
0.000000 149.036240
0.000000 148.781601
0.000000 149.534454
0.000000 148.455841
0.000000 146.445068
0.000000 143.426971
0.000000 138.621490
0.000000 134.265472
0.000000 127.303947
0.000000 122.471191
0.000000 113.728394
0.000000 108.434952
0.000000 102.593330
0.000000 95.355827
49.261223 23.864422
47.873440 23.962490
46.735706 23.962490
43.935146 24.362453
43.509369 24.464409
42.640835 24.775141
41.710758 25.309767
41.478546 25.419289
40.804348 25.641005
32.735226 25.980421
32.735226 25.980421
33.034870 25.753223
34.335426 25.093349
42.293488 24.464409
43.772423 23.864422
45.000000 23.574707
45.830315 23.574707
46.490631 23.767109
47.431950 24.061317
47.726311 24.362453
88.726967 0.000000
88.667778 0.000000
45.946953 49.774345
45.233860 49.774345
44.090618 49.635464
41.710758 49.774345
40.148884 49.635464
39.392567 49.635464
38.107578 50.194431
31.790291 50.335609
31.574190 50.477371
33.461494 50.906143
33.310631 50.906143
30.788809 50.906143
33.310631 50.906143
30.127060 51.340191
32.324333 51.340191
31.715132 51.632515
31.589127 52.075466
35.394794 51.927216
35.354156 52.373764
34.992020 52.373764
34.824490 51.340191
34.750980 51.486057
35.892666 51.632515
33.690067 51.927216
34.966881 52.075466
34.114475 52.373764
25.500557 43.393997
25.491491 42.859097
25.294193 42.098091
25.387905 41.325500
25.108692 37.278175
25.500557 36.732826
25.315510 36.599316
26.337688 29.297266
26.565052 29.162001
26.677837 29.027868
24.671665 36.326824
25.676815 29.054605
22.976944 39.214443
23.688751 40.446232
22.031666 41.877869
21.111593 41.539818
20.746080 42.043690
33.867180 29.297266
18.056349 43.063198
19.171043 44.153324
18.373539 45.287914
17.399961 46.468803
16.552097 47.385944
15.945396 48.330917
14.176103 49.304466
14.733804 50.307327
11.878700 51.691265
13.196464 52.045769
10.548065 53.498558
8.268832 54.246113
9.237129 53.870556
7.076378 53.130104
9.558081 53.130104
6.447850 52.045769
6.619053 52.045769
6.835036 51.691265
6.447850 51.691265
6.641519 51.340191
8.569142 51.340191
8.185036 51.340191
6.641519 51.691265
6.686910 52.045769
9.300379 52.403728
9.984961 52.765167
10.484176 53.498558
12.948792 53.870556
15.832387 54.625248
16.719229 55.394325
17.969139 57.380756
15.490902 58.201088
17.525568 60.751175
19.893553 62.978420
21.960564 64.358994
22.790590 71.221970
23.682087 78.254364
24.676863 86.760300
26.346367 97.125015
28.042593 110.874649
29.646322 120.343246
31.481617 128.096451
33.851009 135.000000
35.607548 140.079605
38.068642 145.054337
40.565529 149.082565
43.293819 151.788300
46.013977 153.203918
48.954247 153.886093
51.821152 154.106354
54.554291 154.215195
57.435440 154.323181
59.534454 154.323181
61.927513 154.215195
63.818192 154.215195
65.992851 154.215195
67.788170 154.323181
70.132957 154.536652
71.995842 154.323181
74.054604 154.642151
76.304123 154.536652
78.690071 154.642151
81.002853 154.850723
83.817070 154.850723
86.689056 153.758652
90.000000 153.541641
93.721313 152.483627
97.294197 151.220200
100.784294 150.137161
102.862755 148.831177
105.826157 147.528809
107.891876 145.825562
93.576332 31.806870
92.254578 31.930681
91.803993 31.930681
98.066933 31.930681
96.788979 32.055359
94.537773 32.055359
92.748085 32.180904
90.916656 32.180904
88.625168 32.180904
86.794785 32.180904
84.516411 32.180904
82.193596 32.307335
79.939308 32.307335
80.837654 117.878189
78.601234 117.057556
77.275642 113.846817
72.255325 33.947285
70.750473 33.818245
68.749496 33.818245
67.186676 33.818245
70.201126 105.610992
67.804543 104.036240
61.782646 33.820137
60.554573 33.690067
59.036243 33.560879
57.587696 33.432560
56.518658 33.305107
54.946007 33.690067
52.980114 33.951092
50.980598 34.755913
49.563232 34.893303
44.012241 91.925186
41.347778 90.000000
39.936382 90.000000
38.713108 89.483833
37.485222 91.534340
36.732826 91.562225
36.326824 90.530502
37.405357 88.898293
37.073074 88.876694
37.568592 88.865578
39.111393 88.865578
39.111393 88.298645
39.111393 89.427063
36.938763 89.427063
36.732826 89.427063
36.732826 90.572937
36.528854 91.145760
36.528854 90.572937
37.356621 91.718361
39.111393 91.145760
36.732826 91.145760
39.571903 90.000000
36.732826 90.000000
36.326824 89.438293
40.279865 90.000000
35.928501 90.550903
39.805569 90.000000
40.041550 92.045410
40.041550 91.005089
35.537678 90.000000
39.805569 92.009552
40.041550 90.502579
40.041550 90.489693
40.279865 91.444122
35.154179 90.502579
37.638920 91.005089
37.942154 91.456360
35.154179 90.954842
38.242901 90.971024
38.178848 91.974937
38.178848 92.447052
38.480198 91.909149
38.480198 92.815559
38.242901 91.456360
38.242901 92.468117
38.541183 92.935677
38.779049 92.385941
38.541183 92.346870
38.837013 91.432098
39.075417 92.468117
39.075417 92.862404
39.369316 92.327812
39.369316 91.397179
40.601295 34.948299
39.610691 91.958069
39.369316 92.346870
39.660763 91.397179
39.709919 91.408630
39.421364 91.909149
39.421364 92.385941
39.421364 91.877876
39.709919 91.847610
39.421364 90.946953
39.709919 91.941483
39.472462 92.385941
39.709919 91.862617
39.709919 91.374832
39.758179 90.946953
39.996078 92.385941
39.758179 94.573921
39.758179 91.832840
40.041550 92.726311
40.041550 91.408630
40.041550 94.537773
39.758179 91.862617
39.758179 91.818306
40.041550 91.374832
40.279865 91.909149
40.279865 92.346870
40.279865 91.818306
40.041550 93.154846
40.041550 90.931557
40.279865 91.893387
40.279865 91.374832
40.279865 91.803993
40.279865 90.916656
40.279865 91.408630
40.763603 91.877876
40.763603 93.179832
40.763603 91.818306
40.763603 91.408630
40.724159 92.385941
40.724159 91.877876
41.009087 91.374832
40.763603 90.931557
41.507408 34.346096
40.724159 91.909149
40.724159 91.385918
40.763603 90.465813
41.507408 34.346096
40.479042 92.385941
40.724159 93.257225
40.724159 92.792702
40.479042 91.909149
40.192047 92.447052
40.479042 96.082336
40.479042 93.283859
39.949772 92.792702
39.949772 91.941483
39.996078 94.724449
39.709919 93.338470
39.709919 91.862617
39.237366 91.420265
39.472462 92.426338
39.472462 93.338470
39.472462 92.346870
39.758179 91.397179
39.758179 90.000000
39.996078 90.979317
39.237366 92.385941
39.472462 90.939194
39.472462 90.939194
39.996078 34.276943
39.237366 92.426338
39.472462 91.909149
39.472462 91.893387
39.237366 90.477455
39.996078 33.837547
39.237366 92.405968
39.237366 91.432098
39.522633 91.432098
39.758179 33.837547
39.996078 33.837547
39.522633 92.426338
39.289406 90.971024
40.041550 92.886421
39.996078 33.616138
39.996078 92.910835
39.472462 93.394920
39.996078 91.941483
39.996078 92.910835
40.236359 33.393585
39.709919 93.483269
39.709919 93.911575
39.709919 93.338470
39.472462 94.289154
39.660763 34.135941
39.421364 92.986633
39.130398 94.361572
39.421364 93.310944
39.184376 92.346870
39.184376 92.468117
39.421364 93.423874
39.421364 93.814072
39.421364 92.838791
39.421364 91.941483
39.660763 92.986633
39.610691 93.911575
39.369316 94.289154
39.421364 93.310944
39.421364 91.925186
39.660763 92.511360
39.949772 93.453316
39.421364 92.886421
39.421364 92.385941
39.902599 34.135941
38.893906 91.520767
38.893906 92.986633
38.893906 92.910835
38.659809 92.405968
39.369316 34.064056
38.659809 93.012787
38.659809 92.986633
38.949764 92.935677
39.184376 91.456360
39.660763 33.690067
38.949764 91.013977
38.949764 92.489555
39.184376 90.987762
39.472462 90.489693
39.709919 33.317055
39.184376 91.520767
38.949764 92.489555
38.717510 92.468117
38.717510 91.468803
39.709919 33.317055
38.949764 92.511360
39.184376 92.468117
39.184376 91.958069
39.472462 91.456360
39.709919 33.541248
39.949772 33.541248
39.949772 33.541248
40.236359 33.393585
40.236359 33.393585
39.949772 33.541248
39.472462 91.005089
39.184376 91.481461
39.472462 91.958069
39.472462 92.447052
39.709919 33.317055
39.472462 92.489555
39.237366 92.447052
39.472462 92.426338
39.004612 92.405968
39.472462 33.764286
38.717510 91.992096
38.717510 92.447052
38.487576 91.444122
38.034584 90.000000
38.487576 33.913586
38.034584 91.494331
37.524261 91.468803
37.811462 90.485542
37.811462 89.028976
38.034584 33.690067
38.259945 90.996346
37.524261 89.012238
37.811462 89.012238
38.546013 33.091702
38.546013 33.091702
38.259945 33.239521
38.259945 33.239521
38.487576 33.239521
38.487576 33.239521
38.487576 33.239521
38.034584 90.000000
38.259945 90.507027
38.259945 91.005089
38.487576 32.784283
37.971603 90.511559
37.971603 92.045410
37.746803 91.507439
37.746803 91.494331
37.456772 90.493919
39.340519 32.799534
37.456772 92.027321
37.164474 91.992096
37.456772 91.481461
37.234833 90.493919
38.659809 90.511559
37.164474 92.027321
37.164474 92.986633
37.456772 91.481461
37.234833 90.987762
37.234833 90.000000
37.234833 90.507027
37.164474 90.498215
37.456772 90.987762
37.907482 33.538692
37.680981 33.538692
37.164474 91.013977
36.943165 90.996346
36.943165 90.996346
37.613956 33.461494
36.943165 90.000000
36.649250 91.520767
36.649250 91.507439
36.943165 90.498215
37.388062 33.461494
38.659809 90.511559
36.430859 92.027321
36.649250 92.009552
36.353069 90.498215
38.437302 89.003654
39.111393 32.574059
35.837654 90.520859
36.353069 91.534340
35.837654 90.502579
36.795296 33.536049
36.135376 90.000000
35.837654 90.520859
38.659809 90.516167
36.135376 90.511559
37.019886 33.070679
38.884495 92.082565
36.353069 91.562225
38.884495 93.576332
38.884495 91.023033
38.884495 90.000000
36.573032 93.094055
36.573032 95.102165
36.573032 92.511360
36.573032 91.494331
38.884495 90.511559
37.092838 91.534340
38.884495 92.009552
37.680981 91.494331
36.573032 93.513748
38.884495 91.534340
39.111393 93.094055
39.111393 94.635460
39.340519 95.147888
39.111393 94.677414
39.111393 96.282494
39.340519 94.807953
39.340519 95.290077
39.571903 97.454300
39.571903 96.927216
39.340519 96.927216
36.193207 95.389313
35.235443 95.389313
38.437302 91.684685
36.724110 91.134422
37.998734 90.000000
37.998734 90.000000
37.568592 90.000000
37.356621 89.438293
37.356621 92.121094
35.345024 86.566368
35.345024 89.464539
35.537678 90.000000
35.537678 90.525635
35.537678 91.548157
35.732166 90.000000
35.345024 91.562225
35.345024 89.454346
35.537678 91.548157
35.537678 92.556152
35.537678 90.000000
35.345024 92.556152
35.732166 92.556152
35.345024 93.094055
35.345024 92.626404
35.928501 91.091217
36.326824 93.641182
36.126717 93.608467
35.537678 93.576332
35.345024 94.085617
35.154179 93.576332
35.154179 93.576332
35.614483 93.066483
36.803890 93.066483
37.933270 90.000000
39.028435 90.000000
39.978539 88.929176
40.897202 89.474365
41.833672 88.948822
42.552952 88.451843
43.518543 88.423447
43.749199 87.373596
44.497417 88.437775
45.000000 30.465546
46.307896 90.962860
46.307896 90.485542
45.261623 31.842457
45.000000 88.423447
44.749802 88.423447
44.751968 88.958374
44.506084 88.437775
44.510303 87.898346
44.756187 87.878906
44.758247 87.878906
45.719158 87.898346
46.877876 90.000000
47.748089 86.849281
49.195648 86.849281
0.000000 151.260208
0.000000 151.064178
0.000000 150.255112
0.000000 150.508636
0.000000 150.580933
0.000000 151.064178
0.000000 151.064178
0.000000 150.906174
0.000000 150.439651
0.000000 151.189209
0.000000 150.255112
0.000000 150.117172
0.000000 150.300842
0.000000 149.981628
0.000000 149.290329
0.000000 148.902679
0.000000 148.781601
0.000000 148.339249
0.000000 148.172546
65.432831 21.265450
66.864304 20.754072
66.232895 20.854458
64.081116 21.058039
61.898647 21.476791
59.886265 21.801411
60.316860 21.801411
60.751175 21.801411
60.316860 21.801411
59.886265 21.801411
59.459396 21.801411
58.616810 21.801411
60.505047 21.911699
58.099842 22.023056
57.680386 22.023056
59.123188 22.135490
56.173840 22.135490
56.996899 22.135490
56.725113 22.249023
56.725113 22.249023
56.725113 22.249023
55.491478 22.249023
56.583420 22.135490
56.173840 22.135490
55.768147 22.135490
56.040939 22.023056
56.040939 22.023056
55.640617 22.023056
55.516045 21.911699
55.516045 21.911699
55.784298 21.801411
56.177914 21.801411
56.575188 21.801411
56.575188 21.801411
57.380756 21.801411
58.616810 21.801411
60.751175 21.801411
60.316860 21.801411
62.525566 21.801411
63.895145 21.801411
65.297569 21.801411
72.776566 21.801411
77.047234 21.801411
82.030388 21.801411
87.732048 21.692171
0.000000 161.751068
72.669113 113.334045
74.219246 116.787125
75.068581 119.566574
75.450371 121.908112
75.012436 124.667297
74.981636 126.528854
74.500725 128.340790
75.499832 129.600021
75.358116 130.601288
76.583817 131.790512
77.868683 132.646698
79.215706 132.936188
80.627907 133.738190
81.634117 134.249451
82.665619 134.754089
83.722702 135.485550
84.289406 135.954834
85.471176 136.636581
86.566368 136.847610
87.709389 137.509369
88.281639 137.918427
89.427063 138.340317
90.000000 139.195648
91.145760 139.565262
91.145760 139.960419
92.290611 140.349182
92.862404 140.731689
92.862404 140.877396
92.862404 140.648254
92.290611 140.648254
92.862404 140.607437
92.862404 140.194427
92.290611 140.194427
92.290611 139.969742
92.290611 139.746521
92.290611 139.746521
92.290611 139.934158
92.290611 139.934158
92.290611 139.934158
92.290611 140.305115
92.290611 140.305115
92.290611 141.029999
91.718361 141.207764
92.290611 141.604828
91.718361 141.604828
91.718361 141.604828
91.145760 141.952957
91.145760 141.952957
91.718361 141.952957
91.718361 141.952957
91.145760 141.952957
91.145760 142.174316
91.145760 142.001266
91.145760 142.001266
91.145760 142.001266
91.145760 141.826859
91.145760 142.001266
91.145760 141.826859
91.145760 141.826859
91.145760 141.826859
91.718361 141.826859
91.718361 141.651093
91.718361 142.001266
92.290611 142.001266
92.290611 142.346039
92.290611 142.346039
92.862404 142.907166
93.433632 144.013214
93.433632 144.940582
94.004173 146.461304
94.528824 147.821350
95.599342 149.036240
95.545319 149.981628
95.545319 150.428741
96.398956 150.395554
95.869598 150.255112
96.340195 150.113480
96.340195 150.113480
96.340195 150.395554
95.869598 150.534775
96.340195 150.809692
95.815628 150.809692
95.869598 150.809692
95.762634 150.809692
95.924583 150.809692
95.869598 150.809692
95.290077 150.809692
94.807953 150.809692
95.339233 150.809692
94.807953 150.809692
94.763641 150.672821
94.236397 150.534775
94.236397 150.395554
94.236397 150.255112
94.236397 150.255112
94.236397 150.255112
94.236397 150.255112
94.236397 150.255112
93.708427 150.113480
93.742989 149.620880
93.708427 148.448608
93.708427 148.147247
93.150719 147.595459
93.179832 146.802429
93.150719 145.724457
93.122131 145.285370
93.150719 144.462326
92.626404 143.657547
92.650688 142.244507
92.121094 140.609283
92.101654 139.720139
92.101654 139.236389
91.562225 138.990906
91.041626 138.239700
90.520859 137.726318
90.520859 137.202606
89.479141 137.465759
88.958374 138.239700
88.437775 137.984283
87.917435 137.984283
87.420853 137.984283
86.905945 137.984283
86.905945 137.202606
86.391533 137.465759
85.877701 137.726318
85.877701 137.984283
85.364540 138.492584
85.364540 139.479462
85.364540 139.236389
85.322586 139.479462
85.364540 139.479462
85.322586 138.492584
84.805573 138.492584
84.289406 138.239700
84.289406 138.239700
84.289406 138.239700
83.259941 137.726318
83.198685 137.726318
82.680977 137.726318
82.746803 137.726318
82.746803 137.726318
83.259941 137.465759
83.259941 137.202606
83.774170 137.202606
83.829826 137.202606
84.289406 137.465759
83.829826 137.202606
84.340515 137.726318
84.340515 137.465759
84.340515 137.726318
84.897835 137.984283
84.852112 137.465759
84.852112 137.465759
84.340515 138.492584
84.852112 138.239700
85.405746 137.202606
84.897835 137.202606
85.405746 136.936798
84.852112 136.936798
85.364540 136.936798
85.877701 136.936798
85.877701 136.936798
85.405746 136.936798
85.877701 136.936798
86.391533 136.668335
86.423668 136.668335
86.391533 136.668335
86.423668 136.936798
86.933517 136.936798
86.933517 136.936798
86.905945 138.239700
86.933517 138.239700
86.391533 138.239700
86.933517 137.984283
86.933517 137.984283
86.933517 137.984283
86.933517 137.984283
86.960602 137.984283
86.486252 137.984283
86.516731 138.239700
86.516731 138.990906
86.054817 139.236389
86.054817 139.479462
85.563522 138.990906
84.629005 138.990906
84.143990 138.742981
83.659805 138.492584
83.176537 138.492584
82.755493 138.742981
81.801933 138.239700
81.326828 138.990906
80.380272 137.726318
79.438988 137.726318
78.503433 137.726318
77.111816 137.984283
75.735489 138.492584
73.479111 138.492584
71.710838 137.465759
68.962486 137.726318
66.267059 136.668335
63.236008 135.567261
60.524109 132.662689
58.448616 129.259399
55.384022 125.639809
52.480888 121.429565
49.528824 116.774925
48.012791 112.432991
46.070824 106.843811
44.207943 102.131317
42.917435 97.666801
41.391533 93.964653
39.897835 89.427063
39.163372 83.157227
38.437302 81.469231
39.093861 81.469231
37.782619 78.140221
37.356621 77.592583
37.146687 76.504265
37.146687 75.963760
37.356621 77.047234
37.146687 73.827843
36.938763 73.300758
41.507408 29.054605
41.009087 29.054605
40.041550 29.054605
39.571903 29.054605
35.154179 73.300758
29.659107 74.357750
30.311214 32.660915
28.698292 74.197487
28.551392 74.969566
27.037258 76.446236
27.499138 75.446426
33.867180 74.649864
33.867180 74.357750
33.514584 74.890427
33.690067 75.963760
33.514584 78.366364
33.340706 80.445709
33.340706 84.758179
36.253838 87.443848
36.528854 91.070824
34.902496 94.436478
35.112011 98.530769
31.117640 33.837547
31.218403 33.690067
31.117640 33.837547
31.373005 33.690067
31.528990 33.690067
31.686367 33.690067
31.068310 34.135941
31.587643 33.837547
32.167053 33.690067
32.330185 33.690067
32.660915 33.690067
33.168423 33.690067
32.793491 34.286877
33.419380 34.135941
34.149895 34.135941
35.103329 34.135941
35.900051 34.135941
36.728600 34.135941
37.524261 34.286877
38.428078 34.286877
39.369316 34.286877
40.054031 34.438992
51.632515 133.415146
52.841702 134.552383
54.293308 135.663635
54.926243 136.536301
56.169502 137.169250
57.327770 138.442215
59.743565 139.040207
60.385189 139.658264
61.990822 140.460205
62.949402 140.877396
64.418472 141.063629
65.418427 141.661301
65.695450 141.661301
66.209229 141.842773
66.727097 142.022797
66.501434 141.842773
66.271606 141.431641
65.508102 141.063629
66.309311 140.309631
65.772255 139.132065
64.604088 136.597473
63.895145 133.308212
61.557072 132.552948
60.642246 129.237366
58.495731 126.253838
58.219086 123.575935
53.775055 121.250946
51.259033 120.379128
50.128193 117.758545
55.375843 34.804012
54.137150 34.968422
52.800186 34.968422
56.976131 32.347443
56.177914 32.347443
55.394325 32.347443
46.169140 101.534622
53.498558 28.565836
41.257011 97.125015
41.257011 94.214180
41.009087 94.813553
40.520538 92.436646
40.041550 91.827965
39.571903 91.231979
39.111393 90.616058
38.659809 90.000000
38.216949 90.000000
37.782619 89.383942
37.356621 88.754639
37.146687 88.781128
36.528854 87.537186
35.655327 87.563354
34.777832 86.347778
30.796062 85.135483
28.660303 84.588127
25.760012 84.588127
22.932100 84.588127
19.144459 83.990997
26.935492 83.463364
25.463345 82.874985
23.019205 83.530182
22.306206 82.947693
21.700537 83.018944
8.904821 83.595650
8.350752 84.173660
8.426970 84.805573
7.943472 85.995827
7.681904 86.566368
7.717370 87.137596
7.717370 87.614059
8.054414 86.987213
20.589260 87.588974
6.919533 87.638626
8.682524 87.638626
8.854308 88.818810
12.994617 88.818810
14.178064 88.228531
19.456322 86.496468
23.237648 85.333145
25.891014 84.752861
29.707014 83.595650
31.938448 82.288109
34.777832 77.988518
37.755493 83.254417
40.486012 90.609505
42.776039 27.705748
44.153324 27.574564
45.872456 27.574564
47.077175 27.574564
48.330917 27.574564
49.969742 27.574564
50.992527 27.574564
52.403728 27.574564
53.130104 27.574564
54.516022 27.444521
54.893921 27.444521
55.660347 27.444521
56.441044 27.444521
57.236111 27.444521
57.639061 27.444521
58.298573 27.315609
67.943565 120.465546
67.693794 121.293037
67.520569 122.106255
68.362061 122.507523
66.501434 123.299423
65.668762 123.690063
65.256462 124.077194
64.440033 124.460815
64.440033 124.460815
64.440033 124.840942
63.236008 124.840942
63.634583 125.106079
65.256462 125.483978
66.501434 125.858360
67.770378 125.960518
69.062714 126.229233
68.629379 126.596634
70.534134 126.960556
73.431168 127.678093
75.417061 128.031738
77.137245 128.728928
78.088783 129.749725
79.618195 130.364532
80.892662 131.023270
80.607552 131.669083
80.331329 132.922821
80.877106 133.228531
82.160736 133.830856
82.568588 134.712082
82.514961 135.846680
81.634117 136.397186
81.158188 137.202606
79.845734 137.489548
79.354340 137.223969
78.938820 138.071472
77.935112 138.593567
77.101250 139.184921
76.171349 139.225998
75.756538 140.042450
75.650665 140.347076
74.820076 140.599335
74.820076 141.155167
73.995956 141.709839
74.407188 141.464081
73.877403 141.464081
73.465164 141.464081
73.054680 142.263245
73.054680 142.020782
72.517624 142.020782
72.517624 142.020782
72.517624 142.263245
72.517624 142.020782
72.517624 142.263245
72.108124 142.263245
72.108124 142.263245
71.975273 142.263245
71.975273 142.334381
71.565048 142.334381
71.565048 142.334381
71.565048 142.576157
71.565048 142.576157
71.156776 142.334381
71.156776 141.709839
71.016785 141.952957
71.016785 142.020782
71.016785 141.952957
71.016785 141.952957
70.750473 142.020782
71.016785 141.709839
71.016785 141.401535
70.607933 141.155167
70.607933 141.709839
70.607933 142.020782
70.607933 141.775665
70.607933 142.089935
70.607933 141.527832
70.607933 141.277298
70.607933 141.023987
70.607933 141.340195
70.607933 141.340195
70.607933 141.084686
70.607933 141.659210
70.750473 141.981049
70.607933 141.981049
70.201126 141.981049
70.607933 141.981049
70.750473 142.232376
70.201126 141.981049
70.607933 141.726883
70.607933 141.726883
70.201126 142.052307
70.346176 142.052307
70.201126 142.633331
70.201126 142.125015
69.796387 142.380630
69.796387 141.726883
69.796387 142.199234
69.943909 142.199234
69.796387 142.199234
69.796387 142.199234
69.796387 142.457062
69.796387 142.792084
69.796387 142.792084
69.796387 142.792084
69.943909 142.792084
69.393738 142.457062
69.943909 142.792084
69.796387 142.963791
69.796387 142.883133
69.796387 142.305756
69.796387 142.232376
69.943909 141.340195
69.796387 141.277298
69.393738 140.710602
69.393738 139.834412
69.796387 139.528824
69.393738 138.132462
69.796387 138.101669
69.241676 137.267960
69.796387 136.701355
69.796387 136.410950
69.796387 135.567261
69.943909 135.285049
69.943909 134.421280
70.630241 133.531189
70.906509 132.302185
71.956589 131.347778
72.208794 129.692673
72.597298 128.308731
72.332359 126.960556
72.718498 124.460815
71.053497 122.650803
69.253922 120.801445
67.507385 118.915421
65.108696 117.423355
62.878696 116.130997
61.587337 114.362457
59.950085 112.270271
58.967789 110.556046
56.959763 107.764854
55.039253 105.871178
52.907166 103.240517
51.225830 95.710594
49.049583 94.573921
47.986637 92.862404
46.261818 91.718361
44.745354 87.709389
44.153324 29.054605
42.510448 29.190311
38.400082 77.784279
35.649658 72.718498
33.863689 69.655899
32.005383 66.960564
28.465162 70.016891
27.609049 72.504242
25.170959 75.379128
23.308846 83.927544
21.077494 93.576332
19.052906 102.094757
16.592993 109.653824
14.103970 117.474434
12.075289 122.210922
10.927602 124.992020
8.406509 126.869896
7.853313 128.308731
7.334379 128.308731
6.775656 128.659805
6.775656 128.659805
6.527841 129.351746
6.842773 129.692673
6.340192 130.695526
6.625875 131.023270
6.372111 131.023270
6.659207 130.364532
6.981058 130.030258
7.052306 129.351746
7.418650 128.659805
14.818148 126.869896
16.025867 126.129440
17.389868 124.992020
19.490530 124.077194
18.152706 123.432556
23.594820 123.178513
25.071898 123.310631
26.970438 122.816345
25.089375 122.574059
30.496260 122.436531
28.465162 122.334938
30.012438 123.079262
31.709198 123.446777
32.640491 123.206573
33.514584 122.969406
34.045937 122.735229
34.592289 122.735229
34.777832 123.569702
35.423008 123.095734
35.690060 122.633499
36.674347 123.453308
36.218838 122.760399
36.998798 122.535065
37.193600 122.884758
37.255291 122.884758
37.316021 122.535065
37.568592 122.312485
36.995270 121.742760
37.434677 121.961349
37.492653 121.742760
37.492653 121.526840
37.605991 120.963760
37.176289 120.611389
37.661392 120.256439
37.476177 119.898903
37.531898 119.898903
37.531898 119.898903
37.586803 119.538780
37.586803 118.974136
37.586803 118.442932
37.586803 118.442932
37.822754 118.072487
37.640911 117.699478
37.640911 117.699478
37.822754 117.699478
38.057205 118.097687
38.057205 117.519897
38.057205 116.945747
38.057205 117.139908
37.926460 117.336670
0.000000 161.190567
38.290165 117.336670
38.474236 117.336670
38.290165 117.536072
38.107578 118.097687
38.290165 117.919769
38.290165 118.715073
0.000000 162.369919
38.290165 118.926422
38.290165 119.690727
38.659809 119.690727
0.000000 162.728256
38.846897 119.475891
38.846897 119.852081
0.000000 162.577759
0.000000 162.863724
39.225674 120.225449
39.225674 120.225449
39.035511 120.596008
0.000000 162.565125
0.000000 162.632553
0.000000 162.699478
0.000000 162.552811
0.000000 162.485672
0.000000 162.204010
0.000000 162.204010
0.000000 161.777527
0.000000 161.847290
0.000000 161.847290
0.000000 161.635529
0.000000 161.705475
0.000000 161.284882
0.000000 161.213547
0.000000 161.494919
0.000000 161.355682
0.000000 161.075348
0.000000 161.003342
0.000000 160.793671
0.000000 160.720459
0.000000 0.000000
0.000000 0.000000
0.000000 0.000000
0.000000 0.000000
0.000000 0.000000
0.000000 0.000000
0.000000 0.000000
0.000000 0.000000
0.000000 0.000000
0.000000 0.000000
0.000000 0.000000
0.000000 0.000000
0.000000 0.000000
0.000000 0.000000
0.000000 0.000000
0.000000 0.000000
0.000000 0.000000
0.000000 0.000000
0.000000 0.000000
0.000000 0.000000
0.000000 0.000000
0.000000 0.000000
0.000000 0.000000
0.000000 0.000000
0.000000 158.600189
0.000000 0.000000
0.000000 158.824265
0.000000 158.962494
0.000000 159.188675
0.000000 159.415543
0.000000 159.500549
0.000000 159.810867
0.000000 159.893768
0.000000 160.057617
0.000000 160.298645
0.000000 160.520706
0.000000 160.298645
0.000000 160.377747
0.000000 160.820984
0.000000 160.534134
0.000000 160.534134
0.000000 160.392929
0.000000 160.253159
0.000000 160.036560
0.000000 159.899521
0.000000 159.820541
0.000000 159.899521
0.000000 0.000000
0.000000 0.000000
0.000000 0.000000
0.000000 0.000000
0.000000 0.000000
0.000000 0.000000
0.000000 0.000000
0.000000 0.000000
0.000000 0.000000
0.000000 0.000000
0.000000 0.000000
0.000000 0.000000
0.000000 0.000000
0.000000 0.000000
0.000000 0.000000
0.000000 0.000000
0.000000 0.000000
0.000000 0.000000
0.000000 0.000000
0.000000 0.000000
0.000000 0.000000
0.000000 0.000000
0.000000 0.000000
0.000000 0.000000
0.000000 0.000000
0.000000 0.000000
0.000000 0.000000
0.000000 0.000000
0.000000 0.000000
0.000000 0.000000
0.000000 0.000000
0.000000 0.000000
0.000000 0.000000
0.000000 0.000000
0.000000 0.000000
0.000000 0.000000
0.000000 0.000000
0.000000 0.000000
0.000000 0.000000
0.000000 0.000000
0.000000 0.000000
0.000000 0.000000
0.000000 0.000000
0.000000 0.000000
0.000000 0.000000
0.000000 0.000000
0.000000 0.000000
0.000000 0.000000
0.000000 0.000000
0.000000 0.000000
0.000000 0.000000
0.000000 0.000000
0.000000 0.000000
0.000000 0.000000
0.000000 0.000000
0.000000 0.000000
0.000000 0.000000
0.000000 0.000000
0.000000 158.962494
0.000000 159.359528
0.000000 159.833908
0.000000 159.693298
0.000000 159.775146
0.000000 159.936920
0.000000 159.878204
0.000000 160.175003
0.000000 160.114838
0.000000 160.192520
0.000000 160.635239
0.000000 160.848892
0.000000 160.922913
0.000000 160.857727
0.000000 161.003342
0.000000 161.213547
0.000000 161.146835
0.000000 161.565048
0.000000 161.495773
0.000000 161.495773
0.000000 161.495773
0.000000 161.495773
0.000000 161.495773
0.000000 161.633835
0.000000 161.565048
0.000000 161.633835
0.000000 161.633835
0.000000 161.702118
0.000000 161.840515
0.000000 161.703781
0.000000 161.703781
0.000000 161.703781
0.000000 161.772400
0.000000 161.358215
0.000000 161.703781
0.000000 161.980225
0.000000 162.330811
0.000000 162.594208
0.000000 162.606674
0.000000 162.881165
0.000000 163.173660
0.000000 163.109421
0.000000 163.471848
0.000000 164.084991
0.000000 164.177231
0.000000 164.054596
0.000000 164.271042
0.000000 164.705307
0.000000 164.645584
0.000000 164.864166
0.000000 164.744873
0.000000 164.965485
0.000000 164.905930
0.000000 165.068588
0.000000 165.008911
0.000000 165.232834
0.000000 165.624390
0.000000 164.703445
0.000000 165.099197
0.000000 164.931519
0.000000 165.268600
0.000000 164.850784
0.000000 164.975998
0.000000 164.913651
0.000000 164.787415
0.000000 165.084152
0.000000 165.021667
0.000000 164.958664
46.576550 120.465546
46.060909 120.046432
44.731007 120.963760
43.378857 120.540604
42.015717 119.683136
41.257011 118.532455
40.763603 116.139069
40.279865 114.676865
40.041550 112.067902
39.571903 109.358994
39.571903 105.524109
39.805569 100.784294
40.279865 90.572937
39.571903 90.000000
38.884495 89.427063
38.437302 85.995827
38.216949 84.857239
37.998734 84.857239
37.782619 85.426079
37.356621 85.426079
36.938763 85.426079
36.732826 85.426079
36.528854 84.857239
36.528854 84.857239
36.326824 83.722702
36.126717 83.722702
35.928501 82.593086
35.732166 82.030388
35.537678 80.351952
35.345024 78.140221
34.883556 77.047234
35.154179 76.504265
34.965122 75.963760
34.423416 75.963760
34.508522 75.963760
26.245857 75.963760
25.924902 75.425781
25.924902 75.425781
27.037258 75.425781
27.499138 75.425781
28.113209 74.890427
28.254250 75.033279
28.092577 74.505150
28.825554 75.579224
29.538782 75.709679
29.663090 75.709679
32.074001 77.582558
32.619244 78.589020
32.446636 79.602669
32.983837 78.486168
32.811367 78.896164
33.340706 80.622940
33.514584 79.930939
33.514584 85.840355
34.053268 84.237366
32.675274 89.474365
34.592289 87.349312
34.226360 86.760300
34.060909 95.290077
34.992020 92.161079
35.928501 97.386040
36.326824 100.684914
36.732826 101.415840
37.146687 105.350136
38.715218 108.778030
40.601295 110.806793
43.135216 118.369049
46.668335 120.540604
50.565098 121.798912
53.652542 123.023865
56.437256 124.215698
59.364582 124.875328
62.758259 126.304497
65.772255 126.304497
68.198593 126.869896
70.201126 127.512611
71.221970 127.596268
75.425781 128.308731
74.890427 128.589157
74.890427 129.225677
74.890427 129.634369
74.128822 129.975922
72.420151 130.364532
71.060997 130.364532
69.193207 131.347778
67.706375 131.023270
66.732292 132.302185
66.250504 131.669083
65.297569 131.669083
64.826477 131.669083
65.297569 131.669083
64.826477 132.302185
64.826477 131.669083
64.826477 131.023270
64.358994 133.228531
64.826477 131.347778
64.358994 132.302185
64.358994 134.421280
64.358994 131.347778
63.895145 134.127548
63.895145 133.830856
64.358994 133.531189
64.358994 132.614059
64.358994 132.922821
64.826477 131.987213
64.358994 134.127548
64.358994 134.127548
64.358994 134.421280
64.358994 135.285049
64.826477 135.567261
64.826477 135.285049
64.358994 135.285049
63.895145 135.846680
64.358994 134.421280
63.895145 135.846680
63.895145 133.531189
63.895145 133.830856
64.358994 135.285049
63.434948 135.285049
63.434948 135.285049
63.434948 135.285049
62.978420 135.567261
62.978420 135.000000
63.434948 134.421280
63.434948 135.285049
63.434948 134.421280
63.434948 134.127548
62.525566 135.000000
62.076408 135.000000
60.751175 135.000000
58.616810 133.830856
56.575188 134.712082
56.976131 135.000000
54.625248 135.285049
52.765167 135.567261
51.340191 135.846680
49.635464 136.123306
48.652222 136.123306
45.287914 136.123306
45.287914 136.123306
45.578724 136.123306
45.287914 135.846680
44.714951 135.846680
45.287914 135.846680
45.000000 135.567261
45.287914 135.846680
45.000000 135.846680
45.000000 135.846680
44.714951 135.846680
44.432735 135.846680
44.432735 135.567261
44.432735 135.567261
44.153324 135.567261
44.153324 135.567261
43.876698 135.285049
43.876698 135.285049
43.876698 134.714951
43.876698 134.714951
43.602818 134.427063
43.602818 134.427063
43.602818 134.136307
43.602818 134.144897
46.468803 133.854233
47.077175 133.854233
47.385944 133.854233
47.697807 133.854233
48.012791 133.865570
48.330917 133.575027
46.582352 133.575027
47.815556 133.575027
48.439869 133.865570
49.635464 134.161591
49.398705 133.876694
50.079609 133.887604
50.425228 133.025070
48.084812 133.616302
45.000000 133.063202
45.000000 133.363419
45.725227 133.919067
45.725227 133.655273
46.094692 133.939087
45.000000 134.207947
45.000000 133.948822
45.395134 134.215179
47.353298 134.222275
46.974934 134.743073
48.652222 135.000000
49.085617 135.252411
46.709812 135.252411
46.735706 135.250198
47.219658 135.498215
47.219658 135.493912
47.683777 135.737671
47.726311 135.737671
47.726311 135.979324
47.327816 135.979324
47.815556 136.218872
48.257221 136.218872
47.910835 135.971024
47.910835 135.971024
48.423870 136.208588
48.945187 136.208588
49.474899 136.208588
49.014175 136.677643
49.553768 136.677643
50.013115 136.663727
50.102165 136.663727
50.659481 136.893387
50.659481 136.893387
50.762634 136.893387
45.000000 137.121094
43.210091 137.121094
42.745426 137.346878
42.780346 137.346878
43.237610 137.346878
42.357452 137.327820
43.237610 137.327820
41.893974 137.327820
42.357452 137.327820
42.357452 137.327820
42.814198 137.327820
43.237610 137.327820
42.316227 137.570740
41.845158 137.327820
42.316227 137.570740
41.423664 137.570740
42.273689 137.570740
43.602818 137.792694
42.709389 137.792694
42.709389 137.792694
44.075954 137.792694
44.075954 138.012787
44.060810 138.012787
45.000000 138.012787
45.939190 137.792694
45.954842 138.012787
46.420265 138.012787
45.939190 138.231018
47.366249 138.012787
46.420265 138.012787
47.862404 138.231018
47.366249 138.475235
47.405972 138.475235
47.862404 138.475235
48.366459 138.475235
48.310944 138.475235
48.814075 138.475235
48.751728 138.475235
49.253838 138.721313
50.110416 138.503540
50.527542 138.503540
50.937416 138.721313
51.441601 138.937225
52.744709 138.721313
53.508701 139.151291
53.378674 139.151291
54.107334 139.151291
55.154266 139.363510
55.980648 139.573914
56.148991 139.573914
56.469532 139.537781
57.399666 139.537781
59.314827 139.950272
57.994617 139.707855
59.667824 140.114014
60.190887 140.114014
60.446316 140.314545
60.505047 140.114014
61.189205 140.314545
61.189205 140.314545
61.189205 140.314545
62.128048 140.074738
61.898647 140.273895
63.845665 140.074738
63.434948 140.273895
63.645592 140.273895
64.259293 140.074738
64.457977 140.074738
64.653824 140.273895
65.037209 140.471405
65.409882 140.471405
65.772255 140.667282
66.170547 140.861542
67.083099 140.430054
66.689064 140.624634
67.249023 141.054199
67.083099 141.009003
67.643112 141.054199
66.744286 141.387115
66.625839 141.198837
66.501434 141.387115
66.740776 141.387115
66.425293 141.759079
66.037514 141.942795
65.260490 141.942795
65.297569 142.125015
65.772255 142.539444
65.112587 142.485046
66.037514 142.839264
67.217598 143.419464
67.420425 143.591217
68.101807 143.700195
68.101807 143.868256
69.075500 144.034988
69.075500 144.429489
69.567169 144.755478
69.315918 144.984955
68.304893 144.984955
69.507408 145.145538
69.443954 145.304840
70.016891 145.076294
70.016891 145.392059
70.906509 145.392059
69.443954 145.619659
69.829346 145.775177
68.416031 145.619659
68.416031 145.848495
68.091293 145.692215
67.557251 145.692215
67.466751 145.692215
67.774971 145.534668
67.335442 145.765747
66.405182 145.765747
66.644432 145.840302
67.027283 145.840302
67.027283 145.607422
67.557251 145.607422
68.091293 145.607422
67.425865 145.447815
67.425865 145.840302
67.109451 145.520782
65.799026 145.520782
66.727097 145.195984
67.249023 144.961121
66.037514 144.796204
66.037514 144.462326
65.508102 144.122894
65.462273 143.714737
65.695450 143.365891
65.695450 143.189301
65.979752 142.413193
65.265701 142.045776
65.508102 141.292358
65.462273 140.314545
65.695450 139.707855
66.209229 139.085617
66.271606 138.447388
65.556046 138.012787
65.265701 137.570740
64.736900 137.121094
65.746078 137.138687
65.508102 137.138687
65.018761 136.663727
65.799026 136.677643
64.230675 136.691788
65.224861 136.691788
65.018761 135.971024
65.308441 136.456360
64.798874 136.456360
65.056099 136.229340
64.767166 136.468796
65.308441 136.468796
65.353233 135.535461
65.095230 135.271545
64.798874 136.468796
65.308441 136.468796
64.767166 136.720810
64.249527 136.720810
63.711739 135.814575
63.983215 135.799423
63.705208 136.720810
64.736900 136.958069
64.983109 136.958069
64.249527 136.481461
63.159489 136.481461
63.165955 135.540512
63.434948 136.720810
63.698982 136.229340
63.705208 135.271545
63.711739 135.268997
63.434948 135.268997
64.230675 135.000000
64.230675 135.744064
63.705208 135.744064
64.249527 135.744064
63.434948 135.498215
62.904449 135.987762
62.378925 135.268997
62.378925 135.987762
61.578793 136.239975
61.578793 135.996353
61.893730 136.481461
61.893730 135.987762
62.402706 135.271545
61.893730 135.987762
61.113419 135.987762
60.610989 135.996353
61.113419 135.271545
60.610989 135.987762
59.743565 135.744064
59.534454 135.737671
59.620872 135.489700
59.826481 135.493912
59.534454 135.737671
59.620872 135.268997
59.420773 135.245911
58.940590 135.489700
59.506641 135.261627
59.703552 135.731400
61.434162 135.489700
66.551941 135.243805
67.380135 135.243805
68.782028 134.469498
69.370117 134.449097
68.198593 135.000000
68.198593 135.000000
62.020527 135.000000
60.732006 134.754089
61.990822 134.754089
62.700428 134.754089
63.434948 134.249451
64.179008 134.003647
64.179008 133.749207
64.680313 132.990448
64.680313 133.492569
65.185806 133.218048
64.949020 133.986023
64.916405 134.242828
64.179008 134.749802
64.179008 135.744064
63.183655 136.383682
62.938892 136.900116
63.434948 135.489700
62.700428 134.421280
63.434948 134.756195
63.194210 133.308212
63.434948 132.825256
63.434948 132.064331
63.924644 129.262268
63.924644 130.985825
64.179008 131.185928
64.179008 132.201111
64.418472 132.709381
63.935337 133.218048
63.681911 133.629547
63.924644 135.000000
63.924644 135.243805
63.924644 135.241760
64.397812 135.481461
64.163246 135.241760
63.676704 135.481461
63.194210 135.000000
61.990822 135.000000
62.891876 134.760269
59.036243 134.760269
56.821487 132.768829
53.972626 134.045166
49.590546 132.531891
49.028263 132.594025
45.806931 132.113586
45.806931 131.605072
46.636578 130.862411
46.660282 129.488525
43.798168 128.379227
42.236141 127.456772
41.185925 125.837646
39.400661 126.000748
39.068474 123.896164
38.659809 122.125000
47.436649 120.699722
46.468803 119.505150
45.000000 117.979477
43.865578 116.922028
35.695229 115.463348
35.897377 115.114830
41.698135 113.629379
40.683971 109.392067
37.126060 109.653824
40.041550 107.327919
39.571903 105.333282
39.111393 103.371330
38.659809 94.573921
37.782619 98.673172
37.290665 93.239700
36.869896 93.513748
36.104145 90.000000
36.528854 88.898293
35.417057 86.600288
34.935432 83.722702
34.261105 81.469231
33.878540 79.796028
35.345024 77.592583
34.149895 76.504265
33.964645 74.890427
33.599411 73.300758
32.969402 72.776566
33.690067 71.737106
33.514584 70.709953
33.514584 69.695526
33.340706 68.694214
33.168423 67.217598
33.168423 66.732292
32.997704 65.772255
32.828541 65.772255
32.828541 65.297569
32.828541 65.772255
32.997704 65.772255
33.168423 65.772255
32.828541 66.250504
32.660915 66.732292
32.660915 66.732292
32.660915 67.217598
34.367092 67.706375
35.607548 69.193207
36.511059 70.201126
37.769756 70.709953
39.182392 72.552811
40.002060 74.611534
41.244659 76.675468
42.529949 78.690071
43.402523 81.253838
44.766140 84.674263
46.198483 87.113579
47.447048 90.477455
48.513752 93.846031
49.359409 97.721825
50.578636 101.029533
50.737736 104.381393
51.023991 107.993088
51.536633 111.202820
51.617989 113.732941
53.130104 116.368835
55.007980 118.886581
57.789074 121.827446
60.316860 123.690063
62.076408 125.998245
64.358994 127.874985
66.732292 129.949768
67.217598 131.905945
67.706375 133.738190
69.193207 135.493912
69.695526 136.691788
69.695526 137.838791
70.201126 138.721313
70.709953 139.573914
70.201126 139.989365
71.221970 140.599335
71.221970 140.799225
71.221970 141.241913
71.221970 141.438049
71.221970 141.438049
70.709953 141.044098
70.201126 140.687988
70.201126 140.483582
70.201126 140.069427
69.695526 139.859619
69.193207 139.253845
68.694214 138.782654
68.694214 138.338470
68.198593 137.886414
68.198593 137.910843
68.198593 137.447052
67.706375 137.212036
67.706375 137.231171
67.217598 136.992096
67.706375 136.992096
67.217598 136.766266
67.217598 136.273026
67.706375 136.273026
67.217598 136.023026
68.198593 135.516159
67.706375 135.259247
67.217598 134.738373
67.706375 134.474365
67.706375 134.474365
67.706375 134.207947
67.217598 134.207947
67.217598 133.667786
66.250504 133.667786
66.250504 133.667786
65.772255 133.929169
66.250504 133.667786
66.250504 133.929169
65.772255 133.667786
64.826477 133.667786
64.826477 133.929169
64.826477 133.667786
64.358994 133.929169
64.358994 133.667786
64.826477 133.393997
64.358994 133.393997
64.358994 133.393997
64.358994 133.667786
64.826477 133.667786
64.358994 133.393997
64.358994 133.655273
64.358994 133.667786
64.358994 133.393997
64.826477 133.667786
64.826477 133.667786
64.826477 133.667786
65.297569 133.667786
65.772255 133.667786
65.772255 133.393997
66.250504 133.655273
65.772255 133.667786
66.250504 133.667786
65.772255 133.667786
65.772255 133.667786
66.250504 133.667786
66.250504 133.667786
66.250504 133.655273
66.250504 133.929169
66.732292 133.667786
67.217598 133.667786
66.732292 133.667786
66.732292 133.667786
66.732292 133.655273
66.250504 133.667786
66.250504 133.393997
66.250504 133.667786
66.250504 133.667786
66.250504 133.667786
66.250504 133.667786
66.250504 133.939087
65.772255 133.667786
66.250504 133.667786
66.250504 133.939087
65.772255 133.939087
65.772255 133.939087
66.250504 134.207947
66.250504 133.939087
66.250504 133.939087
66.250504 133.667786
66.250504 133.667786
66.250504 133.939087
66.250504 133.408859
66.250504 133.667786
66.250504 133.408859
66.250504 133.408859
66.250504 133.408859
66.732292 133.393997
67.217598 133.408859
67.217598 133.667786
67.217598 133.667786
67.217598 133.408859
67.217598 133.408859
67.706375 133.667786
67.706375 133.408859
67.706375 133.408859
67.706375 133.939087
68.198593 133.948822
68.198593 134.215179
68.198593 134.479141
68.694214 135.256927
68.694214 136.507431
68.694214 137.702942
69.193207 139.724457
68.694214 141.788971
68.694214 144.039490
68.198593 145.669785
67.217598 147.380753
66.250504 149.081329
65.297569 150.505051
63.434948 151.898651
62.525566 153.221161
61.630955 154.586990
59.886265 156.410004
60.316860 156.592194
59.886265 156.948700
59.886265 157.036224
60.316860 157.123123
60.561512 157.380127
61.232349 157.209412
60.802513 157.380127
61.898647 157.464600
62.128048 157.548447
63.217094 157.631729
0.000000 173.139404
64.746834 156.885788
0.000000 172.486633
0.000000 172.043671
0.000000 171.901169
0.000000 171.524185
0.000000 171.540527
0.000000 170.883484
0.000000 170.848267
0.000000 171.136383
0.000000 170.862091
0.000000 170.812790
0.000000 171.033173
0.000000 170.444611
0.000000 170.556305
0.000000 170.482056
0.000000 170.593323
0.000000 170.945343
0.000000 170.851974
0.000000 170.500214
0.000000 170.556076
0.000000 170.284790
0.000000 170.004959
0.000000 0.000000
0.000000 169.914520
0.000000 138.601288
0.000000 137.882965
0.000000 137.121094
0.000000 135.444153
0.000000 134.548859
0.000000 132.633759
0.000000 131.121475
0.000000 129.536163
0.000000 127.303947
0.000000 125.537674
55.799515 147.775467
55.678947 147.458252
54.934097 147.388458
54.566685 146.567444
53.577717 146.439117
53.310276 146.179871
0.000000 112.285583
0.000000 111.476791
0.000000 110.973495
0.000000 110.973495
0.000000 109.290047
0.000000 108.434952
0.000000 105.819191
0.000000 105.819191
0.000000 104.931419
0.000000 105.819191
0.000000 104.931419
0.000000 105.819191
0.000000 104.931419
44.432735 18.434950
43.865578 18.530922
43.298645 18.627863
43.025066 18.627863
43.025066 18.627863
42.461456 18.725788
42.193630 18.725788
42.193630 18.725788
41.928535 18.725788
41.898335 18.824711
41.928535 18.725788
41.928535 18.725788
41.898335 18.824711
41.928535 18.725788
42.193630 18.725788
42.754257 18.627863
43.025066 18.627863
43.865578 18.530922
0.000000 111.447739
0.000000 112.328659
54.625248 134.286804
0.000000 113.428696
55.394325 134.766144
55.784298 135.939194
56.177914 136.408630
56.575188 136.650040
56.976131 136.374832
57.380756 138.283859
57.789074 138.503540
58.201088 139.434479
59.036243 139.899094
59.459396 140.363068
59.886265 140.527542
59.886265 141.696381
59.886265 142.096695
60.751175 139.294785
61.189205 139.950272
61.189205 140.599335
61.189205 140.997406
61.630955 140.997406
62.076408 141.632507
62.076408 141.193909
62.525566 141.825317
62.525566 141.825317
62.978420 145.523911
62.978420 142.450256
62.978420 142.696045
63.434948 143.068634
63.434948 143.068634
63.434948 143.498566
62.978420 143.498566
63.434948 143.746155
63.434948 143.927521
63.434948 143.498566
63.895145 143.927521
63.895145 144.107330
63.434948 144.355499
63.895145 144.176208
63.434948 143.995346
63.434948 143.995346
63.895145 143.995346
63.434948 144.064194
63.434948 144.246109
63.895145 144.246109
63.895145 144.246109
63.895145 144.498474
63.895145 144.678253
63.895145 144.678253
63.895145 144.678253
63.895145 148.330261
63.895145 148.227798
63.895145 148.765213
63.895145 149.198547
64.358994 149.359344
64.358994 149.518616
64.358994 150.216324
63.434948 149.945618
64.358994 150.370941
64.358994 151.339691
64.358994 150.945389
64.358994 151.614426
64.826477 151.890579
64.826477 151.909271
64.358994 152.037766
64.826477 152.037766
64.358994 152.183533
63.895145 152.447189
64.358994 152.592422
64.826477 152.736252
64.826477 152.878693
64.826477 152.878693
64.826477 153.159485
64.826477 153.296219
64.826477 153.019775
64.826477 153.156143
64.826477 153.152710
64.826477 152.727631
64.358994 152.864868
64.826477 153.152710
64.826477 153.009491
64.826477 153.434952
64.826477 154.279541
64.358994 155.115509
64.358994 155.786346
65.297569 156.227646
64.826477 156.352844
65.297569 157.520569
64.358994 157.970551
65.297569 158.369110
65.297569 158.592560
65.297569 158.592560
65.297569 159.373444
65.297569 159.373444
65.297569 159.373444
65.297569 159.266785
65.297569 159.939392
65.297569 160.304947
65.297569 160.782898
65.297569 161.168549
65.297569 161.665039
64.826477 162.570129
65.297569 163.484299
65.297569 164.716705
65.772255 166.429565
64.826477 166.795166
65.772255 167.708649
65.772255 168.936493
65.772255 169.611145
65.772255 169.919403
66.250504 170.228256
66.250504 170.946564
65.772255 171.253845
65.772255 171.607071
66.732292 171.913742
66.250504 171.957108
66.732292 172.303955
67.217598 172.344833
66.250504 172.647614
66.250504 172.913101
67.217598 173.218292
67.217598 173.218292
67.217598 173.558395
66.732292 173.862747
67.706375 174.198410
68.198593 174.198410
68.198593 174.530899
67.217598 174.530899
67.706375 174.860245
68.198593 175.186447
68.694214 175.509552
67.706375 175.509552
67.706375 175.532837
68.198593 175.785828
68.198593 175.763611
68.198593 175.741150
68.694214 176.065216
68.198593 176.106293
69.193207 176.106293
68.198593 176.085861
68.694214 176.386124
69.193207 176.367050
68.198593 176.669083
69.193207 176.703888
68.694214 177.002960
69.695526 176.987213
68.694214 177.273682
69.193207 177.288010
68.694214 177.273682
68.694214 177.588974
69.193207 177.878906
68.694214 177.878906
69.193207 177.856232
69.193207 177.844727
69.193207 177.833084
69.193207 177.550339
69.193207 177.550339
68.694214 177.563354
68.694214 177.588974
68.694214 177.912018
69.193207 177.912018
69.695526 178.200729
68.694214 178.200729
69.193207 178.492569
69.193207 178.492569
68.694214 178.492569
69.695526 178.484589
69.193207 178.492569
68.694214 178.476532
69.193207 178.484589
69.193207 178.500458
68.694214 178.500458
69.193207 178.500458
68.694214 179.393723
68.694214 178.484589
68.694214 178.468399
69.193207 177.797409
69.193207 181.767822
69.193207 181.767822
69.193207 181.527527
69.193207 180.779480
69.695526 181.201828
68.694214 182.045410
0.000000 0.000000
0.000000 0.000000
0.000000 0.000000
69.193207 187.180542
69.193207 188.852005
69.193207 189.540375
68.694214 190.738892
69.193207 192.094757
69.695526 193.298569
69.193207 194.036240
69.695526 195.300842
69.193207 196.598099
69.695526 197.417969
69.695526 197.912506
69.695526 197.896133
69.193207 199.179016
69.695526 200.344101
69.193207 201.914871
69.193207 203.772354
69.193207 204.341095
69.695526 205.750473
69.193207 205.201126
228.012787 315.000000
69.193207 206.003342
69.193207 204.863693
69.193207 204.498566
69.193207 202.416153
69.695526 199.925583
69.193207 199.798874
69.695526 200.924500
68.694214 198.886093
69.193207 201.370621
68.694214 202.557251
69.193207 201.092346
69.193207 200.297577
69.193207 198.904572
69.193207 197.560272
68.694214 193.240524
68.694214 189.162354
68.694214 186.775650
68.694214 184.853104
68.694214 182.082565
68.694214 180.987762
68.694214 0.000000
68.694214 179.097778
68.198593 179.125320
68.694214 179.151230
68.198593 180.818451
68.198593 179.599335
67.706375 0.000000
68.694214 180.725220
67.706375 181.094696
68.198593 182.188583
68.198593 177.797409
68.198593 177.797409
68.198593 177.833084
68.198593 183.576340
68.198593 184.289154
68.198593 178.484589
68.198593 178.492569
68.198593 178.793945
68.694214 179.100143
68.198593 179.095398
68.694214 179.393723
68.198593 179.390488
68.694214 179.383942
68.694214 179.383942
68.198593 179.390488
68.694214 179.396912
68.694214 179.396912
68.694214 179.400070
68.694214 179.396912
68.694214 179.698441
68.694214 179.698441
68.694214 179.696854
68.694214 179.696854
68.694214 179.696854
68.198593 179.696854
68.198593 179.696854
68.198593 179.393723
68.198593 179.396912
68.694214 178.476532
68.694214 177.496857
68.694214 176.248276
68.694214 175.891891
68.198593 174.920395
68.198593 174.574768
68.198593 174.289413
68.198593 174.289413
68.198593 174.040161
67.706375 174.104477
67.706375 175.056992
68.198593 175.364532
67.706375 175.958649
67.706375 175.936630
68.198593 175.262558
67.706375 175.891891
68.198593 176.206940
0.000000 0.000000
0.000000 0.000000
0.000000 0.000000
0.000000 0.000000
0.000000 0.000000
0.000000 0.000000
0.000000 0.000000
0.000000 0.000000
68.198593 188.820374
68.694214 188.408905
68.694214 190.527786
68.694214 192.094757
68.198593 192.692657
68.694214 192.200470
68.694214 191.210632
68.694214 187.728638
68.198593 192.804260
68.694214 193.671310
0.000000 0.000000
0.000000 0.000000
0.000000 0.000000
0.000000 0.000000
0.000000 0.000000
0.000000 0.000000
0.000000 0.000000
68.694214 0.000000
68.694214 0.000000
68.694214 179.348938
68.198593 179.028976
68.198593 178.372711
68.198593 177.089157
68.198593 175.156006
68.198593 178.386459
68.198593 175.833496
68.694214 172.184708
68.198593 169.592285
68.198593 167.228760
68.198593 165.518234
67.706375 164.553680
68.198593 164.399155
67.706375 164.494949
67.706375 164.589615
67.706375 165.221832
67.706375 165.883057
67.217598 166.778717
67.706375 167.180908
67.706375 168.043411
67.217598 168.043411
67.706375 168.432556
67.217598 169.200485
67.706375 169.898117
67.217598 170.537674
67.706375 171.179626
67.217598 172.101868
67.706375 172.554672
67.217598 171.634109
67.217598 171.585312
67.706375 171.486008
67.217598 170.761703
67.217598 170.651016
67.217598 170.651016
67.217598 170.368835
67.217598 170.311218
67.217598 170.706696
67.217598 171.045212
67.217598 172.158295
66.250504 173.130005
67.217598 174.654556
67.217598 175.962296
67.217598 174.472458
67.217598 175.389343
67.217598 176.065216
67.217598 176.085861
67.217598 176.404984
67.217598 176.442154
67.217598 176.166321
67.217598 176.185928
67.217598 175.872406
67.706375 175.893509
67.217598 175.356720
67.217598 174.805573
67.217598 174.463120
67.706375 174.434906
67.217598 174.463120
67.706375 174.114014
67.217598 174.634369
67.706375 173.768250
67.217598 173.367493
67.706375 173.250824
67.217598 173.547531
67.706375 173.585403
67.217598 174.322586
67.706375 174.685455
67.706375 174.746201
67.217598 173.659805
68.198593 174.022232
67.706375 174.053131
68.198593 173.853378
67.706375 173.853378
67.706375 173.821930
68.198593 173.853378
67.706375 173.821930
68.198593 173.821930
67.706375 174.114014
68.198593 173.821930
68.198593 173.821930
68.198593 173.360535
68.198593 172.988144
68.694214 172.988144
68.198593 173.061615
67.706375 173.061615
68.198593 173.061615
68.198593 173.061615
67.706375 173.061615
68.198593 173.360535
67.706375 173.325531
67.706375 173.061615
67.706375 172.686508
67.706375 172.686508
68.198593 172.042480
68.198593 171.957108
68.198593 171.091003
68.198593 170.739777
68.198593 169.939316
67.706375 169.398849
67.706375 168.980316
67.706375 168.280396
67.706375 167.822891
67.706375 166.759476
67.706375 166.035110
68.198593 165.316772
68.198593 165.547577
67.706375 164.380615
67.706375 164.213211
67.706375 163.898697
67.706375 163.774719
67.706375 163.412659
67.217598 162.576584
66.732292 161.933502
67.217598 161.745224
66.732292 160.927444
66.732292 160.114838
66.732292 159.410736
66.732292 158.355560
66.732292 157.466751
66.732292 156.467651
66.732292 155.836670
66.250504 155.720490
65.772255 155.863449
65.772255 156.303864
65.772255 156.839844
65.772255 157.266586
65.772255 158.252594
65.772255 158.581650
65.772255 158.364349
65.297569 159.274445
65.297569 158.856506
64.826477 158.749496
65.297569 158.702652
64.826477 159.550446
64.358994 159.516159
64.826477 159.298065
64.358994 159.590118
65.297569 159.911804
64.826477 160.016891
64.826477 159.729889
65.297569 159.623566
65.772255 159.516159
65.297569 158.257416
65.297569 157.899872
65.772255 158.020279
65.297569 158.139465
65.772255 158.428696
65.297569 158.592560
65.297569 158.422180
65.772255 157.864502
65.772255 157.636337
65.772255 156.760742
65.772255 156.551941
65.772255 155.874649
65.772255 156.134247
65.772255 156.262070
65.772255 156.005096
65.772255 156.760742
65.297569 156.721054
65.772255 156.068970
65.772255 155.530197
65.772255 155.002350
65.772255 154.867050
66.250504 154.867050
65.772255 155.268921
65.772255 155.400208
65.772255 155.530197
65.297569 155.376434
65.772255 155.400208
65.772255 155.268921
65.772255 154.867050
65.772255 154.867050
65.772255 155.002350
66.250504 155.424576
66.250504 155.556046
65.772255 155.686203
66.250504 155.844482
65.772255 155.874649
65.772255 155.609695
65.772255 155.179459
65.772255 155.475159
66.250504 155.874649
66.250504 156.134247
66.250504 156.262070
66.250504 156.101212
66.250504 155.556046
66.250504 155.556046
65.772255 155.815063
66.250504 156.037506
66.732292 156.721054
65.297569 157.239990
65.772255 157.520569
66.250504 157.854828
66.250504 158.542023
65.772255 159.227753
65.772255 159.590118
66.250504 160.472885
66.250504 161.264023
65.772255 161.666824
66.250504 162.704605
66.250504 163.425995
66.250504 163.964020
66.250504 164.744873
66.250504 164.981644
66.250504 164.981644
66.250504 164.981644
66.732292 164.893707
66.732292 165.308044
66.732292 164.623749
66.732292 164.804749
66.732292 165.308044
66.250504 164.981644
66.732292 164.566574
66.732292 163.591431
65.297569 163.141602
66.250504 162.292908
66.250504 160.942291
65.772255 159.290955
65.772255 158.379517
65.772255 157.306213
65.772255 156.297348
65.772255 155.556046
65.297569 154.983109
65.297569 154.125229
65.772255 153.297882
66.250504 153.029556
65.772255 152.087067
65.297569 151.699249
65.772255 149.987564
65.297569 148.392502
65.297569 147.283951
65.297569 146.580627
65.297569 145.576584
65.297569 145.007980
65.297569 144.071503
65.297569 145.034882
65.297569 143.873291
65.297569 143.873291
64.358994 143.873291
64.826477 144.071503
65.297569 144.267838
64.826477 144.267838
64.826477 144.462326
65.772255 144.071503
64.826477 143.471146
65.772255 143.061234
65.297569 142.431412
65.772255 142.001266
64.826477 141.783051
65.297569 141.783051
65.297569 141.562698
65.772255 141.724350
65.297569 142.217377
64.826477 142.853317
65.297569 143.267181
64.826477 143.673172
64.826477 143.800201
64.826477 143.728302
64.358994 143.997147
64.358994 143.800201
64.358994 143.997147
64.826477 143.461288
64.358994 143.728302
65.297569 143.263199
64.826477 142.861420
65.297569 142.390411
64.358994 141.499344
64.826477 141.124176
63.895145 140.686035
63.895145 140.957123
64.358994 141.230316
64.358994 142.155548
64.358994 142.368057
63.895145 143.471146
64.358994 143.673172
64.826477 143.331375
64.826477 143.530762
65.297569 142.861420
63.895145 142.657715
64.358994 142.721832
63.895145 142.657715
64.358994 143.198074
64.358994 143.331375
64.358994 143.263199
63.434948 142.796997
63.434948 142.125015
62.978420 141.654419
64.358994 140.971558
62.978420 141.234482
63.434948 141.499344
63.895145 141.554184
62.978420 141.976196
62.978420 141.234482
63.434948 140.758255
63.895145 140.281235
62.978420 139.843994
63.434948 139.885193
62.525566 139.661865
62.525566 139.661865
62.978420 139.885193
62.978420 139.885193
62.076408 140.325745
61.630955 139.843994
62.076408 140.758255
62.076408 141.918381
62.076408 144.500244
62.525566 145.773636
62.076408 147.283951
62.076408 149.036240
61.630955 150.018356
61.189205 151.440384
61.630955 151.831665
61.630955 152.850311
61.630955 153.733368
61.630955 154.198853
61.189205 156.037506
61.189205 156.515884
61.630955 157.293625
61.189205 158.198593
60.751175 159.215134
61.630955 160.292023
61.189205 161.175293
61.630955 162.223602
61.189205 163.261246
60.751175 164.054596
61.630955 165.774033
61.630955 165.768539
60.751175 166.644653
60.751175 167.067398
60.751175 168.231705
62.076408 168.613571
61.189205 169.143585
60.751175 169.143585
61.630955 169.969788
61.189205 168.906281
61.630955 169.972092
61.630955 170.311218
61.189205 169.911835
61.630955 169.789139
62.525566 171.224945
61.630955 170.849747
61.630955 170.412170
62.076408 170.475327
62.076408 170.537674
62.978420 170.719955
62.076408 169.695160
61.630955 169.088867
62.076408 168.492264
62.076408 167.619247
62.076408 166.373001
62.076408 165.797440
62.076408 165.134644
62.076408 165.221832
61.630955 165.635422
62.525566 165.154541
62.525566 164.832535
62.525566 163.964020
62.525566 163.113205
62.525566 162.507675
62.076408 161.670563
62.525566 160.806931
61.630955 160.346176
62.076408 159.775146
61.630955 159.775146
61.189205 159.809402
61.630955 160.597672
61.630955 161.029587
61.189205 161.458359
61.189205 161.889984
61.189205 162.847580
61.630955 162.769943
61.630955 163.101349
61.630955 163.131348
61.630955 164.991089
61.630955 167.386368
62.525566 168.690063
61.630955 169.380341
62.525566 170.233322
61.630955 172.405350
62.525566 173.118271
61.630955 173.494370
61.630955 173.379227
61.630955 173.884491
62.525566 173.990997
62.978420 174.143982
62.076408 174.382416
62.978420 174.805573
62.076408 174.207199
62.076408 172.661392
62.978420 170.537674
63.434948 167.799530
62.076408 164.515823
62.978420 161.449768
62.978420 158.397766
62.076408 154.704453
62.076408 152.030151
62.076408 149.272522
62.525566 147.061310
61.189205 142.628143
61.189205 143.061234
61.630955 140.659485
61.189205 140.428101
59.886265 139.438721
60.751175 138.428375
59.459396 137.626404
58.616810 137.101654
58.616810 137.082565
58.616810 137.082565
57.789074 137.332031
57.789074 137.579147
57.380756 138.066483
56.976131 138.747650
56.976131 139.436478
57.789074 139.622375
56.575188 140.758255
56.575188 141.654419
57.789074 143.392929
56.976131 144.688782
56.575188 145.591522
56.575188 145.954071
56.976131 145.407715
56.976131 143.728302
57.380756 141.499344
57.380756 139.702057
57.380756 137.533554
57.380756 134.735962
57.380756 133.099884
57.380756 132.510437
57.789074 131.335815
56.976131 131.898331
56.976131 131.867538
56.976131 132.193634
57.380756 132.776031
56.976131 132.534241
56.976131 132.557587
56.976131 132.015717
56.976131 131.440735
56.575188 130.259491
56.575188 129.345581
56.575188 128.659805
56.575188 128.595642
56.177914 128.915314
55.784298 129.857239
56.177914 131.074097
55.784298 131.987213
55.394325 132.299377
55.784298 133.408859
55.394325 133.152390
55.394325 132.878906
55.784298 132.859100
55.394325 132.299377
55.784298 132.273682
55.784298 132.534241
56.177914 133.081726
56.177914 133.378845
56.575188 134.469498
56.575188 135.259247
56.575188 136.013977
56.177914 136.013977
56.575188 136.261810
56.575188 136.507431
56.575188 136.023026
53.870556 135.261627
56.575188 135.266495
56.976131 135.000000
56.976131 135.540512
56.976131 136.080933
57.789074 136.621140
56.575188 137.374969
56.575188 137.602570
56.177914 138.747650
56.177914 139.398712
56.575188 140.063614
56.177914 140.451553
55.784298 141.082336
55.784298 141.952957
55.784298 142.153564
56.976131 142.869080
56.575188 143.065140
56.976131 143.519424
59.459396 143.259430
0.000000 169.554382
0.000000 169.681030
0.000000 169.370651
0.000000 169.611145
0.000000 169.554382
0.000000 169.428528
76.849052 144.019318
78.896164 144.317078
81.945587 144.498474
84.019402 145.033112
85.643028 144.958069
87.220833 145.132217
88.898293 145.057312
91.101707 145.399231
92.752487 145.491486
94.398705 145.823013
94.441238 146.148987
97.406914 146.230347
96.155167 146.389175
95.092117 146.702896
95.142761 146.929321
95.142761 147.231506
94.573921 147.528809
94.004173 147.675659
93.433632 147.965851
92.862404 148.109207
93.433632 148.023071
94.573921 148.251419
95.142761 148.251419
96.277298 147.795868
97.969612 148.251419
100.203972 148.023071
102.952766 147.880310
104.036240 148.023071
105.109573 148.023071
106.172157 147.795868
107.223434 148.023071
107.744675 148.164719
108.778030 147.938049
108.267906 147.938049
108.778030 147.854126
0.000000 161.754150
0.000000 160.906509
0.000000 161.283737
0.000000 160.526855
0.000000 161.565048
0.000000 160.709961
0.000000 160.994019
0.000000 160.120926
0.000000 161.469086
0.000000 161.372131
0.000000 160.120926
0.000000 161.372131
0.000000 160.782898
0.000000 160.974396
0.000000 159.883270
0.000000 160.346176
0.000000 160.016891
0.000000 159.561050
0.000000 159.084869
0.000000 158.713593
0.000000 158.459015
0.000000 158.329559
0.000000 158.198593
0.000000 157.932098
93.433632 148.760788
0.000000 157.796524
92.862404 148.480896
92.290611 148.621399
0.000000 157.520569
91.718361 148.480896
91.718361 148.621399
91.718361 145.585632
91.718361 148.480896
91.718361 148.621399
90.572937 148.851410
90.572937 148.711487
90.572937 148.851410
90.000000 148.851410
89.427063 148.621399
90.000000 148.621399
89.427063 145.948227
90.000000 148.711487
89.427063 146.018723
89.427063 145.948227
89.427063 145.801620
87.709389 146.018723
86.074089 146.018723
82.942154 146.018723
79.412682 145.871460
75.335541 146.018723
69.848251 146.018723
64.495857 145.723053
60.592812 145.942184
57.763214 145.793106
54.462322 145.573517
53.458912 145.422852
52.160450 148.140335
50.654419 147.994614
0.000000 94.085617
89.181541 0.000000
81.069412 0.000000
79.845734 0.000000
75.963760 0.000000
40.645779 144.865814
39.699074 144.188843
81.469231 0.000000
44.714951 142.468109
45.287914 141.483078
44.709160 140.667282
43.842667 139.600098
83.018944 0.000000
41.035347 138.106018
40.259487 137.662994
18.434950 0.000000
11.309933 0.000000
1.591140 0.000000
0.000000 0.000000
352.056519 0.000000
352.725006 0.000000
349.796021 0.000000
348.503448 0.000000
333.434937 0.000000
349.939301 0.000000
350.690063 0.000000
357.838928 0.000000
4.864514 0.000000
18.886087 0.000000
53.972626 0.000000
83.884499 0.000000
43.063198 53.130104
49.310627 52.075466
56.993347 50.619709
64.776077 50.053825
74.116150 49.774345
82.588509 49.774345
93.366463 50.335609
104.500168 50.762634
113.818649 51.486057
122.927856 52.373764
132.833084 53.746162
137.862396 53.901718
141.106094 53.746162
0.000000 170.511353
144.582947 18.532557
0.000000 172.638229
0.000000 172.767624
0.000000 172.839554
0.000000 173.033310
0.000000 173.207687
0.000000 173.151688
0.000000 173.151688
0.000000 173.013290
0.000000 172.909378
0.000000 172.652039
0.000000 172.396240
0.000000 172.259659
0.000000 171.830872
0.000000 171.674347
0.000000 171.654282
0.000000 171.552475
0.000000 171.511063
0.000000 171.405731
0.000000 171.297775
0.000000 171.142044
0.000000 170.957153
0.000000 170.739777
0.000000 170.195847
0.000000 169.472214
0.000000 168.451477
0.000000 167.766022
0.000000 166.651276
0.000000 165.145294
0.000000 163.681259
0.000000 162.272369
0.000000 159.787216
0.000000 0.000000
0.000000 0.000000
0.000000 0.000000
0.000000 0.000000
0.000000 0.000000
0.000000 0.000000
0.000000 0.000000
0.000000 108.434952
0.000000 100.573524
0.000000 93.972496
88.339714 0.000000
83.945808 0.000000
81.869896 0.000000
77.774879 0.000000
77.774879 0.000000
76.865974 0.000000
76.865974 0.000000
76.865974 0.000000
76.865974 0.000000
75.963760 0.000000
75.963760 0.000000
75.963760 0.000000
76.865974 0.000000
42.534241 141.290680
42.015717 141.788971
42.015717 142.549423
42.015717 143.451981
41.760300 144.162354
41.507408 144.875595
41.760300 145.591522
41.507408 145.773636
43.135216 147.030594
44.200577 147.380753
46.370449 148.097046
50.565098 148.981201
53.130104 149.470291
55.394325 149.630234
57.789074 148.931686
59.459396 149.765427
60.316860 150.068481
60.751175 150.068481
60.751175 151.216370
60.751175 151.488754
61.189205 152.054596
61.630955 152.744675
61.189205 153.434952
61.630955 153.848129
62.076408 153.983215
62.525566 155.037216
62.978420 155.432831
63.895145 155.799026
64.340736 156.037506
65.013565 155.890823
65.190590 155.890823
66.674652 155.627640
66.801407 155.365540
66.921776 155.224854
67.693794 154.893555
0.000000 173.412720
0.000000 173.067551
0.000000 172.697876
0.000000 172.443649
0.000000 172.221649
0.000000 171.891068
0.000000 171.288559
0.000000 170.847656
135.846680 17.860094
134.127548 17.860094
133.531189 17.860094
133.515991 17.953484
133.806519 18.047821
132.901093 17.953484
130.695526 17.860094
127.596268 17.860094
124.215698 17.860094
121.639786 17.953484
121.218399 17.953484
122.471191 17.953484
123.690063 17.953484
123.690063 17.953484
120.364273 17.953484
116.333084 17.953484
112.988716 17.953484
110.998718 17.953484
110.492592 17.953484
109.983109 17.953484
110.492592 17.953484
112.000702 17.953484
110.304474 17.860094
108.262894 17.860094
104.553574 17.495758
101.944176 17.495758
99.727577 17.406914
102.355362 17.406914
102.470459 17.495758
103.642914 17.585485
103.642914 17.585485
102.470459 17.495758
101.309929 17.406914
98.583618 17.318939
95.924583 17.318939
97.907166 17.145550
93.179832 17.145550
91.576553 17.060114
91.060913 17.145550
94.763641 17.145550
91.606003 17.231821
91.060913 17.145550
94.763641 17.145550
95.339233 17.231821
93.209488 17.231821
95.389313 17.318939
95.440331 17.406914
96.037682 17.495758
97.334381 17.767641
97.480888 17.953484
99.272598 18.047821
99.940575 18.143124
101.888657 18.336670
103.134026 18.838434
103.877533 19.367348
105.018364 19.698622
107.102730 20.157612
107.265808 20.637547
108.434952 20.885801
106.164497 21.269060
110.746078 21.665958
112.873665 21.938480
113.532349 22.217594
115.387909 22.649128
112.479431 22.796520
116.965714 22.945742
118.178589 23.096821
119.859016 23.404690
119.054604 23.404690
123.178513 23.720396
123.439865 23.561546
124.418365 23.404690
125.639809 23.561546
126.869896 23.720396
127.405357 23.881277
128.107574 23.881277
128.254425 23.720396
129.472458 23.881277
128.927551 23.720396
129.588135 23.720396
128.927551 23.720396
128.018951 23.249792
129.053131 23.561546
126.384354 22.945742
125.537674 23.096821
122.592583 22.359694
116.927673 22.077200
118.979706 21.801411
115.588509 21.012079
113.385223 20.637547
111.425293 20.040951
112.770378 19.811478
109.653824 19.476576
107.840202 19.152390
107.281502 18.838434
107.860092 18.838434
106.525795 18.735973
105.361618 18.735973
103.448616 18.634586
101.768288 18.239401
99.090279 17.860094
96.095863 17.585485
93.209488 17.231821
91.032242 16.891695
88.479233 16.726475
87.013367 16.564367
85.525101 16.564367
83.605598 16.484453
82.568588 16.564367
82.504143 16.645037
83.059013 16.564367
82.998734 16.645037
82.937401 16.726475
84.986885 16.645037
86.486252 16.645037
88.007904 16.564367
88.518539 16.484453
90.493919 16.484453
90.979317 16.405285
92.935677 16.405285
93.911575 16.405285
95.856010 16.405285
97.305756 16.405285
99.782410 16.484453
102.264771 16.564367
105.549805 16.564367
107.981430 16.645037
111.274971 16.726475
114.057350 16.808693
0.000000 164.689590
0.000000 165.277023
0.000000 165.633118
0.000000 166.055496
0.000000 166.454208
0.000000 164.683136
0.000000 0.000000
0.000000 0.000000
0.000000 0.000000
0.000000 0.000000
0.000000 0.000000
0.000000 166.692566
0.000000 166.692566
0.000000 166.615280
0.000000 0.000000
0.000000 124.695152
0.000000 125.753891
63.027157 135.493912
62.807648 135.248032
63.004162 135.000000
62.995911 135.763901
62.543259 135.507034
63.208485 134.749802
62.978420 135.000000
62.978420 135.516159
62.978420 135.784821
62.978420 134.443741
62.978420 134.714951
62.978420 134.712082
62.978420 134.421280
63.434948 133.830856
62.978420 134.127548
63.895145 134.712082
63.895145 135.285049
64.358994 135.567261
64.358994 135.846680
64.826477 136.123306
64.826477 136.397186
65.297569 136.668335
64.826477 136.936798
64.826477 137.202606
64.826477 137.465759
64.826477 137.726318
64.358994 137.984283
60.751175 138.239700
61.273869 137.675430
61.504360 136.591141
60.945396 135.520859
60.642246 133.692108
0.000000 165.963760
0.000000 165.354752
0.000000 164.797592
0.000000 164.083374
0.000000 163.936890
0.000000 164.024933
0.000000 164.534302
0.000000 165.488937
0.000000 166.016220
0.000000 166.637177
0.000000 167.195740
0.000000 167.242462
0.000000 167.380676
0.000000 167.604599
0.000000 167.691986
0.000000 167.778168
0.000000 167.905243
0.000000 167.947021
0.000000 167.988525
0.000000 168.029739
0.000000 167.947021
0.000000 167.471191
0.000000 167.096710
0.000000 166.520508
0.000000 165.753311
0.000000 164.744873
0.000000 163.691772
0.000000 162.461502
0.000000 161.037811
0.000000 158.829453
0.000000 155.931274
0.000000 150.906174
0.000000 145.922806
0.000000 138.918243
0.000000 129.472458
0.000000 117.235146
0.000000 102.264771
88.339714 0.000000
74.054604 0.000000
62.140350 0.000000
53.130104 0.000000
45.400661 0.000000
39.610691 0.000000
34.579288 0.000000
30.611387 0.000000
26.729694 0.000000
24.134859 0.000000
21.571308 0.000000
18.970407 0.000000
16.873472 0.000000
14.151411 0.000000
12.034079 0.000000
10.447818 0.000000
9.211026 0.000000
0.000000 0.000000
0.000000 0.000000
0.000000 0.000000
0.000000 0.000000
0.000000 0.000000
0.000000 0.000000
0.000000 0.000000
0.000000 0.000000
0.000000 0.000000
0.000000 0.000000
0.000000 0.000000
0.000000 0.000000
0.000000 0.000000
0.000000 0.000000
0.000000 0.000000
0.000000 0.000000
0.000000 0.000000
0.000000 0.000000
0.000000 0.000000
0.000000 0.000000
0.000000 0.000000
0.000000 0.000000
0.000000 0.000000
0.000000 0.000000
0.000000 0.000000
0.000000 0.000000
0.000000 0.000000
0.000000 0.000000
0.000000 0.000000
0.000000 0.000000
0.000000 0.000000
0.000000 0.000000
0.000000 0.000000
0.000000 0.000000
0.000000 0.000000
0.000000 0.000000
0.000000 0.000000
0.000000 0.000000
0.000000 0.000000
0.000000 0.000000
0.000000 0.000000
0.000000 0.000000
0.000000 0.000000
0.000000 0.000000
0.000000 0.000000
0.000000 0.000000
0.000000 0.000000
0.000000 0.000000
0.000000 0.000000
0.000000 0.000000
0.000000 0.000000
0.000000 0.000000
