0	-1000
1	-1000
2	-1000
3	-1000
4	-1000
5	-1000
6	-1000
7	-1000
8	-1000
9	-1000
10	-1000
11	-1000
12	-1000
13	-1000
14	-1000
15	-1000
16	-1000
17	-1000
18	-1000
19	-1000
20	-1000
21	-1000
22	-1000
23	-1000
24	-1000
25	-1000
26	-1000
27	-1000
28	-1000
29	-1000
30	-1000
31	-1000
32	-1000
33	-1000
34	-1000
35	-1000
36	-1000
37	-1000
38	-1000
39	-1000
40	-1000
41	-1000
42	-1000
43	-1000
44	-1000
45	-1000
46	-1000
47	-1000
48	-1000
49	-1000
50	-1000
51	-1000
52	-1000
53	-1000
54	-1000
55	-1000
56	-1000
57	-1000
58	-1000
59	-1000
60	-1000
61	-1000
62	-1000
63	-1000
64	-1000
65	-1000
66	-1000
67	-1000
68	-1000
69	-1000
70	-1000
71	-1000
72	-1000
73	-1000
74	-1000
75	-1000
76	-1000
77	-1000
78	-1000
79	-1000
80	-1000
81	-1000
82	-1000
83	-1000
84	-1000
85	-1000
86	-1000
87	-1000
88	-1000
89	-1000
90	-1000
91	-1000
92	-1000
93	-1000
94	-1000
95	-1000
96	-1000
97	-1000
98	-1000
99	-1000
100	-1000
101	-1000
102	-1000
103	-1000
104	-1000
105	-1000
106	-1000
107	-1000
108	-1000
109	-1000
110	-1000
111	-1000
112	-1000
113	-1000
114	-1000
115	-1000
116	-1000
117	-1000
118	-1000
119	-1000
120	-1000
121	-1000
122	-1000
123	-1000
124	-1000
125	-1000
126	-1000
127	-1000
128	-1000
129	-1000
130	-1000
131	-1000
132	-1000
133	-1000
134	-1000
135	-1000
136	-1000
137	-1000
138	-1000
139	-1000
140	-1000
141	-1000
142	-1000
143	-1000
144	-1000
145	-1000
146	-1000
147	-1000
148	-1000
149	-1000
150	-1000
151	-1000
152	-1000
153	-1000
154	-1000
155	-1000
156	-1000
157	-1000
158	-1000
159	-1000
160	-1000
161	-1000
162	-1000
163	-1000
164	-1000
165	-1000
166	-1000
167	-1000
168	-1000
169	-1000
170	-1000
171	-1000
172	-1000
173	-1000
174	-1000
175	-1000
176	-1000
177	-1000
178	-1000
179	-1000
180	-1000
181	-1000
182	-1000
183	-1000
184	-1000
185	-1000
186	-1000
187	-1000
188	-1000
189	-1000
190	-1000
191	-1000
192	-1000
193	-1000
194	-1000
195	-1000
196	-1000
197	-1000
198	-1000
199	-1000
200	-1000
201	-1000
202	-1000
203	-1000
204	-1000
205	-1000
206	-1000
207	-1000
208	-1000
209	-1000
210	-1000
211	-1000
212	-1000
213	-1000
214	-1000
215	-1000
216	-1000
217	-1000
218	-1000
219	-1000
220	-1000
221	-1000
222	-1000
223	-1000
224	-1000
225	-1000
226	-1000
227	-1000
228	-1000
229	-1000
230	-1000
231	-1000
232	-1000
233	-1000
234	-1000
235	-1000
236	-1000
237	-1000
238	-1000
239	-1000
240	-1000
241	-1000
242	-1000
243	-1000
244	-1000
245	-1000
246	-1000
247	-1000
248	-1000
249	-1000
250	-1000
251	-1000
252	-1000
253	-1000
254	-1000
255	-1000
256	-1000
257	-1000
258	-1000
259	-1000
260	-1000
261	-1000
262	-1000
263	-1000
264	-1000
265	-1000
266	-1000
267	-1000
268	-1000
269	-1000
270	-1000
271	-1000
272	-1000
273	-1000
274	-1000
275	-1000
276	-1000
277	-1000
278	-1000
279	-1000
280	-1000
281	-1000
282	-1000
283	-1000
284	-1000
285	-1000
286	-1000
287	-1000
288	-1000
289	-1000
290	-1000
291	-1000
292	-1000
293	-1000
294	-1000
295	-1000
296	-1000
297	-1000
298	-1000
299	-1000
300	-1000
301	-1000
302	-1000
303	-1000
304	-1000
305	-1000
306	-1000
307	-1000
308	-1000
309	-1000
310	-1000
311	-1000
312	-1000
313	-1000
314	-1000
315	-1000
316	-1000
317	-1000
318	-1000
319	-1000
320	-1000
321	-1000
322	-1000
323	-1000
324	-1000
325	-1000
326	-1000
327	-1000
328	-1000
329	-1000
330	-1000
331	-1000
332	-1000
333	-1000
334	-1000
335	-1000
336	-1000
337	-1000
338	-1000
339	-1000
340	-1000
341	-1000
342	-1000
343	-1000
344	-1000
345	-1000
346	-1000
347	-1000
348	-1000
349	-1000
350	-1000
351	-1000
352	-1000
353	-1000
354	-1000
355	-1000
356	-1000
357	-1000
358	-1000
359	-1000
360	-1000
361	-1000
362	-1000
363	-1000
364	-1000
365	-1000
366	-1000
367	-1000
368	-1000
369	-1000
370	-1000
371	-1000
372	-1000
373	-1000
374	-1000
375	-1000
376	-1000
377	-1000
378	-1000
379	-1000
380	-1000
381	-1000
382	-1000
383	-1000
384	-1000
385	-1000
386	-1000
387	-1000
388	-1000
389	-1000
390	-1000
391	-1000
392	-1000
393	-1000
394	-1000
395	-1000
396	-1000
397	-1000
398	-1000
399	-1000
400	-1000
401	-1000
402	-1000
403	1
404	1
405	1
406	1
407	1
408	1
409	1
410	1
411	1
412	1
413	1
414	1
415	1
416	1
417	1
418	1
419	1
420	1
421	1
422	1
423	1
424	1
425	1
426	1
427	1
428	1
429	1
430	1
431	1
432	1
433	1
434	1
435	1
436	1
437	1
438	1
439	1
440	1
441	1
442	1
443	1
444	1
445	1
446	1
447	1
448	1
449	1
450	1
451	1
452	1
453	1
454	1
455	1
456	1
457	1
458	1
459	1
460	1
461	1
462	1
463	1
464	1
465	1
466	1
467	1
468	1
469	1
470	1
471	1
472	1
473	1
474	1
475	1
476	1
477	1
478	1
479	1
480	1
481	1
482	1
483	1
484	1
485	1
486	1
487	1
488	1
489	1
490	1
491	1
492	1
493	1
494	1
495	1
496	1
497	1
498	1
499	1
500	1
501	1
502	1
503	1
504	1
505	1
506	1
507	1
508	1
509	1
510	1
511	1
512	1
513	1
514	1
515	1
516	1
517	1
518	1
519	1
520	1
521	1
522	1
523	1
524	-1000
525	-1000
526	-1000
527	-1000
528	-1000
529	-1000
530	-1000
531	-1000
532	-1000
533	-1000
534	-1000
535	-1000
536	-1000
537	-1000
538	-1000
539	-1000
540	-1000
541	-1000
542	-1000
543	-1000
544	-1000
545	-1000
546	-1000
547	-1000
548	-1000
549	-1000
550	-1000
551	-1000
552	-1000
553	-1000
554	-1000
555	-1000
556	-1000
557	-1000
558	-1000
559	-1000
560	-1000
561	-1000
562	-1000
563	-1000
564	-1000
565	-1000
566	-1000
567	-1000
568	-1000
569	-1000
570	-1000
571	-1000
572	-1000
573	-1000
574	-1000
575	-1000
576	-1000
577	-1000
578	-1000
579	-1000
580	-1000
581	-1000
582	-1000
583	-1000
584	-1000
585	-1000
586	-1000
587	-1000
588	-1000
589	-1000
590	-1000
591	-1000
592	-1000
593	-1000
594	-1000
595	-1000
596	-1000
597	-1000
598	-1000
599	-1000
600	-1000
601	-1000
602	-1000
603	-1000
604	-1000
605	-1000
606	-1000
607	-1000
608	-1000
609	-1000
610	-1000
611	-1000
612	-1000
613	-1000
614	-1000
615	-1000
616	-1000
617	-1000
618	-1000
619	-1000
620	-1000
621	-1000
622	-1000
623	-1000
624	-1000
625	-1000
626	-1000
627	-1000
628	-1000
629	-1000
630	-1000
631	-1000
632	-1000
633	-1000
634	-1000
635	-1000
636	-1000
637	-1000
638	-1000
639	-1000
640	-1000
641	-1000
642	-1000
643	-1000
644	-1000
645	-1000
646	-1000
647	-1000
648	-1000
649	-1000
650	-1000
651	-1000
652	-1000
653	-1000
654	-1000
655	-1000
656	-1000
657	-1000
658	-1000
659	-1000
660	-1000
661	-1000
662	-1000
663	-1000
664	-1000
665	-1000
666	-1000
667	-1000
668	-1000
669	-1000
670	-1000
671	-1000
672	-1000
673	-1000
674	-1000
675	-1000
676	-1000
677	-1000
678	-1000
679	-1000
680	-1000
681	-1000
682	-1000
683	-1000
684	-1000
685	-1000
686	-1000
687	-1000
688	-1000
689	-1000
690	-1000
691	-1000
692	-1000
693	-1000
694	-1000
695	-1000
696	-1000
697	-1000
698	-1000
699	-1000
700	-1000
701	-1000
702	-1000
703	-1000
704	-1000
705	-1000
706	-1000
707	-1000
708	-1000
709	-1000
710	-1000
711	-1000
712	-1000
713	-1000
714	-1000
715	-1000
716	-1000
717	-1000
718	-1000
719	-1000
720	-1000
721	-1000
722	-1000
723	-1000
724	-1000
725	-1000
726	-1000
727	-1000
728	-1000
729	-1000
730	-1000
731	-1000
732	-1000
733	-1000
734	-1000
735	-1000
736	-1000
737	-1000
738	-1000
739	-1000
740	-1000
741	-1000
742	-1000
743	-1000
744	-1000
745	-1000
746	-1000
747	-1000
748	-1000
749	-1000
750	-1000
751	-1000
752	-1000
753	-1000
754	-1000
755	-1000
756	-1000
757	-1000
758	-1000
759	-1000
760	-1000
761	-1000
762	-1000
763	-1000
764	-1000
765	-1000
766	-1000
767	-1000
768	-1000
769	-1000
770	-1000
771	-1000
772	-1000
773	-1000
774	-1000
775	-1000
776	-1000
777	-1000
778	-1000
779	-1000
780	-1000
781	-1000
782	-1000
783	-1000
784	-1000
785	-1000
786	-1000
787	-1000
788	-1000
789	-1000
790	-1000
791	-1000
792	-1000
793	-1000
794	-1000
795	-1000
796	-1000
797	-1000
798	-1000
799	-1000
800	-1000
801	-1000
802	-1000
803	-1000
804	-1000
805	-1000
806	-1000
807	-1000
808	-1000
809	-1000
810	-1000
811	-1000
812	-1000
813	-1000
814	-1000
815	-1000
816	-1000
817	-1000
818	-1000
819	-1000
820	-1000
821	-1000
822	-1000
823	-1000
824	-1000
825	-1000
826	-1000
827	-1000
828	-1000
829	-1000
830	-1000
831	-1000
832	-1000
833	-1000
834	-1000
835	-1000
836	-1000
837	-1000
838	-1000
839	-1000
840	-1000
841	-1000
842	-1000
843	-1000
844	-1000
845	-1000
846	-1000
847	-1000
848	-1000
849	-1000
850	-1000
851	-1000
852	-1000
853	-1000
854	-1000
855	-1000
856	-1000
857	-1000
858	-1000
859	-1000
860	-1000
861	-1000
862	-1000
863	-1000
864	-1000
865	-1000
866	-1000
867	-1000
868	-1000
869	-1000
870	-1000
871	-1000
872	-1000
873	-1000
874	-1000
875	-1000
876	-1000
877	-1000
878	-1000
879	-1000
880	-1000
881	-1000
882	-1000
883	-1000
884	-1000
885	-1000
886	-1000
887	-1000
888	-1000
889	-1000
890	-1000
891	-1000
892	-1000
893	-1000
894	-1000
895	-1000
896	-1000
897	-1000
898	-1000
899	-1000
900	-1000
901	-1000
902	-1000
903	-1000
904	-1000
905	-1000
906	-1000
907	-1000
908	-1000
909	-1000
910	-1000
911	-1000
912	-1000
913	-1000
914	-1000
915	-1000
916	-1000
917	-1000
918	-1000
919	-1000
920	-1000
921	-1000
922	-1000
923	-1000
924	-1000
925	-1000
926	-1000
927	-1000
928	-1000
929	-1000
930	-1000
931	-1000
932	-1000
933	-1000
934	-1000
935	-1000
936	-1000
937	-1000
938	-1000
939	-1000
940	-1000
941	-1000
942	-1000
943	-1000
944	-1000
945	-1000
946	-1000
947	-1000
948	-1000
949	-1000
950	-1000
951	-1000
952	-1000
953	-1000
954	-1000
955	-1000
956	-1000
957	-1000
958	-1000
959	-1000
960	-1000
961	-1000
962	-1000
963	-1000
964	-1000
965	-1000
966	-1000
967	-1000
968	-1000
969	-1000
970	-1000
971	-1000
972	-1000
973	-1000
974	-1000
975	-1000
976	-1000
977	-1000
978	-1000
979	-1000
980	-1000
981	-1000
982	-1000
983	-1000
984	-1000
985	-1000
986	-1000
987	-1000
988	-1000
989	2
990	2
991	2
992	2
993	2
994	2
995	2
996	2
997	2
998	2
999	2
1000	2
1001	2
1002	2
1003	2
1004	2
1005	2
1006	2
1007	2
1008	2
1009	2
1010	2
1011	2
1012	2
1013	2
1014	2
1015	2
1016	2
1017	2
1018	2
1019	2
1020	2
1021	2
1022	2
1023	2
1024	2
1025	2
1026	2
1027	2
1028	2
1029	2
1030	2
1031	2
1032	2
1033	2
1034	2
1035	2
1036	2
1037	2
1038	2
1039	2
1040	2
1041	2
1042	2
1043	2
1044	2
1045	2
1046	2
1047	2
1048	2
1049	2
1050	2
1051	2
1052	2
1053	2
1054	2
1055	2
1056	2
1057	2
1058	2
1059	2
1060	2
1061	2
1062	2
1063	2
1064	2
1065	2
1066	2
1067	2
1068	2
1069	2
1070	2
1071	2
1072	2
1073	2
1074	2
1075	2
1076	2
1077	2
1078	2
1079	2
1080	2
1081	2
1082	2
1083	2
1084	2
1085	2
1086	2
1087	2
1088	2
1089	2
1090	2
1091	2
1092	2
1093	2
1094	2
1095	2
1096	2
1097	2
1098	2
1099	2
1100	2
1101	2
1102	2
1103	2
1104	2
1105	2
1106	2
1107	2
1108	2
1109	2
1110	2
1111	2
1112	2
1113	2
1114	2
1115	2
1116	2
1117	2
1118	2
1119	2
1120	2
1121	2
1122	2
1123	2
1124	2
1125	2
1126	2
1127	2
1128	2
1129	2
1130	2
1131	2
1132	2
1133	2
1134	2
1135	2
1136	2
1137	2
1138	2
1139	2
1140	2
1141	2
1142	2
1143	2
1144	2
1145	2
1146	2
1147	2
1148	2
1149	2
1150	2
1151	2
1152	2
1153	2
1154	2
1155	2
1156	2
1157	2
1158	2
1159	2
1160	2
1161	2
1162	2
1163	2
1164	2
1165	2
1166	2
1167	2
1168	2
1169	2
1170	2
1171	2
1172	2
1173	2
1174	2
1175	2
1176	2
1177	2
1178	2
1179	2
1180	-1000
1181	-1000
1182	-1000
1183	-1000
1184	-1000
1185	-1000
1186	-1000
1187	-1000
1188	-1000
1189	-1000
1190	-1000
1191	-1000
1192	-1000
1193	-1000
1194	-1000
1195	-1000
1196	-1000
1197	-1000
1198	-1000
1199	-1000
1200	-1000
1201	-1000
1202	-1000
1203	-1000
1204	-1000
1205	-1000
1206	-1000
1207	-1000
1208	-1000
1209	-1000
1210	-1000
1211	-1000
1212	-1000
1213	-1000
1214	-1000
1215	-1000
1216	-1000
1217	-1000
1218	-1000
1219	-1000
1220	-1000
1221	-1000
1222	-1000
1223	-1000
1224	-1000
1225	-1000
1226	-1000
1227	-1000
1228	-1000
1229	-1000
1230	-1000
1231	-1000
1232	-1000
1233	-1000
1234	-1000
1235	-1000
1236	-1000
1237	-1000
1238	-1000
1239	-1000
1240	-1000
1241	-1000
1242	-1000
1243	-1000
1244	-1000
1245	-1000
1246	-1000
1247	-1000
1248	-1000
1249	-1000
1250	-1000
1251	-1000
1252	-1000
1253	-1000
1254	-1000
1255	-1000
1256	-1000
1257	-1000
1258	-1000
1259	-1000
1260	-1000
1261	-1000
1262	-1000
1263	-1000
1264	-1000
1265	-1000
1266	-1000
1267	-1000
1268	-1000
1269	-1000
1270	-1000
1271	-1000
1272	-1000
1273	-1000
1274	-1000
1275	-1000
1276	-1000
1277	-1000
1278	-1000
1279	-1000
1280	-1000
1281	-1000
1282	-1000
1283	-1000
1284	-1000
1285	-1000
1286	-1000
1287	-1000
1288	-1000
1289	-1000
1290	-1000
1291	-1000
1292	-1000
1293	-1000
1294	-1000
1295	-1000
1296	-1000
1297	-1000
1298	-1000
1299	-1000
1300	-1000
1301	-1000
1302	-1000
1303	-1000
1304	-1000
1305	-1000
1306	-1000
1307	-1000
1308	-1000
1309	-1000
1310	-1000
1311	-1000
1312	-1000
1313	-1000
1314	-1000
1315	-1000
1316	-1000
1317	-1000
1318	-1000
1319	-1000
1320	-1000
1321	-1000
1322	-1000
1323	-1000
1324	-1000
1325	-1000
1326	-1000
1327	-1000
1328	-1000
1329	-1000
1330	-1000
1331	-1000
1332	-1000
1333	-1000
1334	-1000
1335	-1000
1336	-1000
1337	-1000
1338	-1000
1339	-1000
1340	-1000
1341	-1000
1342	-1000
1343	-1000
1344	-1000
1345	-1000
1346	-1000
1347	-1000
1348	-1000
1349	-1000
1350	-1000
1351	-1000
1352	-1000
1353	-1000
1354	-1000
1355	-1000
1356	-1000
1357	-1000
1358	-1000
1359	-1000
1360	-1000
1361	-1000
1362	-1000
1363	-1000
1364	-1000
1365	-1000
1366	-1000
1367	-1000
1368	-1000
1369	-1000
1370	-1000
1371	-1000
1372	-1000
1373	-1000
1374	-1000
1375	-1000
1376	-1000
1377	-1000
1378	-1000
1379	-1000
1380	-1000
1381	-1000
1382	-1000
1383	-1000
1384	-1000
1385	-1000
1386	-1000
1387	-1000
1388	-1000
1389	-1000
1390	-1000
1391	-1000
1392	-1000
1393	-1000
1394	-1000
1395	-1000
1396	-1000
1397	-1000
1398	-1000
1399	-1000
1400	-1000
1401	-1000
1402	-1000
1403	-1000
1404	-1000
1405	-1000
1406	-1000
1407	-1000
1408	-1000
1409	-1000
1410	-1000
1411	-1000
1412	-1000
1413	-1000
1414	-1000
1415	-1000
1416	-1000
1417	-1000
1418	-1000
1419	-1000
1420	-1000
1421	-1000
1422	-1000
1423	-1000
1424	-1000
1425	-1000
1426	-1000
1427	-1000
1428	-1000
1429	-1000
1430	-1000
1431	-1000
1432	-1000
1433	-1000
1434	-1000
1435	-1000
1436	-1000
1437	-1000
1438	-1000
1439	-1000
1440	-1000
1441	-1000
1442	-1000
1443	-1000
1444	-1000
1445	-1000
1446	-1000
1447	-1000
1448	-1000
1449	-1000
1450	-1000
1451	-1000
1452	-1000
1453	-1000
1454	-1000
1455	-1000
1456	-1000
1457	-1000
1458	-1000
1459	-1000
1460	-1000
1461	-1000
1462	-1000
1463	-1000
1464	-1000
1465	-1000
1466	-1000
1467	-1000
1468	-1000
1469	-1000
1470	-1000
1471	-1000
1472	-1000
1473	-1000
1474	-1000
1475	-1000
1476	-1000
1477	-1000
1478	-1000
1479	-1000
1480	-1000
1481	-1000
1482	-1000
1483	-1000
1484	-1000
1485	-1000
1486	-1000
1487	-1000
1488	-1000
1489	-1000
1490	-1000
1491	-1000
1492	-1000
1493	-1000
1494	-1000
1495	-1000
1496	-1000
1497	-1000
1498	-1000
1499	-1000
1500	-1000
1501	-1000
1502	-1000
1503	-1000
1504	-1000
1505	-1000
1506	-1000
1507	-1000
1508	-1000
1509	-1000
1510	2
1511	2
1512	2
1513	2
1514	2
1515	2
1516	2
1517	2
1518	2
1519	2
1520	2
1521	2
1522	2
1523	2
1524	2
1525	2
1526	2
1527	2
1528	2
1529	2
1530	2
1531	2
1532	2
1533	2
1534	2
1535	2
1536	2
1537	2
1538	2
1539	2
1540	2
1541	2
1542	2
1543	2
1544	2
1545	2
1546	2
1547	2
1548	2
1549	2
1550	2
1551	2
1552	2
1553	2
1554	2
1555	2
1556	2
1557	2
1558	2
1559	2
1560	2
1561	2
1562	2
1563	2
1564	2
1565	2
1566	2
1567	2
1568	2
1569	2
1570	2
1571	2
1572	2
1573	2
1574	2
1575	2
1576	2
1577	2
1578	2
1579	2
1580	2
1581	2
1582	2
1583	2
1584	2
1585	2
1586	2
1587	2
1588	2
1589	2
1590	2
1591	2
1592	2
1593	2
1594	2
1595	2
1596	2
1597	2
1598	2
1599	2
1600	2
1601	2
1602	2
1603	2
1604	2
1605	2
1606	2
1607	2
1608	2
1609	2
1610	2
1611	2
1612	2
1613	2
1614	2
1615	2
1616	2
1617	2
1618	2
1619	2
1620	2
1621	2
1622	2
1623	2
1624	2
1625	2
1626	2
1627	2
1628	2
1629	2
1630	2
1631	2
1632	2
1633	2
1634	2
1635	2
1636	2
1637	2
1638	-1000
1639	-1000
1640	-1000
1641	-1000
1642	-1000
1643	-1000
1644	-1000
1645	-1000
1646	-1000
1647	-1000
1648	-1000
1649	-1000
1650	-1000
1651	-1000
1652	-1000
1653	-1000
1654	-1000
1655	-1000
1656	-1000
1657	-1000
1658	-1000
1659	-1000
1660	-1000
1661	-1000
1662	-1000
1663	-1000
1664	-1000
1665	-1000
1666	-1000
1667	-1000
1668	-1000
1669	-1000
1670	-1000
1671	-1000
1672	-1000
1673	-1000
1674	-1000
1675	-1000
1676	-1000
1677	-1000
1678	-1000
1679	-1000
1680	3
1681	3
1682	3
1683	3
1684	3
1685	3
1686	3
1687	3
1688	3
1689	3
1690	3
1691	3
1692	3
1693	3
1694	3
1695	3
1696	3
1697	3
1698	3
1699	3
1700	3
1701	3
1702	3
1703	3
1704	3
1705	3
1706	3
1707	3
1708	3
1709	3
1710	3
1711	3
1712	3
1713	3
1714	3
1715	3
1716	3
1717	3
1718	3
1719	3
1720	3
1721	3
1722	3
1723	3
1724	3
1725	3
1726	3
1727	3
1728	3
1729	3
1730	3
1731	3
1732	3
1733	3
1734	3
1735	3
1736	3
1737	3
1738	3
1739	3
1740	3
1741	3
1742	3
1743	3
1744	3
1745	3
1746	3
1747	3
1748	3
1749	3
1750	3
1751	3
1752	3
1753	3
1754	3
1755	3
1756	3
1757	3
1758	3
1759	3
1760	3
1761	3
1762	3
1763	3
1764	3
1765	3
1766	3
1767	3
1768	3
1769	3
1770	3
1771	3
1772	3
1773	3
1774	3
1775	3
1776	3
1777	3
1778	3
1779	3
1780	3
1781	3
1782	3
1783	3
1784	3
1785	3
1786	3
1787	3
1788	3
1789	3
1790	3
1791	3
1792	3
1793	3
1794	3
1795	3
1796	3
1797	3
1798	3
1799	3
1800	3
1801	3
1802	3
1803	3
1804	3
1805	3
1806	3
1807	3
1808	3
1809	3
1810	3
1811	3
1812	3
1813	3
1814	3
1815	3
1816	3
1817	3
1818	3
1819	3
1820	3
1821	3
1822	3
1823	3
1824	3
1825	3
1826	3
1827	3
1828	3
1829	3
1830	3
1831	3
1832	3
1833	3
1834	3
1835	3
1836	3
1837	3
1838	3
1839	3
1840	3
1841	3
1842	3
1843	3
1844	3
1845	3
1846	3
1847	3
1848	3
1849	3
1850	3
1851	3
1852	3
1853	3
1854	3
1855	3
1856	3
1857	3
1858	3
1859	3
1860	3
1861	3
1862	3
1863	3
1864	3
1865	3
1866	3
1867	3
1868	3
1869	3
1870	3
1871	3
1872	3
1873	3
1874	3
1875	3
1876	3
1877	3
1878	3
1879	3
1880	3
1881	3
1882	3
1883	3
1884	3
1885	3
1886	3
1887	3
1888	3
1889	3
1890	3
1891	3
1892	3
1893	3
1894	3
1895	3
1896	3
1897	3
1898	3
1899	3
1900	3
1901	3
1902	3
1903	3
1904	3
1905	3
1906	3
1907	3
1908	3
1909	3
1910	3
1911	3
1912	3
1913	3
1914	3
1915	3
1916	3
1917	3
1918	3
1919	3
1920	3
1921	3
1922	3
1923	3
1924	3
1925	3
1926	3
1927	3
1928	3
1929	3
1930	3
1931	3
1932	3
1933	3
1934	3
1935	3
1936	3
1937	3
1938	3
1939	3
1940	3
1941	3
1942	3
1943	3
1944	3
1945	3
1946	3
1947	3
1948	3
1949	3
1950	3
1951	3
1952	3
1953	3
1954	3
1955	3
1956	3
1957	3
1958	3
1959	3
1960	3
1961	3
1962	3
1963	3
1964	3
1965	3
1966	3
1967	3
1968	3
1969	3
1970	3
1971	3
1972	3
1973	3
1974	3
1975	3
1976	3
1977	3
1978	3
1979	3
1980	3
1981	3
1982	3
1983	3
1984	3
1985	3
1986	3
1987	3
1988	3
1989	3
1990	3
1991	3
1992	3
1993	3
1994	3
1995	3
1996	3
1997	3
1998	3
1999	3
2000	3
2001	3
2002	3
2003	3
2004	3
2005	3
2006	3
2007	3
2008	3
2009	3
2010	3
2011	3
2012	3
2013	3
2014	3
2015	3
2016	3
2017	3
2018	3
2019	3
2020	3
2021	3
2022	3
2023	3
2024	3
2025	3
2026	3
2027	3
2028	3
2029	3
2030	3
2031	3
2032	3
2033	3
2034	3
2035	3
2036	3
2037	3
2038	3
2039	3
2040	3
2041	3
2042	3
2043	3
2044	3
2045	3
2046	3
2047	3
2048	3
2049	3
2050	3
2051	3
2052	3
2053	3
2054	3
2055	3
2056	3
2057	3
2058	3
2059	3
2060	3
2061	3
2062	3
2063	3
2064	3
2065	3
2066	3
2067	3
2068	3
2069	3
2070	3
2071	3
2072	3
2073	3
2074	3
2075	3
2076	3
2077	3
2078	3
2079	3
2080	3
2081	3
2082	3
2083	3
2084	3
2085	3
2086	3
2087	3
2088	3
2089	3
2090	3
2091	3
2092	3
2093	3
2094	3
2095	3
2096	3
2097	3
2098	3
2099	3
2100	3
2101	3
2102	3
2103	3
2104	3
2105	3
2106	3
2107	3
2108	3
2109	3
2110	3
2111	3
2112	3
2113	3
2114	3
2115	3
2116	3
2117	3
2118	3
2119	3
2120	3
2121	3
2122	3
2123	3
2124	3
2125	3
2126	3
2127	3
2128	3
2129	3
2130	3
2131	3
2132	3
2133	3
2134	3
2135	3
2136	3
2137	3
2138	3
2139	3
2140	3
2141	3
2142	3
2143	3
2144	3
2145	3
2146	3
2147	3
2148	3
2149	3
2150	3
2151	3
2152	3
2153	3
2154	3
2155	3
2156	3
2157	3
2158	3
2159	3
2160	3
2161	3
2162	3
2163	3
2164	3
2165	3
2166	3
2167	3
2168	3
2169	3
2170	3
2171	3
2172	3
2173	3
2174	3
2175	3
2176	3
2177	3
2178	3
2179	3
2180	3
2181	3
2182	3
2183	3
2184	3
2185	3
2186	3
2187	3
2188	3
2189	3
2190	3
2191	3
2192	3
2193	3
2194	3
2195	3
2196	3
2197	3
2198	3
2199	3
2200	3
2201	3
2202	3
2203	3
2204	3
2205	3
2206	3
2207	3
2208	3
2209	3
2210	3
2211	3
2212	3
2213	3
2214	3
2215	3
2216	3
2217	3
2218	3
2219	3
2220	3
2221	3
2222	3
2223	3
2224	3
2225	3
2226	3
2227	3
2228	3
2229	3
2230	3
2231	3
2232	3
2233	3
2234	3
2235	3
2236	3
2237	3
2238	3
2239	3
2240	3
2241	3
2242	3
2243	3
2244	3
2245	3
2246	3
2247	3
2248	3
2249	3
2250	3
2251	3
2252	3
2253	3
2254	3
2255	3
2256	3
2257	3
2258	3
2259	3
2260	3
2261	3
2262	3
2263	3
2264	3
2265	3
2266	3
2267	3
2268	3
2269	3
2270	3
2271	3
2272	3
2273	3
2274	3
2275	3
2276	3
2277	3
2278	3
2279	3
2280	3
2281	3
2282	3
2283	3
2284	3
2285	3
2286	3
2287	3
2288	3
2289	3
2290	3
2291	3
2292	3
2293	3
2294	3
2295	3
2296	3
2297	3
2298	3
2299	3
2300	3
2301	3
2302	3
2303	3
2304	3
2305	3
2306	3
2307	3
2308	3
2309	3
2310	3
2311	3
2312	3
2313	3
2314	3
2315	3
2316	3
2317	3
2318	3
2319	3
2320	3
2321	3
2322	3
2323	3
2324	3
2325	3
2326	3
2327	3
2328	3
2329	3
2330	3
2331	3
2332	3
2333	3
2334	3
2335	3
2336	3
2337	3
2338	3
2339	3
2340	3
2341	3
2342	3
2343	3
2344	3
2345	3
2346	3
2347	3
2348	3
2349	3
2350	3
2351	3
2352	3
2353	3
2354	3
2355	3
2356	3
2357	3
2358	3
2359	3
2360	3
2361	3
2362	3
2363	3
2364	3
2365	3
2366	3
2367	3
2368	3
2369	3
2370	3
2371	3
2372	3
2373	3
2374	3
2375	3
2376	3
2377	3
2378	3
2379	3
2380	3
2381	3
2382	3
2383	3
2384	3
2385	3
2386	3
2387	3
2388	3
2389	3
2390	3
2391	3
2392	3
2393	3
2394	3
2395	3
2396	3
2397	3
2398	3
2399	3
2400	3
2401	3
2402	3
2403	3
2404	3
2405	3
2406	3
2407	3
2408	3
2409	3
2410	3
2411	3
2412	3
2413	3
2414	3
2415	3
2416	3
2417	3
2418	3
2419	3
2420	3
2421	3
2422	3
2423	3
2424	3
2425	3
2426	3
2427	3
2428	3
2429	3
2430	3
2431	3
2432	3
2433	3
2434	3
2435	3
2436	3
2437	3
2438	3
2439	3
2440	3
2441	3
2442	3
2443	3
2444	3
2445	3
2446	3
2447	3
2448	3
2449	3
2450	3
2451	3
2452	3
2453	3
2454	3
2455	3
2456	3
2457	3
2458	3
2459	3
2460	3
2461	3
2462	3
2463	3
2464	3
2465	3
2466	3
2467	3
2468	3
2469	3
2470	3
2471	3
2472	3
2473	3
2474	3
2475	3
2476	3
2477	3
2478	3
2479	3
2480	3
2481	3
2482	3
2483	3
2484	3
2485	3
2486	3
2487	3
2488	3
2489	3
2490	3
2491	3
2492	3
2493	3
2494	3
2495	3
2496	3
2497	3
2498	3
2499	3
2500	3
2501	3
2502	3
2503	3
2504	3
2505	3
2506	3
2507	3
2508	3
2509	3
2510	3
2511	3
2512	3
2513	3
2514	3
2515	3
2516	3
2517	3
2518	3
2519	3
2520	3
2521	3
2522	3
2523	3
2524	3
2525	3
2526	3
2527	3
2528	3
2529	3
2530	3
2531	3
2532	3
2533	3
2534	3
2535	3
2536	3
2537	3
2538	3
2539	3
2540	3
2541	3
2542	3
2543	3
2544	3
2545	3
2546	3
2547	3
2548	3
2549	3
2550	3
2551	3
2552	3
2553	3
2554	3
2555	3
2556	3
2557	3
2558	3
2559	3
2560	3
2561	3
2562	3
2563	3
2564	3
2565	3
2566	3
2567	3
2568	3
2569	3
2570	3
2571	3
2572	3
2573	3
2574	3
2575	3
2576	3
2577	3
2578	3
2579	3
2580	3
2581	3
2582	3
2583	3
2584	3
2585	3
2586	3
2587	3
2588	3
2589	3
2590	3
2591	3
2592	3
2593	3
2594	3
2595	3
2596	3
2597	3
2598	3
2599	3
2600	3
2601	3
2602	3
2603	3
2604	3
2605	3
2606	3
2607	3
2608	3
2609	3
2610	3
2611	3
2612	3
2613	3
2614	3
2615	3
2616	3
2617	3
2618	3
2619	3
2620	3
2621	3
2622	3
2623	3
2624	3
2625	3
2626	3
2627	3
2628	3
2629	3
2630	3
2631	3
2632	3
2633	3
2634	3
2635	3
2636	3
2637	3
2638	3
2639	3
2640	3
2641	3
2642	3
2643	3
2644	3
2645	3
2646	3
2647	3
2648	3
2649	3
2650	3
2651	3
2652	3
2653	3
2654	3
2655	3
2656	3
2657	3
2658	3
2659	3
2660	3
2661	3
2662	3
2663	3
2664	3
2665	3
2666	3
2667	3
2668	3
2669	3
2670	3
2671	3
2672	3
2673	3
2674	3
2675	3
2676	3
2677	3
2678	3
2679	3
2680	3
2681	3
2682	3
2683	3
2684	3
2685	3
2686	3
2687	3
2688	3
2689	3
2690	3
2691	3
2692	3
2693	3
2694	3
2695	3
2696	3
2697	3
2698	3
2699	3
2700	3
2701	3
2702	3
2703	3
2704	3
2705	3
2706	3
2707	3
2708	3
2709	3
2710	3
2711	3
2712	3
2713	3
2714	3
2715	3
2716	3
2717	3
2718	3
2719	3
2720	3
2721	3
2722	3
2723	3
2724	3
2725	3
2726	3
2727	3
2728	3
2729	3
2730	3
2731	3
2732	3
2733	3
2734	3
2735	3
2736	3
2737	3
2738	3
2739	3
2740	3
2741	3
2742	3
2743	3
2744	3
2745	3
2746	3
2747	3
2748	3
2749	3
2750	3
2751	3
2752	3
2753	3
2754	3
2755	3
2756	3
2757	3
2758	3
2759	3
2760	3
2761	3
2762	3
2763	3
2764	3
2765	3
2766	3
2767	3
2768	3
2769	3
2770	3
2771	3
2772	3
2773	3
2774	3
2775	3
2776	3
2777	3
2778	3
2779	3
2780	3
2781	3
2782	3
2783	3
2784	3
2785	3
2786	3
2787	3
2788	3
2789	3
2790	3
2791	3
2792	3
2793	3
2794	3
2795	3
2796	3
2797	3
2798	3
2799	3
2800	3
2801	3
2802	3
2803	3
2804	3
2805	3
2806	3
2807	3
2808	3
2809	3
2810	3
2811	3
2812	3
2813	3
2814	3
2815	3
2816	3
2817	3
2818	3
2819	3
2820	3
2821	3
2822	3
2823	3
2824	3
2825	3
2826	3
2827	3
2828	3
2829	3
2830	3
2831	3
2832	3
2833	3
2834	3
2835	3
2836	3
2837	3
2838	3
2839	3
2840	3
2841	3
2842	3
2843	3
2844	3
2845	3
2846	3
2847	3
2848	3
2849	3
2850	3
2851	3
2852	3
2853	3
2854	3
2855	3
2856	3
2857	3
2858	3
2859	3
2860	3
2861	3
2862	3
2863	3
2864	3
2865	3
2866	3
2867	3
2868	3
2869	3
2870	3
2871	3
2872	3
2873	3
2874	3
2875	3
2876	3
2877	3
2878	3
2879	3
2880	3
2881	3
2882	3
2883	3
2884	3
2885	3
2886	3
2887	3
2888	3
2889	3
2890	3
2891	3
2892	3
2893	3
2894	3
2895	3
2896	3
2897	3
2898	3
2899	3
2900	3
2901	3
2902	3
2903	3
2904	3
2905	3
2906	3
2907	3
2908	3
2909	3
2910	3
2911	3
2912	3
2913	3
2914	3
2915	3
2916	3
2917	3
2918	3
2919	3
2920	3
2921	3
2922	3
2923	3
2924	3
2925	3
2926	3
2927	3
2928	3
2929	3
2930	3
2931	3
2932	3
2933	3
2934	3
2935	3
2936	3
2937	3
2938	3
2939	3
2940	3
2941	3
2942	3
2943	3
2944	3
2945	3
2946	3
2947	3
2948	3
2949	3
2950	3
2951	3
2952	3
2953	3
2954	3
2955	3
2956	3
2957	3
2958	3
2959	3
2960	3
2961	3
2962	3
2963	3
2964	3
2965	3
2966	3
2967	3
2968	3
2969	3
2970	3
2971	3
2972	3
2973	3
2974	3
2975	3
2976	3
2977	3
2978	3
2979	3
2980	3
2981	3
2982	3
2983	3
2984	3
2985	3
2986	3
2987	3
2988	3
2989	3
2990	3
2991	3
2992	3
2993	3
2994	3
2995	3
2996	3
2997	3
2998	3
2999	3
3000	3
3001	3
3002	3
3003	3
3004	3
3005	3
3006	3
3007	3
3008	3
3009	3
3010	3
3011	3
3012	3
3013	3
3014	3
3015	3
3016	3
3017	3
3018	3
3019	3
3020	3
3021	3
3022	3
3023	3
3024	3
3025	3
3026	3
3027	3
3028	3
3029	3
3030	3
3031	3
3032	3
3033	3
3034	3
3035	3
3036	3
3037	3
3038	3
3039	3
3040	3
3041	3
3042	3
3043	3
3044	3
3045	3
3046	3
3047	3
3048	3
3049	3
3050	3
3051	-1000
3052	-1000
3053	-1000
3054	-1000
3055	-1000
3056	-1000
3057	-1000
3058	-1000
3059	-1000
3060	-1000
3061	-1000
3062	-1000
3063	-1000
3064	-1000
3065	-1000
3066	-1000
3067	-1000
3068	-1000
3069	-1000
3070	-1000
3071	-1000
3072	-1000
3073	-1000
3074	-1000
3075	-1000
3076	-1000
3077	-1000
3078	-1000
3079	-1000
3080	-1000
3081	-1000
3082	-1000
3083	-1000
3084	-1000
3085	-1000
3086	-1000
3087	-1000
3088	-1000
3089	-1000
3090	-1000
3091	-1000
3092	-1000
3093	-1000
3094	-1000
3095	-1000
3096	-1000
3097	-1000
3098	-1000
3099	-1000
3100	-1000
3101	-1000
3102	-1000
3103	-1000
3104	-1000
3105	-1000
3106	-1000
3107	-1000
3108	-1000
3109	-1000
3110	-1000
3111	-1000
3112	-1000
3113	-1000
3114	-1000
3115	-1000
3116	-1000
3117	-1000
3118	-1000
3119	-1000
3120	-1000
3121	-1000
3122	-1000
3123	-1000
3124	-1000
3125	-1000
3126	-1000
3127	-1000
3128	-1000
3129	-1000
3130	-1000
3131	-1000
3132	-1000
3133	-1000
3134	-1000
3135	-1000
3136	-1000
3137	-1000
3138	-1000
3139	-1000
3140	-1000
3141	-1000
3142	-1000
3143	-1000
3144	-1000
3145	-1000
3146	-1000
3147	-1000
3148	-1000
3149	-1000
3150	-1000
3151	-1000
3152	-1000
3153	-1000
3154	-1000
3155	-1000
3156	-1000
3157	-1000
3158	-1000
3159	-1000
3160	-1000
3161	-1000
3162	-1000
3163	-1000
3164	-1000
3165	-1000
3166	-1000
3167	-1000
3168	-1000
3169	-1000
3170	-1000
3171	-1000
3172	-1000
3173	-1000
3174	-1000
3175	-1000
3176	-1000
3177	-1000
3178	-1000
3179	-1000
3180	-1000
3181	-1000
3182	-1000
3183	-1000
3184	-1000
3185	-1000
3186	-1000
3187	-1000
3188	-1000
3189	-1000
3190	-1000
3191	-1000
3192	-1000
3193	-1000
3194	-1000
3195	-1000
3196	-1000
3197	-1000
3198	-1000
3199	-1000
3200	-1000
3201	-1000
3202	-1000
3203	-1000
3204	-1000
3205	-1000
3206	-1000
3207	-1000
3208	-1000
3209	-1000
3210	-1000
3211	-1000
3212	-1000
3213	-1000
3214	-1000
3215	-1000
3216	-1000
3217	-1000
3218	-1000
3219	-1000
3220	-1000
3221	-1000
3222	-1000
3223	-1000
3224	-1000
3225	-1000
3226	-1000
3227	-1000
3228	-1000
3229	-1000
3230	-1000
3231	-1000
3232	-1000
3233	-1000
3234	-1000
3235	-1000
3236	-1000
3237	-1000
3238	-1000
3239	-1000
3240	-1000
3241	-1000
3242	-1000
3243	-1000
3244	-1000
3245	-1000
3246	-1000
3247	-1000
3248	-1000
3249	-1000
3250	-1000
3251	-1000
3252	-1000
3253	-1000
3254	-1000
3255	-1000
3256	-1000
3257	-1000
3258	-1000
3259	-1000
3260	-1000
3261	-1000
3262	-1000
3263	-1000
3264	-1000
3265	-1000
3266	-1000
3267	-1000
3268	-1000
3269	-1000
3270	-1000
3271	-1000
3272	-1000
3273	-1000
3274	-1000
3275	-1000
3276	-1000
3277	-1000
3278	-1000
3279	-1000
3280	-1000
3281	-1000
3282	-1000
3283	-1000
3284	-1000
3285	-1000
3286	-1000
3287	-1000
3288	-1000
3289	-1000
3290	-1000
3291	-1000
3292	-1000
3293	-1000
3294	-1000
3295	-1000
3296	-1000
3297	-1000
3298	-1000
3299	-1000
3300	-1000
3301	-1000
3302	-1000
3303	-1000
3304	-1000
3305	-1000
3306	-1000
3307	-1000
3308	-1000
3309	-1000
3310	-1000
3311	-1000
3312	-1000
3313	-1000
3314	-1000
3315	-1000
3316	-1000
3317	-1000
3318	-1000
3319	-1000
3320	-1000
3321	-1000
3322	-1000
3323	-1000
3324	-1000
3325	-1000
3326	-1000
3327	-1000
3328	-1000
3329	-1000
3330	-1000
3331	-1000
3332	-1000
3333	-1000
3334	-1000
3335	-1000
3336	-1000
3337	-1000
3338	-1000
3339	-1000
3340	-1000
3341	-1000
3342	-1000
3343	-1000
3344	-1000
3345	-1000
3346	-1000
3347	-1000
3348	-1000
3349	-1000
3350	-1000
3351	-1000
3352	-1000
3353	-1000
3354	-1000
3355	-1000
3356	-1000
3357	-1000
3358	-1000
3359	-1000
3360	-1000
3361	-1000
3362	-1000
3363	-1000
3364	-1000
3365	-1000
3366	-1000
3367	-1000
3368	-1000
3369	-1000
3370	-1000
3371	-1000
3372	-1000
3373	-1000
3374	-1000
3375	-1000
3376	-1000
3377	-1000
3378	-1000
3379	-1000
3380	-1000
3381	-1000
3382	-1000
3383	-1000
3384	-1000
3385	-1000
3386	-1000
3387	-1000
3388	-1000
3389	-1000
3390	-1000
3391	-1000
3392	-1000
3393	-1000
3394	-1000
3395	-1000
3396	-1000
3397	-1000
3398	-1000
3399	-1000
3400	-1000
3401	-1000
3402	-1000
3403	-1000
3404	-1000
3405	5
3406	5
3407	5
3408	5
3409	5
3410	5
3411	5
3412	5
3413	5
3414	5
3415	5
3416	5
3417	5
3418	5
3419	5
3420	5
3421	5
3422	5
3423	5
3424	5
3425	5
3426	5
3427	5
3428	5
3429	5
3430	5
3431	5
3432	5
3433	5
3434	5
3435	5
3436	5
3437	5
3438	5
3439	5
3440	5
3441	5
3442	5
3443	5
3444	5
3445	5
3446	5
3447	5
3448	5
3449	5
3450	5
3451	5
3452	5
3453	5
3454	5
3455	5
3456	5
3457	5
3458	5
3459	5
3460	5
3461	5
3462	5
3463	5
3464	5
3465	5
3466	5
3467	5
3468	5
3469	5
3470	5
3471	5
3472	5
3473	5
3474	5
3475	5
3476	5
3477	5
3478	5
3479	5
3480	5
3481	5
3482	5
3483	5
3484	5
3485	5
3486	5
3487	5
3488	5
3489	5
3490	5
3491	5
3492	5
3493	5
3494	5
3495	5
3496	5
3497	5
3498	5
3499	5
3500	5
3501	5
3502	5
3503	5
3504	5
3505	5
3506	5
3507	5
3508	5
3509	5
3510	5
3511	5
3512	5
3513	5
3514	5
3515	5
3516	5
3517	5
3518	5
3519	5
3520	5
3521	5
3522	5
3523	5
3524	5
3525	5
3526	5
3527	5
3528	5
3529	5
3530	5
3531	5
3532	5
3533	5
3534	5
3535	5
3536	5
3537	5
3538	5
3539	5
3540	5
3541	5
3542	5
3543	5
3544	5
3545	5
3546	5
3547	5
3548	5
3549	5
3550	5
3551	5
3552	5
3553	5
3554	5
3555	5
3556	5
3557	5
3558	5
3559	5
3560	5
3561	5
3562	5
3563	5
3564	5
3565	5
3566	5
3567	5
3568	5
3569	5
3570	5
3571	5
3572	5
3573	5
3574	5
3575	5
3576	5
3577	5
3578	5
3579	5
3580	5
3581	5
3582	5
3583	5
3584	5
3585	5
3586	5
3587	5
3588	5
3589	5
3590	5
3591	5
3592	5
3593	5
3594	5
3595	5
3596	5
3597	5
3598	5
3599	5
3600	5
3601	5
3602	5
3603	5
3604	5
3605	5
3606	5
3607	5
3608	5
3609	5
3610	5
3611	5
3612	5
3613	5
3614	5
3615	5
3616	5
3617	5
3618	5
3619	5
3620	5
3621	5
3622	5
3623	5
3624	5
3625	5
3626	5
3627	5
3628	5
3629	5
3630	5
3631	5
3632	5
3633	5
3634	5
3635	5
3636	5
3637	5
3638	5
3639	5
3640	5
3641	5
3642	5
3643	5
3644	5
3645	5
3646	5
3647	5
3648	5
3649	5
3650	5
3651	5
3652	5
3653	5
3654	5
3655	5
3656	5
3657	5
3658	5
3659	5
3660	5
3661	5
3662	5
3663	5
3664	5
3665	5
3666	5
3667	5
3668	5
3669	5
3670	5
3671	5
3672	5
3673	5
3674	5
3675	5
3676	5
3677	5
3678	5
3679	5
3680	5
3681	5
3682	5
3683	5
3684	5
3685	5
3686	5
3687	5
3688	5
3689	5
3690	5
3691	5
3692	5
3693	5
3694	5
3695	5
3696	5
3697	5
3698	5
3699	5
3700	5
3701	5
3702	5
3703	5
3704	5
3705	5
3706	5
3707	5
3708	5
3709	5
3710	5
3711	5
3712	5
3713	5
3714	5
3715	5
3716	5
3717	5
3718	5
3719	5
3720	5
3721	5
3722	5
3723	5
3724	5
3725	5
3726	5
3727	5
3728	5
3729	5
3730	5
3731	5
3732	5
3733	5
3734	5
3735	5
3736	5
3737	5
3738	5
3739	5
3740	5
3741	5
3742	5
3743	5
3744	5
3745	5
3746	5
3747	5
3748	5
3749	5
3750	5
3751	5
3752	5
3753	5
3754	5
3755	5
3756	5
3757	5
3758	5
3759	5
3760	5
3761	5
3762	5
3763	5
3764	5
3765	5
3766	5
3767	5
3768	5
3769	5
3770	5
3771	5
3772	5
3773	5
3774	5
3775	5
3776	5
3777	5
3778	5
3779	5
3780	5
3781	5
3782	5
3783	5
3784	5
3785	5
3786	5
3787	5
3788	5
3789	5
3790	5
3791	5
3792	5
3793	5
3794	5
3795	5
3796	5
3797	5
3798	5
3799	5
3800	5
3801	5
3802	5
3803	5
3804	5
3805	5
3806	5
3807	5
3808	5
3809	5
3810	5
3811	5
3812	5
3813	5
3814	5
3815	5
3816	5
3817	5
3818	5
3819	5
3820	5
3821	5
3822	5
3823	5
3824	5
3825	5
3826	5
3827	5
3828	5
3829	5
3830	5
3831	5
3832	5
3833	5
3834	5
3835	5
3836	5
3837	5
3838	5
3839	5
3840	5
3841	5
3842	5
3843	5
3844	5
3845	5
3846	5
3847	5
3848	5
3849	5
3850	5
3851	5
3852	5
3853	5
3854	5
3855	5
3856	5
3857	5
3858	5
3859	5
3860	5
3861	5
3862	5
3863	5
3864	5
3865	5
3866	5
3867	5
3868	5
3869	5
3870	5
3871	5
3872	5
3873	5
3874	5
3875	5
3876	5
3877	5
3878	5
3879	5
3880	5
3881	5
3882	5
3883	5
3884	5
3885	5
3886	5
3887	5
3888	5
3889	5
3890	5
3891	5
3892	5
3893	5
3894	5
3895	5
3896	5
3897	5
3898	5
3899	5
3900	5
3901	5
3902	5
3903	5
3904	5
3905	5
3906	5
3907	5
3908	5
3909	5
3910	5
3911	5
3912	5
3913	5
3914	5
3915	5
3916	5
3917	5
3918	5
3919	5
3920	5
3921	5
3922	5
3923	5
3924	5
3925	5
3926	5
3927	5
3928	5
3929	5
3930	5
3931	5
3932	5
3933	5
3934	5
3935	5
3936	5
3937	5
3938	5
3939	5
3940	5
3941	5
3942	5
3943	5
3944	5
3945	5
3946	5
3947	5
3948	5
3949	5
3950	5
3951	5
3952	5
3953	5
3954	5
3955	5
3956	5
3957	5
3958	5
3959	5
3960	5
3961	5
3962	5
3963	5
3964	5
3965	5
3966	5
3967	5
3968	5
3969	5
3970	5
3971	5
3972	5
3973	5
3974	5
3975	5
3976	5
3977	5
3978	5
3979	5
3980	5
3981	5
3982	5
3983	5
3984	5
3985	5
3986	5
3987	5
3988	5
3989	5
3990	5
3991	5
3992	5
3993	5
3994	5
3995	5
3996	5
3997	5
3998	5
3999	5
4000	5
4001	5
4002	5
4003	5
4004	5
4005	5
4006	5
4007	5
4008	5
4009	5
4010	5
4011	5
4012	5
4013	5
4014	5
4015	5
4016	5
4017	5
4018	5
4019	5
4020	5
4021	5
4022	5
4023	5
4024	5
4025	5
4026	5
4027	5
4028	5
4029	5
4030	5
4031	5
4032	5
4033	5
4034	5
4035	5
4036	5
4037	5
4038	5
4039	5
4040	5
4041	5
4042	5
4043	5
4044	5
4045	5
4046	5
4047	5
4048	5
4049	5
4050	5
4051	5
4052	5
4053	5
4054	5
4055	5
4056	5
4057	5
4058	5
4059	5
4060	5
4061	5
4062	5
4063	5
4064	5
4065	5
4066	5
4067	5
4068	5
4069	5
4070	5
4071	5
4072	5
4073	5
4074	5
4075	5
4076	5
4077	5
4078	5
4079	5
4080	5
4081	5
4082	5
4083	5
4084	5
4085	5
4086	5
4087	5
4088	5
4089	5
4090	5
4091	5
4092	5
4093	5
4094	5
4095	5
4096	5
4097	5
4098	5
4099	5
4100	5
4101	5
4102	5
4103	5
4104	5
4105	5
4106	5
4107	5
4108	5
4109	5
4110	5
4111	5
4112	5
4113	5
4114	5
4115	5
4116	5
4117	5
4118	5
4119	5
4120	5
4121	5
4122	5
4123	5
4124	5
4125	5
4126	5
4127	5
4128	5
4129	5
4130	5
4131	5
4132	5
4133	5
4134	5
4135	5
4136	5
4137	5
4138	5
4139	5
4140	5
4141	5
4142	5
4143	5
4144	5
4145	5
4146	5
4147	5
4148	5
4149	5
4150	5
4151	5
4152	5
4153	5
4154	5
4155	5
4156	5
4157	5
4158	5
4159	5
4160	5
4161	5
4162	5
4163	5
4164	5
4165	5
4166	5
4167	5
4168	5
4169	5
4170	5
4171	5
4172	5
4173	5
4174	5
4175	5
4176	5
4177	5
4178	5
4179	5
4180	5
4181	5
4182	5
4183	5
4184	5
4185	5
4186	5
4187	5
4188	5
4189	5
4190	5
4191	5
4192	5
4193	5
4194	5
4195	5
4196	5
4197	5
4198	5
4199	5
4200	5
4201	5
4202	5
4203	5
4204	5
4205	5
4206	5
4207	5
4208	5
4209	5
4210	5
4211	5
4212	5
4213	5
4214	5
4215	5
4216	5
4217	5
4218	5
4219	5
4220	5
4221	5
4222	5
4223	5
4224	5
4225	5
4226	5
4227	5
4228	5
4229	5
4230	5
4231	5
4232	5
4233	5
4234	5
4235	5
4236	5
4237	5
4238	5
4239	5
4240	5
4241	5
4242	5
4243	5
4244	5
4245	5
4246	5
4247	5
4248	5
4249	5
4250	5
4251	5
4252	5
4253	5
4254	5
4255	5
4256	5
4257	5
4258	5
4259	5
4260	5
4261	5
4262	5
4263	5
4264	5
4265	5
4266	5
4267	5
4268	5
4269	5
4270	5
4271	5
4272	5
4273	5
4274	5
4275	5
4276	5
4277	5
4278	5
4279	5
4280	5
4281	5
4282	5
4283	5
4284	5
4285	5
4286	5
4287	5
4288	5
4289	5
4290	5
4291	5
4292	5
4293	5
4294	5
4295	5
4296	5
4297	5
4298	5
4299	5
4300	5
4301	5
4302	5
4303	5
4304	5
4305	5
4306	5
4307	5
4308	5
4309	5
4310	5
4311	5
4312	5
4313	5
4314	5
4315	5
4316	5
4317	5
4318	5
4319	5
4320	5
4321	5
4322	5
4323	5
4324	5
4325	5
4326	5
4327	5
4328	5
4329	5
4330	5
4331	5
4332	5
4333	5
4334	5
4335	5
4336	5
4337	5
4338	5
4339	5
4340	5
4341	5
4342	5
4343	5
4344	5
4345	5
4346	5
4347	5
4348	5
4349	5
4350	5
4351	5
4352	5
4353	5
4354	5
4355	5
4356	5
4357	5
4358	5
4359	5
4360	5
4361	5
4362	5
4363	5
4364	5
4365	5
4366	5
4367	5
4368	5
4369	5
4370	5
4371	5
4372	5
4373	5
4374	5
4375	5
4376	5
4377	5
4378	5
4379	5
4380	5
4381	5
4382	5
4383	5
4384	5
4385	5
4386	5
4387	5
4388	5
4389	5
4390	5
4391	5
4392	5
4393	5
4394	5
4395	5
4396	5
4397	5
4398	5
4399	5
4400	5
4401	5
4402	5
4403	5
4404	5
4405	5
4406	5
4407	5
4408	5
4409	5
4410	5
4411	5
4412	5
4413	5
4414	5
4415	5
4416	5
4417	5
4418	5
4419	5
4420	5
4421	5
4422	5
4423	5
4424	5
4425	5
4426	5
4427	5
4428	5
4429	5
4430	5
4431	5
4432	5
4433	5
4434	5
4435	5
4436	5
4437	5
4438	5
4439	5
4440	5
4441	5
4442	5
4443	5
4444	5
4445	5
4446	5
4447	5
4448	5
4449	5
4450	5
4451	5
4452	5
4453	5
4454	5
4455	5
4456	5
4457	5
4458	5
4459	5
4460	5
4461	5
4462	5
4463	5
4464	5
4465	5
4466	5
4467	5
4468	5
4469	5
4470	5
4471	5
4472	5
4473	5
4474	5
4475	5
4476	5
4477	5
4478	5
4479	5
4480	5
4481	5
4482	5
4483	5
4484	5
4485	5
4486	5
4487	5
4488	5
4489	5
4490	5
4491	5
4492	5
4493	5
4494	5
4495	5
4496	5
4497	5
4498	5
4499	5
4500	5
4501	5
4502	5
4503	5
4504	5
4505	5
4506	5
4507	5
4508	5
4509	5
4510	5
4511	5
4512	5
4513	5
4514	5
4515	5
4516	5
4517	5
4518	5
4519	5
4520	5
4521	5
4522	5
4523	5
4524	5
4525	5
4526	5
4527	5
4528	5
4529	5
4530	5
4531	5
4532	5
4533	5
4534	5
4535	5
4536	5
4537	5
4538	5
4539	5
4540	5
4541	5
4542	5
4543	5
4544	5
4545	5
4546	5
4547	5
4548	5
4549	5
4550	5
4551	5
4552	5
4553	5
4554	5
4555	5
4556	5
4557	5
4558	5
4559	5
4560	5
4561	5
4562	5
4563	5
4564	5
4565	5
4566	5
4567	5
4568	5
4569	5
4570	5
4571	5
4572	5
4573	5
4574	5
4575	5
4576	5
4577	5
4578	5
4579	5
4580	5
4581	5
4582	5
4583	5
4584	5
4585	5
4586	5
4587	5
4588	5
4589	5
4590	5
4591	5
4592	5
4593	5
4594	5
4595	5
4596	5
4597	5
4598	5
4599	5
4600	5
4601	5
4602	5
4603	5
4604	5
4605	5
4606	5
4607	5
4608	5
4609	5
4610	5
4611	5
4612	5
4613	5
4614	5
4615	5
4616	5
4617	5
4618	5
4619	5
4620	5
4621	5
4622	5
4623	5
4624	5
4625	5
4626	5
4627	5
4628	5
4629	5
4630	5
4631	5
4632	5
4633	5
4634	5
4635	5
4636	5
4637	5
4638	5
4639	5
4640	5
4641	5
4642	5
4643	5
4644	5
4645	5
4646	5
4647	5
4648	5
4649	5
4650	5
4651	5
4652	5
4653	5
4654	5
4655	5
4656	5
4657	5
4658	5
4659	5
4660	5
4661	5
4662	5
4663	5
4664	5
4665	5
4666	5
4667	5
4668	5
4669	5
4670	5
4671	5
4672	5
4673	5
4674	5
4675	5
4676	5
4677	5
4678	5
4679	5
4680	5
4681	5
4682	5
4683	5
4684	5
4685	5
4686	5
4687	5
4688	5
4689	5
4690	5
4691	5
4692	5
4693	-1000
4694	-1000
4695	-1000
4696	-1000
4697	-1000
4698	-1000
4699	-1000
4700	-1000
4701	-1000
4702	-1000
4703	-1000
4704	-1000
4705	-1000
4706	-1000
4707	-1000
4708	-1000
4709	-1000
4710	-1000
4711	-1000
4712	-1000
4713	-1000
4714	-1000
4715	-1000
4716	-1000
4717	-1000
4718	-1000
4719	-1000
4720	-1000
4721	-1000
4722	-1000
4723	-1000
4724	-1000
4725	-1000
4726	-1000
4727	-1000
4728	-1000
4729	-1000
4730	-1000
4731	-1000
4732	-1000
4733	-1000
4734	-1000
4735	-1000
4736	-1000
4737	-1000
4738	-1000
4739	-1000
4740	-1000
4741	-1000
4742	-1000
4743	-1000
4744	-1000
4745	-1000
4746	-1000
4747	-1000
4748	-1000
4749	-1000
4750	-1000
4751	-1000
4752	-1000
4753	-1000
4754	-1000
4755	-1000
4756	-1000
4757	-1000
4758	-1000
4759	-1000
4760	-1000
4761	-1000
4762	-1000
4763	-1000
4764	-1000
4765	-1000
4766	-1000
4767	-1000
4768	-1000
4769	-1000
4770	-1000
4771	-1000
4772	-1000
4773	-1000
4774	-1000
4775	-1000
4776	-1000
4777	-1000
4778	-1000
4779	-1000
4780	-1000
4781	-1000
4782	-1000
4783	-1000
4784	-1000
4785	-1000
4786	-1000
4787	-1000
4788	-1000
4789	-1000
4790	-1000
4791	-1000
4792	-1000
4793	-1000
4794	-1000
4795	-1000
4796	-1000
4797	-1000
4798	-1000
4799	-1000
4800	-1000
4801	-1000
4802	-1000
4803	-1000
4804	-1000
4805	-1000
4806	-1000
4807	-1000
4808	-1000
4809	-1000
4810	-1000
4811	-1000
4812	-1000
4813	-1000
4814	-1000
4815	-1000
4816	-1000
4817	-1000
4818	-1000
4819	-1000
4820	-1000
4821	-1000
4822	-1000
4823	-1000
4824	-1000
4825	-1000
4826	-1000
4827	-1000
4828	-1000
4829	-1000
4830	-1000
4831	-1000
4832	-1000
4833	-1000
4834	-1000
4835	-1000
4836	-1000
4837	-1000
4838	-1000
4839	-1000
4840	-1000
4841	-1000
4842	-1000
4843	-1000
4844	-1000
4845	-1000
4846	-1000
4847	-1000
4848	-1000
4849	-1000
4850	-1000
4851	-1000
4852	-1000
4853	-1000
4854	-1000
4855	-1000
4856	-1000
4857	-1000
4858	-1000
4859	-1000
4860	-1000
4861	-1000
4862	-1000
4863	-1000
4864	-1000
4865	-1000
4866	-1000
4867	-1000
4868	-1000
4869	-1000
4870	-1000
4871	-1000
4872	-1000
4873	-1000
4874	-1000
4875	-1000
4876	-1000
4877	-1000
4878	-1000
4879	-1000
4880	-1000
4881	-1000
4882	-1000
4883	-1000
4884	-1000
4885	-1000
4886	-1000
4887	-1000
4888	-1000
4889	-1000
4890	-1000
4891	-1000
4892	-1000
4893	-1000
4894	-1000
4895	-1000
4896	-1000
4897	-1000
4898	-1000
4899	-1000
4900	-1000
4901	-1000
4902	-1000
4903	-1000
4904	-1000
4905	-1000
4906	-1000
4907	-1000
4908	-1000
4909	-1000
4910	-1000
4911	-1000
4912	-1000
4913	-1000
4914	-1000
4915	-1000
4916	-1000
4917	-1000
4918	-1000
4919	-1000
4920	-1000
4921	-1000
4922	-1000
4923	-1000
4924	-1000
4925	-1000
4926	-1000
4927	-1000
4928	-1000
4929	-1000
4930	-1000
4931	-1000
4932	-1000
4933	-1000
4934	-1000
4935	-1000
4936	-1000
4937	-1000
4938	-1000
4939	-1000
4940	-1000
4941	-1000
4942	-1000
4943	-1000
4944	-1000
4945	-1000
4946	-1000
4947	-1000
4948	-1000
4949	-1000
4950	-1000
4951	-1000
4952	-1000
4953	-1000
4954	-1000
4955	-1000
4956	-1000
4957	-1000
4958	-1000
4959	-1000
4960	-1000
4961	-1000
4962	-1000
4963	-1000
4964	-1000
4965	-1000
4966	-1000
4967	-1000
4968	-1000
4969	-1000
4970	-1000
4971	-1000
4972	-1000
4973	-1000
4974	-1000
4975	-1000
4976	-1000
4977	-1000
4978	-1000
4979	-1000
4980	-1000
4981	-1000
4982	-1000
4983	-1000
4984	-1000
4985	-1000
4986	-1000
4987	-1000
4988	-1000
4989	-1000
4990	-1000
4991	-1000
4992	-1000
4993	-1000
4994	-1000
4995	-1000
4996	-1000
4997	-1000
4998	-1000
4999	-1000
5000	-1000
5001	-1000
5002	-1000
5003	-1000
5004	-1000
5005	-1000
5006	-1000
5007	-1000
5008	-1000
5009	-1000
5010	-1000
5011	-1000
5012	-1000
5013	-1000
5014	-1000
5015	-1000
5016	-1000
5017	-1000
5018	-1000
5019	-1000
5020	-1000
5021	-1000
5022	-1000
5023	-1000
5024	-1000
5025	-1000
5026	-1000
5027	-1000
5028	-1000
5029	-1000
5030	-1000
5031	-1000
5032	-1000
5033	-1000
5034	-1000
5035	-1000
5036	-1000
5037	-1000
5038	-1000
5039	-1000
5040	-1000
5041	-1000
5042	-1000
5043	-1000
5044	-1000
5045	-1000
5046	-1000
5047	-1000
5048	-1000
5049	-1000
5050	-1000
5051	-1000
5052	-1000
5053	-1000
5054	-1000
5055	-1000
5056	-1000
5057	-1000
5058	-1000
5059	-1000
5060	-1000
5061	-1000
5062	-1000
5063	-1000
5064	-1000
5065	-1000
5066	-1000
5067	-1000
5068	-1000
5069	-1000
5070	-1000
5071	-1000
5072	-1000
5073	-1000
5074	-1000
5075	-1000
5076	-1000
5077	-1000
5078	-1000
5079	-1000
5080	-1000
5081	-1000
5082	-1000
5083	-1000
5084	-1000
5085	-1000
5086	-1000
5087	-1000
5088	-1000
5089	-1000
5090	-1000
5091	-1000
5092	-1000
5093	-1000
5094	-1000
5095	-1000
5096	-1000
5097	-1000
5098	-1000
5099	-1000
5100	-1000
5101	-1000
5102	-1000
5103	-1000
5104	-1000
5105	-1000
5106	-1000
5107	-1000
5108	-1000
5109	-1000
5110	-1000
5111	-1000
5112	-1000
5113	-1000
5114	-1000
5115	-1000
5116	-1000
5117	-1000
5118	-1000
5119	-1000
5120	-1000
5121	-1000
5122	-1000
5123	-1000
5124	-1000
5125	-1000
5126	-1000
5127	-1000
5128	-1000
5129	-1000
5130	-1000
5131	-1000
5132	-1000
5133	-1000
5134	-1000
5135	-1000
5136	-1000
5137	-1000
5138	-1000
5139	-1000
5140	-1000
5141	-1000
5142	-1000
5143	-1000
5144	-1000
5145	-1000
5146	-1000
5147	-1000
5148	-1000
5149	-1000
5150	-1000
5151	-1000
5152	-1000
5153	-1000
5154	-1000
5155	-1000
5156	-1000
5157	-1000
5158	-1000
5159	-1000
5160	-1000
5161	-1000
5162	-1000
5163	-1000
5164	-1000
5165	-1000
5166	-1000
5167	-1000
5168	-1000
5169	-1000
5170	-1000
5171	-1000
5172	-1000
5173	-1000
5174	-1000
5175	-1000
5176	-1000
5177	-1000
5178	-1000
5179	-1000
5180	-1000
5181	-1000
5182	-1000
5183	-1000
5184	-1000
5185	-1000
5186	-1000
5187	-1000
5188	-1000
5189	-1000
5190	-1000
5191	-1000
5192	-1000
5193	-1000
5194	-1000
5195	-1000
5196	-1000
5197	-1000
5198	-1000
5199	-1000
5200	-1000
5201	-1000
5202	-1000
5203	-1000
5204	-1000
5205	-1000
5206	-1000
5207	-1000
5208	-1000
5209	-1000
5210	-1000
5211	-1000
5212	-1000
5213	-1000
5214	-1000
5215	-1000
5216	-1000
5217	-1000
5218	-1000
5219	-1000
5220	-1000
5221	-1000
5222	-1000
5223	-1000
5224	-1000
5225	-1000
5226	-1000
5227	-1000
5228	-1000
5229	-1000
5230	-1000
5231	-1000
5232	-1000
5233	-1000
5234	-1000
5235	-1000
5236	-1000
5237	-1000
5238	-1000
5239	-1000
5240	-1000
5241	-1000
5242	-1000
5243	-1000
5244	-1000
5245	-1000
5246	-1000
5247	-1000
5248	-1000
5249	-1000
5250	-1000
5251	-1000
5252	-1000
5253	-1000
5254	-1000
5255	-1000
5256	-1000
5257	-1000
5258	-1000
5259	-1000
5260	-1000
5261	-1000
5262	-1000
5263	-1000
5264	-1000
5265	-1000
5266	-1000
5267	-1000
5268	-1000
5269	-1000
5270	-1000
5271	-1000
5272	-1000
5273	-1000
5274	-1000
5275	-1000
5276	-1000
5277	-1000
5278	-1000
5279	-1000
5280	-1000
5281	-1000
5282	-1000
5283	-1000
5284	-1000
5285	-1000
5286	-1000
5287	-1000
5288	-1000
5289	-1000
5290	-1000
5291	-1000
5292	-1000
5293	-1000
5294	-1000
5295	-1000
5296	-1000
5297	-1000
5298	-1000
5299	-1000
5300	-1000
5301	-1000
5302	-1000
5303	-1000
5304	-1000
5305	-1000
5306	-1000
5307	-1000
5308	-1000
5309	-1000
5310	-1000
5311	-1000
5312	-1000
5313	-1000
5314	-1000
5315	-1000
5316	-1000
5317	-1000
5318	-1000
5319	-1000
5320	-1000
5321	-1000
5322	-1000
5323	-1000
5324	-1000
5325	-1000
5326	-1000
5327	-1000
5328	-1000
5329	-1000
5330	-1000
5331	-1000
5332	-1000
5333	-1000
5334	-1000
5335	-1000
5336	-1000
5337	-1000
5338	-1000
5339	-1000
5340	-1000
5341	-1000
5342	-1000
5343	-1000
5344	-1000
5345	-1000
5346	-1000
5347	-1000
5348	-1000
5349	-1000
5350	-1000
5351	-1000
5352	-1000
5353	-1000
5354	-1000
5355	-1000
5356	-1000
5357	-1000
5358	-1000
5359	-1000
5360	-1000
5361	-1000
5362	-1000
5363	-1000
5364	-1000
5365	-1000
5366	-1000
5367	-1000
5368	-1000
5369	-1000
5370	-1000
5371	-1000
5372	-1000
5373	-1000
5374	-1000
5375	-1000
5376	-1000
5377	-1000
5378	-1000
5379	-1000
