0	-1000
1	-1000
2	-1000
3	-1000
4	-1000
5	-1000
6	-1000
7	-1000
8	-1000
9	-1000
10	-1000
11	-1000
12	-1000
13	-1000
14	-1000
15	-1000
16	-1000
17	-1000
18	-1000
19	-1000
20	-1000
21	-1000
22	-1000
23	-1000
24	-1000
25	-1000
26	-1000
27	-1000
28	-1000
29	-1000
30	-1000
31	-1000
32	-1000
33	-1000
34	-1000
35	-1000
36	-1000
37	-1000
38	-1000
39	-1000
40	-1000
41	-1000
42	-1000
43	-1000
44	-1000
45	-1000
46	-1000
47	-1000
48	-1000
49	-1000
50	-1000
51	-1000
52	-1000
53	-1000
54	-1000
55	-1000
56	-1000
57	-1000
58	-1000
59	-1000
60	-1000
61	-1000
62	-1000
63	-1000
64	-1000
65	-1000
66	-1000
67	-1000
68	-1000
69	-1000
70	-1000
71	-1000
72	-1000
73	-1000
74	-1000
75	-1000
76	-1000
77	-1000
78	-1000
79	-1000
80	-1000
81	-1000
82	-1000
83	-1000
84	-1000
85	-1000
86	-1000
87	-1000
88	-1000
89	-1000
90	-1000
91	-1000
92	-1000
93	-1000
94	-1000
95	-1000
96	-1000
97	-1000
98	-1000
99	-1000
100	-1000
101	-1000
102	-1000
103	-1000
104	-1000
105	-1000
106	-1000
107	-1000
108	-1000
109	-1000
110	-1000
111	-1000
112	-1000
113	-1000
114	-1000
115	-1000
116	-1000
117	-1000
118	-1000
119	-1000
120	-1000
121	-1000
122	-1000
123	-1000
124	-1000
125	-1000
126	-1000
127	-1000
128	-1000
129	-1000
130	-1000
131	-1000
132	-1000
133	-1000
134	-1000
135	-1000
136	-1000
137	-1000
138	-1000
139	-1000
140	-1000
141	-1000
142	-1000
143	-1000
144	-1000
145	-1000
146	-1000
147	-1000
148	-1000
149	-1000
150	-1000
151	-1000
152	-1000
153	-1000
154	-1000
155	-1000
156	-1000
157	-1000
158	-1000
159	-1000
160	-1000
161	-1000
162	-1000
163	-1000
164	-1000
165	-1000
166	-1000
167	-1000
168	-1000
169	-1000
170	-1000
171	-1000
172	-1000
173	-1000
174	-1000
175	-1000
176	-1000
177	-1000
178	-1000
179	-1000
180	-1000
181	-1000
182	-1000
183	-1000
184	-1000
185	-1000
186	-1000
187	-1000
188	-1000
189	-1000
190	-1000
191	-1000
192	-1000
193	-1000
194	-1000
195	-1000
196	-1000
197	-1000
198	-1000
199	-1000
200	-1000
201	-1000
202	-1000
203	-1000
204	-1000
205	-1000
206	-1000
207	-1000
208	-1000
209	-1000
210	-1000
211	-1000
212	-1000
213	-1000
214	-1000
215	-1000
216	-1000
217	-1000
218	-1000
219	-1000
220	-1000
221	-1000
222	-1000
223	-1000
224	-1000
225	-1000
226	-1000
227	-1000
228	-1000
229	-1000
230	-1000
231	-1000
232	-1000
233	-1000
234	-1000
235	-1000
236	-1000
237	-1000
238	-1000
239	-1000
240	-1000
241	-1000
242	-1000
243	-1000
244	-1000
245	-1000
246	-1000
247	-1000
248	-1000
249	-1000
250	-1000
251	-1000
252	-1000
253	-1000
254	-1000
255	-1000
256	-1000
257	-1000
258	-1000
259	-1000
260	-1000
261	-1000
262	-1000
263	-1000
264	-1000
265	-1000
266	-1000
267	-1000
268	-1000
269	-1000
270	-1000
271	-1000
272	-1000
273	-1000
274	-1000
275	-1000
276	-1000
277	-1000
278	-1000
279	-1000
280	-1000
281	-1000
282	-1000
283	-1000
284	-1000
285	-1000
286	-1000
287	-1000
288	-1000
289	-1000
290	-1000
291	-1000
292	-1000
293	-1000
294	-1000
295	-1000
296	-1000
297	-1000
298	-1000
299	-1000
300	-1000
301	-1000
302	-1000
303	-1000
304	-1000
305	-1000
306	-1000
307	-1000
308	-1000
309	-1000
310	-1000
311	-1000
312	-1000
313	-1000
314	-1000
315	-1000
316	-1000
317	-1000
318	-1000
319	-1000
320	-1000
321	-1000
322	-1000
323	-1000
324	-1000
325	-1000
326	-1000
327	-1000
328	-1000
329	-1000
330	-1000
331	-1000
332	-1000
333	-1000
334	-1000
335	-1000
336	-1000
337	-1000
338	-1000
339	-1000
340	-1000
341	-1000
342	-1000
343	-1000
344	-1000
345	-1000
346	-1000
347	-1000
348	-1000
349	-1000
350	-1000
351	-1000
352	-1000
353	-1000
354	-1000
355	-1000
356	-1000
357	-1000
358	-1000
359	-1000
360	-1000
361	-1000
362	-1000
363	-1000
364	-1000
365	-1000
366	-1000
367	-1000
368	-1000
369	-1000
370	-1000
371	-1000
372	-1000
373	-1000
374	-1000
375	-1000
376	-1000
377	-1000
378	-1000
379	-1000
380	-1000
381	-1000
382	-1000
383	-1000
384	-1000
385	-1000
386	-1000
387	-1000
388	-1000
389	-1000
390	-1000
391	-1000
392	-1000
393	-1000
394	-1000
395	-1000
396	-1000
397	-1000
398	-1000
399	-1000
400	-1000
401	-1000
402	5
403	5
404	5
405	5
406	5
407	5
408	5
409	5
410	5
411	5
412	5
413	5
414	5
415	5
416	5
417	5
418	5
419	5
420	5
421	5
422	5
423	5
424	5
425	5
426	5
427	5
428	5
429	5
430	5
431	5
432	5
433	5
434	5
435	5
436	5
437	5
438	5
439	5
440	5
441	5
442	5
443	5
444	5
445	5
446	5
447	5
448	5
449	5
450	5
451	5
452	5
453	5
454	5
455	5
456	5
457	5
458	5
459	5
460	5
461	5
462	5
463	5
464	5
465	5
466	5
467	5
468	5
469	5
470	5
471	5
472	5
473	5
474	5
475	5
476	5
477	5
478	5
479	5
480	5
481	5
482	5
483	5
484	5
485	5
486	5
487	5
488	5
489	5
490	5
491	5
492	5
493	5
494	5
495	5
496	5
497	5
498	5
499	5
500	5
501	5
502	5
503	5
504	5
505	5
506	5
507	5
508	5
509	5
510	5
511	5
512	5
513	5
514	5
515	5
516	5
517	5
518	5
519	5
520	5
521	5
522	5
523	5
524	5
525	5
526	5
527	5
528	5
529	5
530	5
531	5
532	5
533	5
534	5
535	5
536	5
537	5
538	5
539	5
540	5
541	5
542	5
543	5
544	5
545	5
546	5
547	5
548	5
549	5
550	5
551	5
552	5
553	5
554	5
555	5
556	5
557	5
558	5
559	5
560	5
561	5
562	5
563	5
564	5
565	5
566	5
567	5
568	5
569	5
570	5
571	5
572	5
573	5
574	5
575	5
576	5
577	5
578	5
579	5
580	5
581	5
582	5
583	5
584	5
585	5
586	5
587	5
588	5
589	5
590	5
591	5
592	5
593	5
594	5
595	5
596	5
597	5
598	5
599	5
600	5
601	5
602	5
603	5
604	5
605	5
606	5
607	5
608	5
609	5
610	5
611	5
612	5
613	5
614	5
615	5
616	5
617	5
618	5
619	5
620	5
621	5
622	5
623	5
624	5
625	5
626	5
627	5
628	5
629	5
630	5
631	5
632	5
633	5
634	5
635	5
636	5
637	5
638	5
639	5
640	5
641	5
642	5
643	5
644	5
645	5
646	5
647	5
648	5
649	5
650	5
651	5
652	5
653	5
654	5
655	5
656	5
657	5
658	5
659	5
660	5
661	5
662	5
663	5
664	5
665	5
666	5
667	5
668	5
669	5
670	5
671	5
672	5
673	5
674	5
675	5
676	5
677	5
678	5
679	5
680	5
681	5
682	5
683	5
684	5
685	5
686	5
687	5
688	5
689	5
690	5
691	5
692	5
693	5
694	5
695	5
696	5
697	5
698	5
699	5
700	5
701	5
702	5
703	5
704	5
705	5
706	5
707	5
708	5
709	5
710	5
711	5
712	5
713	5
714	5
715	5
716	5
717	5
718	5
719	5
720	5
721	5
722	5
723	5
724	5
725	5
726	5
727	5
728	5
729	5
730	5
731	5
732	5
733	5
734	5
735	5
736	5
737	5
738	5
739	5
740	5
741	5
742	5
743	5
744	5
745	5
746	5
747	5
748	5
749	5
750	5
751	5
752	5
753	5
754	5
755	5
756	5
757	5
758	5
759	5
760	5
761	5
762	5
763	5
764	5
765	5
766	5
767	5
768	5
769	5
770	5
771	5
772	5
773	5
774	5
775	5
776	5
777	5
778	5
779	5
780	5
781	5
782	5
783	5
784	5
785	5
786	5
787	5
788	5
789	5
790	5
791	5
792	5
793	5
794	5
795	5
796	5
797	5
798	5
799	5
800	5
801	-1000
802	-1000
803	-1000
804	-1000
805	-1000
806	-1000
807	-1000
808	-1000
809	-1000
810	-1000
811	-1000
812	-1000
813	-1000
814	-1000
815	-1000
816	-1000
817	-1000
818	-1000
819	-1000
820	-1000
821	-1000
822	-1000
823	-1000
824	-1000
825	-1000
826	-1000
827	-1000
828	-1000
829	-1000
830	-1000
831	-1000
832	-1000
833	-1000
834	-1000
835	-1000
836	-1000
837	-1000
838	-1000
839	-1000
840	-1000
841	-1000
842	-1000
843	-1000
844	-1000
845	-1000
846	-1000
847	-1000
848	-1000
849	-1000
850	-1000
851	-1000
852	-1000
853	-1000
854	-1000
855	-1000
856	-1000
857	-1000
858	-1000
859	-1000
860	-1000
861	-1000
862	-1000
863	-1000
864	-1000
865	-1000
866	-1000
867	-1000
868	-1000
869	-1000
870	-1000
871	-1000
872	-1000
873	-1000
874	-1000
875	-1000
876	-1000
877	-1000
878	-1000
879	-1000
880	-1000
881	-1000
882	-1000
883	-1000
884	-1000
885	-1000
886	-1000
887	-1000
888	-1000
889	-1000
890	-1000
891	-1000
892	-1000
893	-1000
894	-1000
895	-1000
896	-1000
897	-1000
898	-1000
899	-1000
900	-1000
901	-1000
902	-1000
903	-1000
904	-1000
905	-1000
906	-1000
907	-1000
908	-1000
909	-1000
910	-1000
911	-1000
912	-1000
913	-1000
914	-1000
915	-1000
916	-1000
917	-1000
918	-1000
919	-1000
920	-1000
921	-1000
922	-1000
923	-1000
924	-1000
925	-1000
926	-1000
927	-1000
928	-1000
929	-1000
930	-1000
931	-1000
932	-1000
933	-1000
934	-1000
935	-1000
936	-1000
937	-1000
938	-1000
939	-1000
940	-1000
941	-1000
942	-1000
943	-1000
944	-1000
945	-1000
946	-1000
947	-1000
948	-1000
949	-1000
950	-1000
951	-1000
952	-1000
953	-1000
954	-1000
955	-1000
956	-1000
957	-1000
958	-1000
959	-1000
960	-1000
961	-1000
962	-1000
963	-1000
964	-1000
965	-1000
966	-1000
967	-1000
968	-1000
969	-1000
970	-1000
971	-1000
972	-1000
973	-1000
974	-1000
975	-1000
976	-1000
977	-1000
978	-1000
979	-1000
980	-1000
981	-1000
982	-1000
983	-1000
984	-1000
985	-1000
986	-1000
987	-1000
988	-1000
989	-1000
990	-1000
991	-1000
992	-1000
993	-1000
994	-1000
995	-1000
996	-1000
997	-1000
998	-1000
999	-1000
1000	-1000
1001	-1000
1002	-1000
1003	-1000
1004	-1000
1005	-1000
1006	-1000
1007	-1000
1008	-1000
1009	-1000
1010	-1000
1011	-1000
1012	-1000
1013	-1000
1014	-1000
1015	-1000
1016	-1000
1017	-1000
1018	-1000
1019	-1000
1020	-1000
1021	-1000
1022	-1000
1023	-1000
1024	-1000
1025	-1000
1026	-1000
1027	-1000
1028	-1000
1029	-1000
1030	-1000
1031	-1000
1032	-1000
1033	-1000
1034	-1000
1035	-1000
1036	-1000
1037	-1000
1038	-1000
1039	-1000
1040	-1000
1041	-1000
1042	-1000
1043	-1000
1044	-1000
1045	-1000
1046	-1000
1047	-1000
1048	-1000
1049	-1000
1050	-1000
1051	-1000
1052	-1000
1053	-1000
1054	-1000
1055	-1000
1056	-1000
1057	-1000
1058	-1000
1059	-1000
1060	-1000
1061	-1000
1062	-1000
1063	-1000
1064	-1000
1065	-1000
1066	-1000
1067	-1000
1068	-1000
1069	-1000
1070	-1000
1071	-1000
1072	-1000
1073	-1000
1074	-1000
1075	-1000
1076	-1000
1077	-1000
1078	-1000
1079	-1000
1080	-1000
1081	-1000
1082	-1000
1083	-1000
1084	-1000
1085	-1000
1086	-1000
1087	-1000
1088	-1000
1089	-1000
1090	-1000
1091	-1000
1092	-1000
1093	-1000
1094	-1000
1095	-1000
1096	-1000
1097	-1000
1098	-1000
1099	-1000
1100	-1000
1101	-1000
1102	-1000
1103	-1000
1104	-1000
1105	-1000
1106	-1000
1107	-1000
1108	-1000
1109	-1000
1110	-1000
1111	-1000
1112	-1000
1113	-1000
1114	-1000
1115	-1000
1116	-1000
1117	-1000
1118	-1000
1119	-1000
1120	-1000
1121	-1000
1122	-1000
1123	-1000
1124	-1000
1125	-1000
1126	-1000
1127	-1000
1128	-1000
1129	-1000
1130	-1000
1131	-1000
1132	-1000
1133	-1000
1134	-1000
1135	-1000
1136	-1000
1137	-1000
1138	-1000
1139	-1000
1140	-1000
1141	-1000
1142	-1000
1143	-1000
1144	-1000
1145	-1000
1146	-1000
1147	-1000
1148	-1000
1149	-1000
1150	-1000
1151	-1000
1152	-1000
1153	-1000
1154	-1000
1155	-1000
1156	-1000
1157	-1000
1158	-1000
1159	-1000
1160	-1000
1161	-1000
1162	-1000
1163	-1000
1164	-1000
1165	-1000
1166	-1000
1167	-1000
1168	-1000
1169	-1000
1170	-1000
1171	-1000
1172	1
1173	1
1174	1
1175	1
1176	1
1177	1
1178	1
1179	1
1180	1
1181	1
1182	1
1183	1
1184	1
1185	1
1186	1
1187	1
1188	1
1189	1
1190	1
1191	1
1192	1
1193	1
1194	1
1195	1
1196	1
1197	1
1198	1
1199	1
1200	1
1201	1
1202	1
1203	1
1204	1
1205	1
1206	1
1207	1
1208	1
1209	1
1210	1
1211	1
1212	1
1213	1
1214	1
1215	1
1216	1
1217	1
1218	1
1219	1
1220	1
1221	1
1222	1
1223	1
1224	1
1225	1
1226	1
1227	1
1228	1
1229	1
1230	1
1231	1
1232	1
1233	1
1234	1
1235	1
1236	1
1237	1
1238	1
1239	1
1240	1
1241	1
1242	1
1243	1
1244	1
1245	1
1246	1
1247	1
1248	1
1249	1
1250	1
1251	1
1252	1
1253	1
1254	1
1255	1
1256	1
1257	1
1258	1
1259	1
1260	1
1261	1
1262	-1000
1263	-1000
1264	-1000
1265	-1000
1266	-1000
1267	-1000
1268	-1000
1269	-1000
1270	-1000
1271	-1000
1272	-1000
1273	-1000
1274	-1000
1275	-1000
1276	-1000
1277	-1000
1278	-1000
1279	-1000
1280	-1000
1281	-1000
1282	-1000
1283	-1000
1284	-1000
1285	-1000
1286	-1000
1287	-1000
1288	-1000
1289	-1000
1290	-1000
1291	-1000
1292	-1000
1293	-1000
1294	-1000
1295	-1000
1296	-1000
1297	-1000
1298	-1000
1299	-1000
1300	-1000
1301	-1000
1302	-1000
1303	7
1304	7
1305	7
1306	7
1307	7
1308	7
1309	7
1310	7
1311	7
1312	7
1313	7
1314	7
1315	7
1316	7
1317	7
1318	7
1319	7
1320	7
1321	7
1322	7
1323	7
1324	7
1325	7
1326	7
1327	7
1328	7
1329	7
1330	7
1331	7
1332	7
1333	7
1334	7
1335	7
1336	7
1337	7
1338	7
1339	7
1340	7
1341	7
1342	7
1343	7
1344	7
1345	7
1346	7
1347	7
1348	7
1349	7
1350	7
1351	7
1352	7
1353	7
1354	7
1355	7
1356	7
1357	7
1358	7
1359	7
1360	7
1361	7
1362	7
1363	7
1364	7
1365	7
1366	7
1367	7
1368	7
1369	7
1370	7
1371	7
1372	7
1373	7
1374	7
1375	7
1376	7
1377	7
1378	7
1379	7
1380	7
1381	7
1382	7
1383	7
1384	7
1385	7
1386	7
1387	7
1388	7
1389	7
1390	7
1391	7
1392	7
1393	7
1394	7
1395	7
1396	7
1397	7
1398	7
1399	7
1400	7
1401	7
1402	7
1403	7
1404	7
1405	7
1406	7
1407	7
1408	7
1409	7
1410	7
1411	7
1412	7
1413	7
1414	7
1415	7
1416	7
1417	7
1418	7
1419	7
1420	7
1421	7
1422	7
1423	7
1424	7
1425	7
1426	7
1427	7
1428	7
1429	7
1430	7
1431	7
1432	7
1433	7
1434	7
1435	7
1436	7
1437	7
1438	7
1439	7
1440	7
1441	7
1442	7
1443	7
1444	7
1445	7
1446	7
1447	7
1448	7
1449	7
1450	7
1451	7
1452	7
1453	7
1454	7
1455	7
1456	7
1457	7
1458	7
1459	7
1460	7
1461	7
1462	7
1463	7
1464	7
1465	7
1466	7
1467	7
1468	7
1469	7
1470	7
1471	7
1472	7
1473	7
1474	7
1475	7
1476	7
1477	7
1478	7
1479	7
1480	7
1481	7
1482	7
1483	7
1484	7
1485	7
1486	7
1487	7
1488	7
1489	7
1490	7
1491	7
1492	7
1493	-1000
1494	-1000
1495	-1000
1496	-1000
1497	-1000
1498	-1000
1499	-1000
1500	-1000
1501	-1000
1502	-1000
1503	-1000
1504	-1000
1505	-1000
1506	-1000
1507	-1000
1508	-1000
1509	-1000
1510	-1000
1511	-1000
1512	-1000
1513	-1000
1514	-1000
1515	-1000
1516	-1000
1517	-1000
1518	-1000
1519	-1000
1520	-1000
1521	-1000
1522	-1000
1523	-1000
1524	-1000
1525	-1000
1526	-1000
1527	-1000
1528	-1000
1529	-1000
1530	-1000
1531	-1000
1532	-1000
1533	-1000
1534	-1000
1535	-1000
1536	-1000
1537	-1000
1538	-1000
1539	-1000
1540	-1000
1541	-1000
1542	-1000
1543	-1000
1544	-1000
1545	-1000
1546	-1000
1547	-1000
1548	-1000
1549	-1000
1550	-1000
1551	-1000
1552	-1000
1553	-1000
1554	-1000
1555	-1000
1556	-1000
1557	-1000
1558	-1000
1559	-1000
1560	-1000
1561	-1000
1562	-1000
1563	-1000
1564	-1000
1565	-1000
1566	-1000
1567	-1000
1568	-1000
1569	-1000
1570	-1000
1571	-1000
1572	-1000
1573	-1000
1574	-1000
1575	-1000
1576	-1000
1577	-1000
1578	-1000
1579	-1000
1580	-1000
1581	-1000
1582	-1000
1583	-1000
1584	-1000
1585	-1000
1586	-1000
1587	-1000
1588	-1000
1589	-1000
1590	-1000
1591	-1000
1592	-1000
1593	-1000
1594	-1000
1595	-1000
1596	-1000
1597	-1000
1598	-1000
1599	-1000
1600	-1000
1601	-1000
1602	-1000
1603	-1000
1604	-1000
1605	-1000
1606	-1000
1607	-1000
1608	-1000
1609	-1000
1610	-1000
1611	-1000
1612	-1000
1613	-1000
1614	-1000
1615	-1000
1616	-1000
1617	-1000
1618	-1000
1619	-1000
1620	-1000
1621	-1000
1622	-1000
1623	-1000
1624	-1000
1625	-1000
1626	-1000
1627	-1000
1628	-1000
1629	-1000
1630	-1000
1631	-1000
1632	-1000
1633	-1000
1634	-1000
1635	-1000
1636	-1000
1637	-1000
1638	-1000
1639	-1000
1640	-1000
1641	-1000
1642	-1000
1643	-1000
1644	-1000
1645	-1000
1646	-1000
1647	-1000
1648	-1000
1649	-1000
1650	-1000
1651	-1000
1652	-1000
1653	-1000
1654	-1000
1655	-1000
1656	-1000
1657	-1000
1658	-1000
1659	-1000
1660	-1000
1661	-1000
1662	-1000
1663	-1000
1664	-1000
1665	-1000
1666	-1000
1667	-1000
1668	-1000
1669	-1000
1670	-1000
1671	-1000
1672	-1000
1673	-1000
1674	-1000
1675	-1000
1676	-1000
1677	-1000
1678	-1000
1679	-1000
1680	-1000
1681	-1000
1682	-1000
1683	-1000
1684	-1000
1685	-1000
1686	-1000
1687	-1000
1688	-1000
1689	-1000
1690	-1000
1691	-1000
1692	-1000
1693	-1000
1694	-1000
1695	-1000
1696	-1000
1697	-1000
1698	-1000
1699	-1000
1700	-1000
1701	-1000
1702	-1000
1703	-1000
1704	-1000
1705	-1000
1706	-1000
1707	-1000
1708	-1000
1709	-1000
1710	-1000
1711	-1000
1712	-1000
1713	-1000
1714	-1000
1715	-1000
1716	-1000
1717	-1000
1718	-1000
1719	-1000
1720	-1000
1721	-1000
1722	-1000
1723	-1000
1724	-1000
1725	-1000
1726	-1000
1727	-1000
1728	-1000
1729	-1000
1730	-1000
1731	-1000
1732	-1000
1733	-1000
1734	-1000
1735	-1000
1736	-1000
1737	-1000
1738	-1000
1739	-1000
1740	-1000
1741	-1000
1742	-1000
1743	-1000
1744	-1000
1745	-1000
1746	-1000
1747	-1000
1748	-1000
1749	-1000
1750	-1000
1751	-1000
1752	-1000
1753	-1000
1754	-1000
1755	-1000
1756	-1000
1757	-1000
1758	-1000
1759	-1000
1760	-1000
1761	-1000
1762	-1000
1763	-1000
1764	-1000
1765	-1000
1766	-1000
1767	-1000
1768	-1000
1769	-1000
1770	-1000
1771	-1000
1772	-1000
1773	-1000
1774	-1000
1775	-1000
1776	-1000
1777	-1000
1778	-1000
1779	-1000
1780	-1000
1781	-1000
1782	-1000
1783	-1000
1784	-1000
1785	-1000
1786	-1000
1787	-1000
1788	-1000
1789	-1000
1790	-1000
1791	-1000
1792	-1000
1793	-1000
1794	-1000
1795	-1000
1796	-1000
1797	-1000
1798	-1000
1799	-1000
1800	-1000
1801	-1000
1802	-1000
1803	-1000
1804	-1000
1805	-1000
1806	-1000
1807	-1000
1808	-1000
1809	-1000
1810	-1000
1811	-1000
1812	-1000
1813	-1000
1814	-1000
1815	-1000
1816	-1000
1817	-1000
1818	-1000
1819	-1000
1820	-1000
1821	-1000
1822	-1000
1823	-1000
1824	-1000
1825	-1000
1826	-1000
1827	-1000
1828	-1000
1829	-1000
1830	-1000
1831	-1000
1832	-1000
1833	-1000
1834	-1000
1835	-1000
1836	-1000
1837	-1000
1838	-1000
1839	-1000
1840	-1000
1841	-1000
1842	-1000
1843	-1000
1844	-1000
1845	-1000
1846	-1000
1847	-1000
1848	-1000
1849	-1000
1850	-1000
1851	-1000
1852	-1000
1853	-1000
1854	-1000
1855	-1000
1856	-1000
1857	-1000
1858	-1000
1859	-1000
1860	-1000
1861	-1000
1862	2
1863	2
1864	2
1865	2
1866	2
1867	2
1868	2
1869	2
1870	2
1871	2
1872	2
1873	2
1874	2
1875	2
1876	2
1877	2
1878	2
1879	2
1880	2
1881	2
1882	2
1883	2
1884	2
1885	2
1886	2
1887	2
1888	2
1889	2
1890	2
1891	2
1892	2
1893	2
1894	2
1895	2
1896	2
1897	2
1898	2
1899	2
1900	2
1901	2
1902	2
1903	2
1904	2
1905	2
1906	2
1907	2
1908	2
1909	2
1910	2
1911	2
1912	2
1913	2
1914	2
1915	2
1916	2
1917	2
1918	2
1919	2
1920	2
1921	2
1922	2
1923	2
1924	2
1925	2
1926	2
1927	2
1928	2
1929	2
1930	2
1931	2
1932	2
1933	2
1934	2
1935	2
1936	2
1937	2
1938	2
1939	2
1940	2
1941	2
1942	2
1943	2
1944	2
1945	2
1946	2
1947	2
1948	2
1949	2
1950	2
1951	2
1952	2
1953	2
1954	2
1955	2
1956	2
1957	2
1958	2
1959	2
1960	2
1961	2
1962	2
1963	2
1964	2
1965	2
1966	2
1967	2
1968	2
1969	2
1970	2
1971	2
1972	2
1973	2
1974	2
1975	2
1976	2
1977	2
1978	2
1979	2
1980	2
1981	2
1982	2
1983	2
1984	2
1985	2
1986	2
1987	2
1988	2
1989	2
1990	2
1991	2
1992	2
1993	2
1994	2
1995	2
1996	2
1997	2
1998	2
1999	2
2000	2
2001	2
2002	2
2003	2
2004	2
2005	2
2006	2
2007	2
2008	2
2009	2
2010	2
2011	2
2012	2
2013	2
2014	2
2015	2
2016	2
2017	2
2018	2
2019	2
2020	2
2021	2
2022	2
2023	2
2024	2
2025	2
2026	2
2027	2
2028	2
2029	2
2030	2
2031	2
2032	2
2033	2
2034	2
2035	2
2036	2
2037	2
2038	2
2039	2
2040	2
2041	2
2042	2
2043	2
2044	2
2045	2
2046	2
2047	2
2048	2
2049	2
2050	2
2051	2
2052	2
2053	2
2054	2
2055	2
2056	2
2057	2
2058	2
2059	2
2060	2
2061	2
2062	2
2063	2
2064	2
2065	2
2066	2
2067	2
2068	2
2069	2
2070	2
2071	2
2072	2
2073	2
2074	2
2075	2
2076	2
2077	2
2078	2
2079	2
2080	2
2081	2
2082	2
2083	2
2084	2
2085	2
2086	2
2087	2
2088	2
2089	2
2090	2
2091	2
2092	2
2093	2
2094	2
2095	2
2096	2
2097	2
2098	2
2099	2
2100	2
2101	2
2102	2
2103	2
2104	2
2105	2
2106	2
2107	2
2108	2
2109	2
2110	2
2111	2
2112	2
2113	2
2114	2
2115	2
2116	2
2117	2
2118	2
2119	2
2120	2
2121	2
2122	2
2123	2
2124	2
2125	2
2126	2
2127	2
2128	2
2129	2
2130	2
2131	2
2132	2
2133	2
2134	2
2135	2
2136	2
2137	2
2138	2
2139	2
2140	2
2141	2
2142	2
2143	2
2144	2
2145	2
2146	2
2147	2
2148	2
2149	2
2150	2
2151	2
2152	2
2153	2
2154	2
2155	2
2156	2
2157	2
2158	2
2159	2
2160	2
2161	2
2162	2
2163	2
2164	2
2165	2
2166	2
2167	2
2168	2
2169	2
2170	2
2171	2
2172	2
2173	2
2174	2
2175	2
2176	2
2177	2
2178	2
2179	2
2180	2
2181	2
2182	2
2183	2
2184	2
2185	2
2186	2
2187	2
2188	2
2189	2
2190	2
2191	2
2192	2
2193	2
2194	2
2195	2
2196	2
2197	2
2198	2
2199	2
2200	2
2201	2
2202	2
2203	2
2204	2
2205	2
2206	2
2207	2
2208	2
2209	2
2210	2
2211	2
2212	2
2213	2
2214	2
2215	2
2216	2
2217	2
2218	2
2219	2
2220	2
2221	2
2222	2
2223	2
2224	2
2225	2
2226	2
2227	2
2228	2
2229	2
2230	2
2231	2
2232	2
2233	2
2234	2
2235	2
2236	2
2237	2
2238	2
2239	2
2240	2
2241	2
2242	2
2243	2
2244	2
2245	2
2246	2
2247	2
2248	2
2249	2
2250	2
2251	2
2252	2
2253	2
2254	2
2255	2
2256	2
2257	2
2258	2
2259	2
2260	2
2261	2
2262	2
2263	2
2264	2
2265	2
2266	2
2267	2
2268	2
2269	2
2270	2
2271	2
2272	2
2273	2
2274	2
2275	2
2276	2
2277	2
2278	2
2279	2
2280	2
2281	2
2282	2
2283	2
2284	2
2285	2
2286	2
2287	2
2288	2
2289	2
2290	2
2291	2
2292	2
2293	2
2294	2
2295	2
2296	2
2297	2
2298	2
2299	2
2300	2
2301	2
2302	2
2303	-1000
2304	-1000
2305	-1000
2306	-1000
2307	-1000
2308	-1000
2309	-1000
2310	-1000
2311	-1000
2312	-1000
2313	-1000
2314	-1000
2315	-1000
2316	-1000
2317	-1000
2318	-1000
2319	-1000
2320	-1000
2321	-1000
2322	-1000
2323	-1000
2324	-1000
2325	-1000
2326	-1000
2327	-1000
2328	-1000
2329	-1000
2330	-1000
2331	-1000
2332	-1000
2333	-1000
2334	-1000
2335	-1000
2336	-1000
2337	-1000
2338	-1000
2339	-1000
2340	-1000
2341	-1000
2342	-1000
2343	-1000
2344	-1000
2345	-1000
2346	-1000
2347	-1000
2348	-1000
2349	-1000
2350	-1000
2351	-1000
2352	-1000
2353	-1000
2354	-1000
2355	-1000
2356	-1000
2357	-1000
2358	-1000
2359	-1000
2360	-1000
2361	-1000
2362	-1000
2363	-1000
2364	-1000
2365	-1000
2366	-1000
2367	-1000
2368	-1000
2369	-1000
2370	-1000
2371	-1000
2372	-1000
2373	-1000
2374	-1000
2375	-1000
2376	2
2377	2
2378	2
2379	2
2380	2
2381	2
2382	2
2383	2
2384	2
2385	2
2386	2
2387	2
2388	2
2389	2
2390	2
2391	2
2392	2
2393	2
2394	2
2395	2
2396	2
2397	2
2398	2
2399	2
2400	2
2401	2
2402	2
2403	2
2404	2
2405	2
2406	2
2407	-1000
2408	-1000
2409	-1000
2410	-1000
2411	-1000
2412	-1000
2413	-1000
2414	-1000
2415	-1000
2416	-1000
2417	-1000
2418	-1000
2419	-1000
2420	-1000
2421	-1000
2422	-1000
2423	-1000
2424	-1000
2425	-1000
2426	2
2427	2
2428	2
2429	2
2430	2
2431	2
2432	2
2433	2
2434	2
2435	2
2436	2
2437	2
2438	2
2439	2
2440	2
2441	2
2442	2
2443	2
2444	2
2445	2
2446	2
2447	2
2448	2
2449	2
2450	3
2451	3
2452	3
2453	3
2454	3
2455	3
2456	3
2457	3
2458	3
2459	3
2460	3
2461	3
2462	3
2463	3
2464	3
2465	3
2466	3
2467	3
2468	3
2469	3
2470	3
2471	3
2472	3
2473	3
2474	3
2475	3
2476	3
2477	3
2478	3
2479	3
2480	3
2481	3
2482	3
2483	3
2484	3
2485	3
2486	3
2487	3
2488	3
2489	3
2490	3
2491	3
2492	3
2493	3
2494	3
2495	3
2496	3
2497	3
2498	3
2499	3
2500	3
2501	3
2502	3
2503	3
2504	3
2505	3
2506	3
2507	3
2508	3
2509	3
2510	3
2511	3
2512	3
2513	3
2514	3
2515	3
2516	3
2517	3
2518	3
2519	3
2520	3
2521	3
2522	3
2523	3
2524	3
2525	3
2526	3
2527	3
2528	3
2529	3
2530	3
2531	3
2532	3
2533	3
2534	3
2535	3
2536	3
2537	3
2538	3
2539	3
2540	3
2541	3
2542	3
2543	3
2544	3
2545	3
2546	3
2547	3
2548	3
2549	3
2550	3
2551	3
2552	3
2553	3
2554	3
2555	3
2556	3
2557	3
2558	3
2559	3
2560	3
2561	3
2562	3
2563	3
2564	3
2565	3
2566	3
2567	3
2568	3
2569	3
2570	3
2571	3
2572	3
2573	3
2574	3
2575	3
2576	3
2577	3
2578	3
2579	3
2580	3
2581	3
2582	3
2583	3
2584	3
2585	3
2586	3
2587	3
2588	3
2589	3
2590	3
2591	3
2592	3
2593	3
2594	3
2595	3
2596	3
2597	3
2598	3
2599	3
2600	3
2601	3
2602	3
2603	3
2604	3
2605	3
2606	3
2607	3
2608	3
2609	3
2610	3
2611	3
2612	3
2613	3
2614	3
2615	3
2616	3
2617	3
2618	3
2619	3
2620	3
2621	3
2622	3
2623	3
2624	3
2625	3
2626	3
2627	3
2628	3
2629	3
2630	3
2631	3
2632	3
2633	3
2634	3
2635	3
2636	3
2637	3
2638	3
2639	3
2640	3
2641	3
2642	3
2643	3
2644	3
2645	3
2646	3
2647	3
2648	3
2649	3
2650	3
2651	3
2652	3
2653	3
2654	3
2655	3
2656	3
2657	3
2658	3
2659	3
2660	3
2661	3
2662	3
2663	3
2664	3
2665	3
2666	3
2667	3
2668	3
2669	3
2670	3
2671	3
2672	3
2673	3
2674	3
2675	3
2676	3
2677	3
2678	3
2679	3
2680	3
2681	3
2682	3
2683	3
2684	3
2685	3
2686	3
2687	3
2688	3
2689	3
2690	3
2691	3
2692	3
2693	3
2694	3
2695	3
2696	3
2697	3
2698	3
2699	3
2700	3
2701	3
2702	3
2703	3
2704	3
2705	3
2706	3
2707	3
2708	3
2709	3
2710	3
2711	3
2712	3
2713	3
2714	3
2715	3
2716	3
2717	3
2718	3
2719	3
2720	3
2721	3
2722	3
2723	3
2724	3
2725	4
2726	4
2727	4
2728	4
2729	4
2730	4
2731	4
2732	4
2733	4
2734	4
2735	4
2736	4
2737	4
2738	4
2739	4
2740	4
2741	4
2742	4
2743	4
2744	4
2745	4
2746	4
2747	4
2748	4
2749	4
2750	4
2751	4
2752	4
2753	4
2754	4
2755	4
2756	4
2757	4
2758	4
2759	4
2760	4
2761	4
2762	4
2763	4
2764	4
2765	4
2766	4
2767	4
2768	4
2769	4
2770	4
2771	4
2772	4
2773	4
2774	4
2775	4
2776	4
2777	4
2778	4
2779	4
2780	4
2781	4
2782	4
2783	4
2784	4
2785	4
2786	4
2787	4
2788	4
2789	4
2790	4
2791	4
2792	4
2793	4
2794	4
2795	4
2796	4
2797	4
2798	4
2799	4
2800	4
2801	4
2802	4
2803	4
2804	4
2805	4
2806	4
2807	4
2808	4
2809	4
2810	4
2811	4
2812	4
2813	4
2814	4
2815	4
2816	4
2817	4
2818	4
2819	4
2820	4
2821	4
2822	4
2823	4
2824	4
2825	4
2826	4
2827	4
2828	4
2829	4
2830	4
2831	4
2832	4
2833	4
2834	4
2835	4
2836	4
2837	4
2838	4
2839	4
2840	4
2841	4
2842	4
2843	4
2844	4
2845	4
2846	4
2847	4
2848	4
2849	4
2850	4
2851	4
2852	4
2853	4
2854	4
2855	4
2856	4
2857	4
2858	4
2859	4
2860	4
2861	4
2862	4
2863	4
2864	4
2865	4
2866	4
2867	4
2868	4
2869	4
2870	4
2871	4
2872	4
2873	4
2874	4
2875	4
2876	4
2877	4
2878	4
2879	4
2880	4
2881	4
2882	4
2883	4
2884	4
2885	4
2886	4
2887	4
2888	4
2889	4
2890	4
2891	4
2892	4
2893	4
2894	4
2895	4
2896	4
2897	4
2898	4
2899	4
2900	4
2901	4
2902	4
2903	4
2904	4
2905	4
2906	4
2907	4
2908	4
2909	4
2910	4
2911	4
2912	4
2913	4
2914	4
2915	4
2916	4
2917	4
2918	4
2919	4
2920	4
2921	4
2922	4
2923	4
2924	4
2925	4
2926	4
2927	4
2928	4
2929	4
2930	4
2931	4
2932	4
2933	4
2934	4
2935	4
2936	4
2937	4
2938	4
2939	4
2940	4
2941	4
2942	4
2943	4
2944	4
2945	4
2946	4
2947	4
2948	4
2949	4
2950	4
2951	4
2952	4
2953	4
2954	4
2955	4
2956	4
2957	4
2958	4
2959	4
2960	4
2961	4
2962	4
2963	4
2964	4
2965	4
2966	4
2967	4
2968	4
2969	4
2970	4
2971	4
2972	4
2973	4
2974	4
2975	4
2976	4
2977	4
2978	4
2979	4
2980	4
2981	4
2982	4
2983	4
2984	4
2985	4
2986	4
2987	4
2988	4
2989	4
2990	4
2991	4
2992	4
2993	4
2994	4
2995	4
2996	4
2997	4
2998	4
2999	4
3000	3
3001	3
3002	3
3003	3
3004	3
3005	3
3006	3
3007	3
3008	3
3009	3
3010	3
3011	3
3012	3
3013	3
3014	3
3015	3
3016	3
3017	3
3018	3
3019	3
3020	3
3021	3
3022	3
3023	3
3024	3
3025	3
3026	3
3027	3
3028	3
3029	3
3030	3
3031	3
3032	3
3033	3
3034	3
3035	3
3036	3
3037	3
3038	3
3039	3
3040	3
3041	3
3042	3
3043	3
3044	3
3045	3
3046	3
3047	3
3048	3
3049	3
3050	3
3051	3
3052	3
3053	3
3054	3
3055	3
3056	3
3057	3
3058	3
3059	3
3060	3
3061	3
3062	3
3063	3
3064	3
3065	3
3066	3
3067	3
3068	3
3069	3
3070	3
3071	3
3072	3
3073	3
3074	3
3075	3
3076	3
3077	3
3078	3
3079	3
3080	3
3081	3
3082	3
3083	3
3084	3
3085	3
3086	3
3087	3
3088	3
3089	3
3090	3
3091	3
3092	3
3093	3
3094	3
3095	3
3096	3
3097	3
3098	3
3099	3
3100	3
3101	3
3102	3
3103	3
3104	3
3105	3
3106	3
3107	3
3108	3
3109	3
3110	3
3111	3
3112	3
3113	3
3114	3
3115	3
3116	3
3117	3
3118	3
3119	3
3120	3
3121	3
3122	3
3123	3
3124	3
3125	3
3126	3
3127	3
3128	3
3129	3
3130	3
3131	3
3132	3
3133	3
3134	3
3135	3
3136	4
3137	4
3138	4
3139	4
3140	4
3141	4
3142	4
3143	4
3144	4
3145	4
3146	4
3147	4
3148	4
3149	4
3150	4
3151	4
3152	4
3153	4
3154	4
3155	4
3156	4
3157	4
3158	4
3159	4
3160	4
3161	4
3162	4
3163	4
3164	4
3165	4
3166	4
3167	4
3168	4
3169	4
3170	4
3171	4
3172	4
3173	4
3174	4
3175	4
3176	4
3177	4
3178	4
3179	4
3180	4
3181	4
3182	4
3183	4
3184	4
3185	4
3186	4
3187	4
3188	4
3189	4
3190	4
3191	4
3192	4
3193	4
3194	4
3195	4
3196	4
3197	4
3198	4
3199	4
3200	4
3201	4
3202	4
3203	4
3204	4
3205	4
3206	4
3207	4
3208	4
3209	4
3210	4
3211	4
3212	4
3213	4
3214	4
3215	4
3216	4
3217	4
3218	4
3219	4
3220	4
3221	4
3222	4
3223	4
3224	4
3225	4
3226	4
3227	4
3228	4
3229	4
3230	4
3231	4
3232	4
3233	4
3234	4
3235	4
3236	4
3237	4
3238	4
3239	4
3240	4
3241	4
3242	4
3243	4
3244	4
3245	4
3246	4
3247	4
3248	4
3249	4
3250	4
3251	4
3252	4
3253	4
3254	4
3255	4
3256	4
3257	4
3258	4
3259	4
3260	4
3261	4
3262	4
3263	4
3264	4
3265	4
3266	4
3267	4
3268	4
3269	4
3270	4
3271	4
3272	4
3273	4
3274	4
3275	4
3276	4
3277	4
3278	4
3279	4
3280	4
3281	4
3282	4
3283	4
3284	4
3285	4
3286	4
3287	4
3288	4
3289	4
3290	4
3291	4
3292	4
3293	4
3294	4
3295	4
3296	4
3297	4
3298	4
3299	4
3300	4
3301	4
3302	4
3303	4
3304	4
3305	4
3306	4
3307	4
3308	4
3309	4
3310	4
3311	4
3312	4
3313	4
3314	4
3315	4
3316	4
3317	4
3318	4
3319	4
3320	4
3321	4
3322	4
3323	4
3324	4
3325	4
3326	4
3327	4
3328	4
3329	4
3330	4
3331	4
3332	4
3333	4
3334	4
3335	4
3336	4
3337	4
3338	4
3339	4
3340	4
3341	4
3342	4
3343	4
3344	4
3345	4
3346	4
3347	4
3348	4
3349	4
3350	4
3351	4
3352	4
3353	4
3354	4
3355	4
3356	4
3357	4
3358	4
3359	4
3360	4
3361	4
3362	4
3363	4
3364	4
3365	4
3366	4
3367	4
3368	4
3369	4
3370	4
3371	4
3372	4
3373	4
3374	4
3375	4
3376	4
3377	4
3378	4
3379	4
3380	4
3381	4
3382	4
3383	4
3384	4
3385	4
3386	4
3387	4
3388	4
3389	4
3390	4
3391	4
3392	4
3393	4
3394	4
3395	4
3396	4
3397	4
3398	4
3399	4
3400	4
3401	4
3402	4
3403	4
3404	4
3405	4
3406	4
3407	4
3408	4
3409	4
3410	4
3411	4
3412	4
3413	4
3414	4
3415	4
3416	4
3417	4
3418	4
3419	4
3420	4
3421	4
3422	4
3423	4
3424	4
3425	4
3426	4
3427	4
3428	4
3429	4
3430	4
3431	4
3432	4
3433	4
3434	4
3435	4
3436	4
3437	4
3438	4
3439	4
3440	4
3441	4
3442	4
3443	4
3444	4
3445	4
3446	4
3447	4
3448	4
3449	4
3450	4
3451	4
3452	4
3453	4
3454	4
3455	4
3456	4
3457	4
3458	4
3459	4
3460	4
3461	4
3462	4
3463	4
3464	4
3465	4
3466	4
3467	4
3468	4
3469	4
3470	4
3471	4
3472	4
3473	4
3474	4
3475	4
3476	4
3477	4
3478	4
3479	4
3480	4
3481	4
3482	3
3483	3
3484	3
3485	3
3486	3
3487	3
3488	3
3489	3
3490	3
3491	3
3492	3
3493	3
3494	3
3495	3
3496	3
3497	3
3498	3
3499	3
3500	3
3501	3
3502	3
3503	3
3504	3
3505	3
3506	3
3507	3
3508	3
3509	3
3510	3
3511	3
3512	3
3513	3
3514	3
3515	3
3516	3
3517	3
3518	3
3519	3
3520	3
3521	3
3522	3
3523	3
3524	3
3525	3
3526	3
3527	3
3528	3
3529	3
3530	3
3531	3
3532	3
3533	3
3534	3
3535	3
3536	3
3537	3
3538	3
3539	3
3540	3
3541	3
3542	3
3543	3
3544	3
3545	3
3546	3
3547	3
3548	3
3549	3
3550	3
3551	3
3552	3
3553	3
3554	3
3555	3
3556	3
3557	3
3558	3
3559	3
3560	3
3561	3
3562	3
3563	3
3564	3
3565	3
3566	3
3567	3
3568	3
3569	3
3570	3
3571	3
3572	3
3573	3
3574	3
3575	3
3576	3
3577	3
3578	3
3579	3
3580	3
3581	3
3582	3
3583	3
3584	3
3585	3
3586	3
3587	3
3588	3
3589	3
3590	3
3591	3
3592	3
3593	3
3594	3
3595	3
3596	3
3597	3
3598	3
3599	3
3600	3
3601	3
3602	3
3603	3
3604	3
3605	3
3606	3
3607	3
3608	3
3609	3
3610	3
3611	3
3612	3
3613	3
3614	3
3615	3
3616	3
3617	3
3618	3
3619	3
3620	3
3621	3
3622	3
3623	3
3624	3
3625	3
3626	3
3627	3
3628	3
3629	3
3630	3
3631	3
3632	3
3633	3
3634	3
3635	3
3636	3
3637	3
3638	3
3639	3
3640	3
3641	3
3642	3
3643	3
3644	3
3645	3
3646	3
3647	3
3648	3
3649	3
3650	3
3651	3
3652	3
3653	3
3654	3
3655	3
3656	3
3657	3
3658	3
3659	3
3660	3
3661	3
3662	3
3663	3
3664	3
3665	3
3666	3
3667	3
3668	3
3669	3
3670	3
3671	3
3672	3
3673	3
3674	3
3675	3
3676	3
3677	3
3678	3
3679	3
3680	3
3681	3
3682	3
3683	3
3684	3
3685	3
3686	3
3687	3
3688	3
3689	3
3690	3
3691	3
3692	3
3693	3
3694	3
3695	3
3696	3
3697	3
3698	3
3699	3
3700	3
3701	3
3702	3
3703	3
3704	3
3705	3
3706	3
3707	3
3708	3
3709	3
3710	3
3711	3
3712	3
3713	3
3714	3
3715	3
3716	3
3717	3
3718	3
3719	3
3720	3
3721	3
3722	3
3723	3
3724	3
3725	3
3726	3
3727	3
3728	3
3729	3
3730	3
3731	3
3732	3
3733	3
3734	3
3735	3
3736	3
3737	3
3738	3
3739	3
3740	3
3741	3
3742	3
3743	3
3744	3
3745	3
3746	3
3747	3
3748	3
3749	3
3750	3
3751	3
3752	3
3753	3
3754	3
3755	3
3756	3
3757	3
3758	3
3759	4
3760	4
3761	4
3762	4
3763	4
3764	4
3765	4
3766	4
3767	4
3768	4
3769	4
3770	4
3771	4
3772	4
3773	4
3774	4
3775	4
3776	4
3777	4
3778	4
3779	4
3780	4
3781	4
3782	4
3783	4
3784	4
3785	4
3786	4
3787	4
3788	4
3789	4
3790	4
3791	4
3792	4
3793	4
3794	4
3795	4
3796	4
3797	4
3798	4
3799	4
3800	4
3801	4
3802	4
3803	4
3804	4
3805	4
3806	4
3807	4
3808	4
3809	4
3810	4
3811	4
3812	4
3813	4
3814	4
3815	4
3816	4
3817	4
3818	4
3819	4
3820	4
3821	4
3822	4
3823	4
3824	4
3825	4
3826	4
3827	4
3828	4
3829	4
3830	4
3831	4
3832	4
3833	4
3834	4
3835	4
3836	4
3837	4
3838	4
3839	4
3840	4
3841	4
3842	4
3843	4
3844	4
3845	4
3846	4
3847	4
3848	4
3849	4
3850	4
3851	4
3852	4
3853	4
3854	4
3855	4
3856	4
3857	4
3858	4
3859	4
3860	4
3861	4
3862	4
3863	4
3864	4
3865	4
3866	4
3867	4
3868	4
3869	4
3870	4
3871	4
3872	4
3873	4
3874	4
3875	4
3876	4
3877	4
3878	4
3879	4
3880	4
3881	4
3882	4
3883	4
3884	4
3885	4
3886	4
3887	4
3888	4
3889	4
3890	4
3891	4
3892	4
3893	4
3894	4
3895	4
3896	4
3897	4
3898	4
3899	4
3900	4
3901	4
3902	4
3903	4
3904	4
3905	4
3906	4
3907	4
3908	4
3909	4
3910	4
3911	4
3912	4
3913	4
3914	4
3915	4
3916	4
3917	4
3918	4
3919	4
3920	4
3921	4
3922	4
3923	4
3924	4
3925	4
3926	4
3927	4
3928	4
3929	4
3930	4
3931	4
3932	4
3933	4
3934	4
3935	4
3936	4
3937	4
3938	4
3939	4
3940	4
3941	4
3942	4
3943	4
3944	4
3945	4
3946	4
3947	4
3948	4
3949	4
3950	4
3951	4
3952	4
3953	4
3954	4
3955	4
3956	4
3957	4
3958	4
3959	4
3960	4
3961	4
3962	4
3963	4
3964	4
3965	4
3966	4
3967	4
3968	4
3969	4
3970	4
3971	4
3972	4
3973	4
3974	4
3975	4
3976	4
3977	4
3978	4
3979	4
3980	4
3981	4
3982	4
3983	4
3984	4
3985	4
3986	4
3987	4
3988	4
3989	4
3990	4
3991	4
3992	4
3993	4
3994	3
3995	3
3996	3
3997	3
3998	3
3999	3
4000	3
4001	3
4002	3
4003	3
4004	3
4005	3
4006	3
4007	3
4008	3
4009	3
4010	3
4011	3
4012	3
4013	3
4014	3
4015	3
4016	3
4017	3
4018	3
4019	3
4020	3
4021	3
4022	3
4023	3
4024	3
4025	3
4026	3
4027	3
4028	3
4029	3
4030	3
4031	3
4032	3
4033	3
4034	3
4035	3
4036	3
4037	3
4038	3
4039	3
4040	3
4041	3
4042	3
4043	3
4044	3
4045	3
4046	3
4047	3
4048	3
4049	3
4050	3
4051	3
4052	3
4053	3
4054	3
4055	3
4056	3
4057	3
4058	3
4059	3
4060	3
4061	3
4062	3
4063	3
4064	3
4065	3
4066	3
4067	3
4068	3
4069	3
4070	3
4071	3
4072	3
4073	3
4074	3
4075	3
4076	3
4077	3
4078	3
4079	3
4080	3
4081	3
4082	3
4083	3
4084	3
4085	3
4086	3
4087	3
4088	3
4089	3
4090	3
4091	3
4092	3
4093	3
4094	3
4095	3
4096	3
4097	3
4098	3
4099	3
4100	3
4101	3
4102	3
4103	3
4104	3
4105	3
4106	3
4107	3
4108	3
4109	3
4110	3
4111	3
4112	3
4113	3
4114	3
4115	3
4116	3
4117	3
4118	3
4119	3
4120	3
4121	3
4122	3
4123	3
4124	3
4125	3
4126	3
4127	3
4128	3
4129	3
4130	3
4131	3
4132	3
4133	3
4134	3
4135	3
4136	3
4137	3
4138	3
4139	3
4140	3
4141	3
4142	3
4143	3
4144	3
4145	3
4146	3
4147	3
4148	3
4149	3
4150	3
4151	3
4152	3
4153	3
4154	3
4155	3
4156	3
4157	3
4158	3
4159	3
4160	3
4161	3
4162	3
4163	3
4164	3
4165	3
4166	3
4167	3
4168	3
4169	3
4170	3
4171	3
4172	3
4173	3
4174	3
4175	3
4176	3
4177	3
4178	3
4179	3
4180	3
4181	3
4182	3
4183	3
4184	3
4185	3
4186	3
4187	3
4188	3
4189	3
4190	3
4191	3
4192	3
4193	3
4194	3
4195	3
4196	3
4197	3
4198	3
4199	3
4200	3
4201	3
4202	3
4203	3
4204	3
4205	3
4206	3
4207	3
4208	3
4209	3
4210	3
4211	3
4212	3
4213	3
4214	3
4215	3
4216	3
4217	3
4218	3
4219	3
4220	3
4221	3
4222	3
4223	3
4224	3
4225	3
4226	3
4227	3
4228	3
4229	3
4230	3
4231	3
4232	3
4233	3
4234	3
4235	3
4236	3
4237	3
4238	3
4239	3
4240	3
4241	3
4242	3
4243	3
4244	3
4245	3
4246	3
4247	3
4248	3
4249	3
4250	3
4251	3
4252	3
4253	3
4254	3
4255	3
4256	3
4257	3
4258	3
4259	3
4260	3
4261	3
4262	3
4263	3
4264	3
4265	3
4266	3
4267	3
4268	3
4269	3
4270	3
4271	3
4272	3
4273	3
4274	3
4275	3
4276	3
4277	3
4278	3
4279	3
4280	3
4281	3
4282	3
4283	3
4284	3
4285	3
4286	3
4287	3
4288	3
4289	3
4290	3
4291	3
4292	3
4293	3
4294	3
4295	3
4296	3
4297	3
4298	3
4299	3
4300	3
4301	3
4302	3
4303	3
4304	3
4305	3
4306	3
4307	3
4308	3
4309	3
4310	3
4311	3
4312	3
4313	3
4314	3
4315	3
4316	3
4317	3
4318	3
4319	3
4320	3
4321	3
4322	3
4323	3
4324	3
4325	3
4326	3
4327	3
4328	3
4329	3
4330	3
4331	3
4332	3
4333	3
4334	3
4335	3
4336	3
4337	3
4338	3
4339	3
4340	3
4341	3
4342	3
4343	3
4344	3
4345	3
4346	3
4347	3
4348	3
4349	3
4350	3
4351	3
4352	3
4353	3
4354	3
4355	3
4356	3
4357	3
4358	3
4359	3
4360	3
4361	3
4362	3
4363	3
4364	3
4365	3
4366	3
4367	3
4368	3
4369	3
4370	3
4371	3
4372	3
4373	3
4374	3
4375	3
4376	3
4377	3
4378	3
4379	3
4380	3
4381	3
4382	3
4383	3
4384	3
4385	3
4386	3
4387	3
4388	3
4389	3
4390	3
4391	3
4392	3
4393	3
4394	3
4395	3
4396	3
4397	3
4398	3
4399	3
4400	3
4401	3
4402	3
4403	3
4404	3
4405	3
4406	3
4407	3
4408	3
4409	3
4410	3
4411	3
4412	3
4413	3
4414	3
4415	3
4416	3
4417	3
4418	3
4419	3
4420	3
4421	3
4422	3
4423	3
4424	3
4425	3
4426	3
4427	3
4428	3
4429	3
4430	3
4431	3
4432	3
4433	3
4434	3
4435	3
4436	3
4437	3
4438	3
4439	3
4440	3
4441	3
4442	3
4443	3
4444	3
4445	3
4446	3
4447	3
4448	3
4449	3
4450	3
4451	3
4452	3
4453	3
4454	3
4455	3
4456	3
4457	3
4458	3
4459	3
4460	3
4461	3
4462	3
4463	3
4464	3
4465	3
4466	3
4467	3
4468	3
4469	3
4470	3
4471	3
4472	3
4473	3
4474	3
4475	3
4476	3
4477	3
4478	3
4479	3
4480	3
4481	3
4482	3
4483	3
4484	3
4485	3
4486	3
4487	3
4488	3
4489	3
4490	3
4491	3
4492	3
4493	3
4494	3
4495	3
4496	3
4497	5
4498	5
4499	5
4500	5
4501	5
4502	5
4503	5
4504	5
4505	5
4506	5
4507	5
4508	5
4509	5
4510	5
4511	5
4512	5
4513	5
4514	5
4515	5
4516	5
4517	5
4518	5
4519	5
4520	5
4521	5
4522	5
4523	5
4524	5
4525	5
4526	5
4527	5
4528	5
4529	5
4530	5
4531	5
4532	5
4533	5
4534	5
4535	5
4536	5
4537	5
4538	5
4539	5
4540	3
4541	3
4542	3
4543	3
4544	3
4545	3
4546	3
4547	3
4548	3
4549	3
4550	3
4551	3
4552	3
4553	3
4554	3
4555	3
4556	3
4557	3
4558	3
4559	3
4560	3
4561	3
4562	3
4563	3
4564	3
4565	3
4566	3
4567	3
4568	3
4569	3
4570	3
4571	3
4572	3
4573	3
4574	3
4575	3
4576	3
4577	3
4578	3
4579	3
4580	3
4581	3
4582	3
4583	3
4584	3
4585	3
4586	3
4587	3
4588	3
4589	3
4590	3
4591	3
4592	3
4593	3
4594	3
4595	3
4596	3
4597	3
4598	3
4599	3
4600	3
4601	3
4602	3
4603	3
4604	3
4605	3
4606	3
4607	3
4608	3
4609	3
4610	3
4611	3
4612	3
4613	3
4614	3
4615	3
4616	3
4617	3
4618	3
4619	3
4620	3
4621	3
4622	3
4623	3
4624	3
4625	3
4626	3
4627	3
4628	3
4629	3
4630	3
4631	3
4632	3
4633	3
4634	3
4635	3
4636	3
4637	3
4638	3
4639	3
4640	3
4641	3
4642	3
4643	3
4644	3
4645	3
4646	3
4647	3
4648	3
4649	3
4650	3
4651	3
4652	3
4653	3
4654	3
4655	3
4656	3
4657	3
4658	3
4659	3
4660	3
4661	3
4662	3
4663	3
4664	3
4665	3
4666	3
4667	3
4668	3
4669	3
4670	3
4671	3
4672	3
4673	3
4674	3
4675	3
4676	3
4677	3
4678	3
4679	3
4680	3
4681	3
4682	3
4683	3
4684	3
4685	3
4686	3
4687	3
4688	3
4689	3
4690	3
4691	3
4692	3
4693	3
4694	3
4695	3
4696	3
4697	3
4698	3
4699	3
4700	3
4701	3
4702	3
4703	3
4704	3
4705	3
4706	3
4707	3
4708	3
4709	3
4710	3
4711	3
4712	3
4713	3
4714	3
4715	3
4716	3
4717	3
4718	3
4719	3
4720	3
4721	3
4722	3
4723	3
4724	3
4725	3
4726	3
4727	3
4728	3
4729	3
4730	3
4731	3
4732	3
4733	3
4734	3
4735	3
4736	3
4737	3
4738	3
4739	3
4740	3
4741	3
4742	3
4743	3
4744	3
4745	3
4746	3
4747	3
4748	3
4749	3
4750	3
4751	3
4752	3
4753	3
4754	3
4755	3
4756	3
4757	3
4758	3
4759	3
4760	-1000
4761	-1000
4762	-1000
4763	-1000
4764	-1000
4765	-1000
4766	-1000
4767	-1000
4768	-1000
4769	-1000
4770	-1000
4771	-1000
4772	-1000
4773	-1000
4774	-1000
4775	-1000
4776	-1000
4777	-1000
4778	-1000
4779	-1000
4780	-1000
4781	-1000
4782	-1000
4783	-1000
4784	-1000
4785	-1000
4786	-1000
4787	-1000
4788	-1000
4789	-1000
4790	-1000
4791	-1000
4792	-1000
4793	-1000
4794	-1000
4795	-1000
4796	-1000
4797	-1000
4798	-1000
4799	-1000
4800	-1000
4801	-1000
4802	-1000
4803	-1000
4804	-1000
4805	-1000
4806	-1000
4807	-1000
4808	-1000
4809	-1000
4810	-1000
4811	-1000
4812	-1000
4813	-1000
4814	-1000
4815	-1000
4816	-1000
4817	-1000
4818	-1000
4819	-1000
4820	-1000
4821	-1000
4822	-1000
4823	-1000
4824	-1000
4825	-1000
4826	-1000
4827	-1000
4828	-1000
4829	-1000
4830	-1000
4831	-1000
4832	-1000
4833	-1000
4834	-1000
4835	-1000
4836	-1000
4837	-1000
4838	-1000
4839	-1000
4840	-1000
4841	-1000
4842	-1000
4843	-1000
4844	-1000
4845	-1000
4846	-1000
4847	-1000
4848	-1000
4849	-1000
4850	-1000
4851	-1000
4852	-1000
4853	-1000
4854	-1000
4855	-1000
4856	-1000
4857	-1000
4858	-1000
4859	-1000
4860	-1000
4861	-1000
4862	-1000
4863	-1000
4864	-1000
4865	-1000
4866	-1000
4867	-1000
4868	-1000
4869	-1000
4870	-1000
4871	-1000
4872	-1000
4873	-1000
4874	-1000
4875	-1000
4876	-1000
4877	-1000
4878	-1000
4879	-1000
4880	-1000
4881	-1000
4882	-1000
4883	-1000
4884	-1000
4885	-1000
4886	-1000
4887	-1000
4888	-1000
4889	-1000
4890	-1000
4891	-1000
4892	-1000
4893	-1000
4894	-1000
4895	-1000
4896	-1000
4897	-1000
4898	-1000
4899	-1000
4900	-1000
4901	-1000
4902	-1000
4903	-1000
4904	-1000
4905	-1000
4906	-1000
4907	-1000
4908	-1000
4909	-1000
4910	-1000
4911	-1000
4912	-1000
4913	-1000
4914	-1000
4915	-1000
4916	-1000
4917	-1000
4918	-1000
4919	-1000
4920	-1000
4921	-1000
4922	-1000
4923	-1000
4924	-1000
4925	-1000
4926	-1000
4927	-1000
4928	-1000
4929	-1000
4930	-1000
4931	-1000
4932	-1000
4933	-1000
4934	-1000
4935	-1000
4936	-1000
4937	-1000
4938	-1000
4939	-1000
4940	-1000
4941	-1000
4942	-1000
4943	-1000
4944	-1000
4945	-1000
4946	-1000
4947	-1000
4948	-1000
4949	-1000
4950	-1000
4951	-1000
4952	-1000
4953	-1000
4954	-1000
4955	-1000
4956	-1000
4957	-1000
4958	-1000
4959	-1000
4960	-1000
4961	-1000
4962	-1000
4963	-1000
4964	-1000
4965	-1000
4966	-1000
4967	-1000
4968	-1000
4969	-1000
4970	-1000
4971	-1000
4972	-1000
4973	-1000
4974	-1000
4975	-1000
4976	-1000
4977	-1000
4978	-1000
4979	-1000
4980	-1000
4981	-1000
4982	-1000
4983	-1000
4984	-1000
4985	-1000
4986	-1000
4987	-1000
4988	-1000
4989	-1000
4990	-1000
4991	-1000
4992	-1000
4993	-1000
4994	-1000
4995	-1000
4996	-1000
4997	-1000
4998	-1000
4999	-1000
5000	-1000
5001	-1000
5002	-1000
5003	-1000
5004	-1000
5005	-1000
5006	-1000
5007	-1000
5008	-1000
5009	-1000
5010	-1000
5011	-1000
5012	-1000
5013	-1000
5014	-1000
5015	-1000
5016	-1000
5017	-1000
5018	-1000
5019	-1000
