0	-1000
1	-1000
2	-1000
3	-1000
4	-1000
5	-1000
6	-1000
7	-1000
8	-1000
9	-1000
10	-1000
11	-1000
12	-1000
13	-1000
14	-1000
15	-1000
16	-1000
17	-1000
18	-1000
19	-1000
20	-1000
21	-1000
22	-1000
23	-1000
24	-1000
25	-1000
26	-1000
27	-1000
28	-1000
29	-1000
30	-1000
31	-1000
32	-1000
33	-1000
34	-1000
35	-1000
36	-1000
37	-1000
38	-1000
39	-1000
40	-1000
41	-1000
42	-1000
43	-1000
44	-1000
45	-1000
46	-1000
47	-1000
48	-1000
49	-1000
50	-1000
51	-1000
52	-1000
53	-1000
54	-1000
55	-1000
56	-1000
57	-1000
58	-1000
59	-1000
60	-1000
61	-1000
62	-1000
63	-1000
64	-1000
65	-1000
66	-1000
67	-1000
68	-1000
69	-1000
70	-1000
71	-1000
72	-1000
73	-1000
74	-1000
75	-1000
76	-1000
77	-1000
78	-1000
79	-1000
80	-1000
81	-1000
82	-1000
83	-1000
84	-1000
85	-1000
86	-1000
87	-1000
88	-1000
89	-1000
90	-1000
91	-1000
92	-1000
93	-1000
94	-1000
95	-1000
96	-1000
97	-1000
98	-1000
99	-1000
100	-1000
101	-1000
102	-1000
103	-1000
104	-1000
105	-1000
106	-1000
107	-1000
108	-1000
109	-1000
110	-1000
111	-1000
112	-1000
113	-1000
114	-1000
115	-1000
116	-1000
117	-1000
118	-1000
119	-1000
120	-1000
121	-1000
122	-1000
123	-1000
124	-1000
125	-1000
126	-1000
127	-1000
128	-1000
129	-1000
130	-1000
131	-1000
132	-1000
133	-1000
134	-1000
135	-1000
136	-1000
137	-1000
138	-1000
139	-1000
140	-1000
141	-1000
142	-1000
143	-1000
144	-1000
145	-1000
146	-1000
147	-1000
148	-1000
149	-1000
150	-1000
151	-1000
152	-1000
153	-1000
154	-1000
155	-1000
156	-1000
157	-1000
158	-1000
159	-1000
160	-1000
161	-1000
162	-1000
163	-1000
164	-1000
165	-1000
166	-1000
167	-1000
168	-1000
169	-1000
170	-1000
171	-1000
172	-1000
173	-1000
174	-1000
175	-1000
176	-1000
177	-1000
178	-1000
179	-1000
180	-1000
181	-1000
182	-1000
183	-1000
184	-1000
185	-1000
186	-1000
187	-1000
188	-1000
189	-1000
190	-1000
191	-1000
192	-1000
193	-1000
194	-1000
195	-1000
196	-1000
197	-1000
198	-1000
199	-1000
200	-1000
201	-1000
202	-1000
203	-1000
204	-1000
205	-1000
206	-1000
207	-1000
208	-1000
209	-1000
210	-1000
211	-1000
212	-1000
213	-1000
214	-1000
215	-1000
216	-1000
217	-1000
218	-1000
219	-1000
220	-1000
221	-1000
222	-1000
223	-1000
224	-1000
225	-1000
226	-1000
227	-1000
228	-1000
229	-1000
230	-1000
231	-1000
232	-1000
233	-1000
234	-1000
235	-1000
236	-1000
237	-1000
238	-1000
239	-1000
240	-1000
241	-1000
242	-1000
243	-1000
244	-1000
245	-1000
246	-1000
247	-1000
248	-1000
249	-1000
250	-1000
251	-1000
252	-1000
253	-1000
254	-1000
255	-1000
256	-1000
257	-1000
258	-1000
259	-1000
260	-1000
261	-1000
262	-1000
263	-1000
264	-1000
265	-1000
266	-1000
267	-1000
268	-1000
269	-1000
270	-1000
271	-1000
272	-1000
273	-1000
274	-1000
275	-1000
276	-1000
277	-1000
278	-1000
279	-1000
280	-1000
281	-1000
282	-1000
283	-1000
284	-1000
285	-1000
286	-1000
287	-1000
288	-1000
289	-1000
290	-1000
291	-1000
292	-1000
293	-1000
294	-1000
295	-1000
296	-1000
297	-1000
298	-1000
299	-1000
300	-1000
301	-1000
302	-1000
303	-1000
304	-1000
305	-1000
306	-1000
307	-1000
308	-1000
309	-1000
310	-1000
311	-1000
312	-1000
313	-1000
314	-1000
315	-1000
316	-1000
317	-1000
318	-1000
319	-1000
320	-1000
321	-1000
322	-1000
323	-1000
324	-1000
325	-1000
326	-1000
327	-1000
328	-1000
329	-1000
330	-1000
331	-1000
332	-1000
333	-1000
334	-1000
335	-1000
336	-1000
337	-1000
338	-1000
339	-1000
340	-1000
341	-1000
342	-1000
343	-1000
344	-1000
345	-1000
346	-1000
347	-1000
348	-1000
349	-1000
350	-1000
351	-1000
352	-1000
353	-1000
354	-1000
355	-1000
356	-1000
357	-1000
358	-1000
359	-1000
360	-1000
361	-1000
362	-1000
363	-1000
364	-1000
365	-1000
366	-1000
367	-1000
368	-1000
369	-1000
370	-1000
371	-1000
372	-1000
373	-1000
374	-1000
375	-1000
376	-1000
377	-1000
378	-1000
379	-1000
380	-1000
381	-1000
382	-1000
383	-1000
384	-1000
385	-1000
386	-1000
387	-1000
388	-1000
389	-1000
390	-1000
391	-1000
392	-1000
393	-1000
394	-1000
395	-1000
396	-1000
397	-1000
398	-1000
399	-1000
400	-1000
401	-1000
402	-1000
403	-1000
404	-1000
405	-1000
406	-1000
407	-1000
408	-1000
409	-1000
410	-1000
411	-1000
412	-1000
413	-1000
414	-1000
415	-1000
416	-1000
417	-1000
418	-1000
419	-1000
420	-1000
421	-1000
422	-1000
423	-1000
424	-1000
425	-1000
426	-1000
427	-1000
428	-1000
429	-1000
430	-1000
431	-1000
432	-1000
433	-1000
434	-1000
435	-1000
436	-1000
437	-1000
438	-1000
439	-1000
440	-1000
441	-1000
442	-1000
443	-1000
444	-1000
445	-1000
446	-1000
447	-1000
448	-1000
449	-1000
450	-1000
451	-1000
452	-1000
453	-1000
454	-1000
455	-1000
456	-1000
457	-1000
458	-1000
459	-1000
460	-1000
461	-1000
462	-1000
463	-1000
464	-1000
465	-1000
466	-1000
467	-1000
468	-1000
469	-1000
470	-1000
471	-1000
472	-1000
473	-1000
474	-1000
475	-1000
476	-1000
477	-1000
478	-1000
479	-1000
480	-1000
481	-1000
482	-1000
483	-1000
484	-1000
485	-1000
486	-1000
487	-1000
488	-1000
489	-1000
490	-1000
491	-1000
492	-1000
493	-1000
494	-1000
495	-1000
496	-1000
497	-1000
498	-1000
499	-1000
500	-1000
501	-1000
502	-1000
503	-1000
504	-1000
505	-1000
506	-1000
507	-1000
508	-1000
509	-1000
510	-1000
511	-1000
512	-1000
513	-1000
514	-1000
515	-1000
516	-1000
517	-1000
518	-1000
519	-1000
520	-1000
521	-1000
522	-1000
523	-1000
524	-1000
525	-1000
526	-1000
527	-1000
528	-1000
529	-1000
530	-1000
531	-1000
532	-1000
533	-1000
534	-1000
535	-1000
536	-1000
537	-1000
538	-1000
539	-1000
540	-1000
541	-1000
542	-1000
543	-1000
544	-1000
545	-1000
546	-1000
547	-1000
548	-1000
549	-1000
550	-1000
551	-1000
552	-1000
553	-1000
554	-1000
555	-1000
556	-1000
557	-1000
558	-1000
559	-1000
560	-1000
561	-1000
562	-1000
563	-1000
564	-1000
565	-1000
566	-1000
567	-1000
568	-1000
569	-1000
570	-1000
571	-1000
572	-1000
573	-1000
574	-1000
575	-1000
576	-1000
577	-1000
578	-1000
579	-1000
580	-1000
581	-1000
582	-1000
583	-1000
584	-1000
585	-1000
586	-1000
587	-1000
588	-1000
589	-1000
590	-1000
591	-1000
592	-1000
593	-1000
594	-1000
595	-1000
596	-1000
597	-1000
598	-1000
599	-1000
600	-1000
601	-1000
602	-1000
603	-1000
604	-1000
605	-1000
606	-1000
607	-1000
608	-1000
609	-1000
610	-1000
611	-1000
612	-1000
613	-1000
614	-1000
615	-1000
616	-1000
617	-1000
618	-1000
619	-1000
620	-1000
621	-1000
622	-1000
623	-1000
624	-1000
625	-1000
626	-1000
627	-1000
628	-1000
629	-1000
630	-1000
631	-1000
632	-1000
633	-1000
634	-1000
635	-1000
636	-1000
637	-1000
638	-1000
639	-1000
640	-1000
641	-1000
642	-1000
643	-1000
644	-1000
645	-1000
646	-1000
647	-1000
648	-1000
649	-1000
650	-1000
651	-1000
652	-1000
653	-1000
654	-1000
655	-1000
656	-1000
657	-1000
658	-1000
659	-1000
660	-1000
661	-1000
662	-1000
663	-1000
664	-1000
665	-1000
666	-1000
667	-1000
668	-1000
669	-1000
670	-1000
671	-1000
672	-1000
673	-1000
674	-1000
675	-1000
676	-1000
677	-1000
678	-1000
679	-1000
680	-1000
681	-1000
682	-1000
683	-1000
684	-1000
685	-1000
686	-1000
687	-1000
688	-1000
689	-1000
690	-1000
691	-1000
692	-1000
693	-1000
694	-1000
695	-1000
696	-1000
697	-1000
698	-1000
699	-1000
700	-1000
701	-1000
702	-1000
703	-1000
704	-1000
705	-1000
706	-1000
707	-1000
708	-1000
709	-1000
710	-1000
711	-1000
712	-1000
713	-1000
714	-1000
715	-1000
716	-1000
717	-1000
718	-1000
719	-1000
720	-1000
721	-1000
722	-1000
723	-1000
724	-1000
725	-1000
726	-1000
727	-1000
728	-1000
729	-1000
730	-1000
731	-1000
732	-1000
733	-1000
734	-1000
735	-1000
736	-1000
737	-1000
738	-1000
739	6
740	6
741	6
742	6
743	6
744	6
745	6
746	6
747	6
748	6
749	6
750	6
751	6
752	6
753	6
754	6
755	6
756	6
757	6
758	6
759	6
760	6
761	6
762	6
763	6
764	6
765	6
766	6
767	6
768	6
769	6
770	6
771	6
772	6
773	6
774	6
775	6
776	6
777	6
778	6
779	6
780	6
781	6
782	6
783	6
784	6
785	6
786	6
787	6
788	6
789	6
790	6
791	6
792	6
793	6
794	6
795	6
796	6
797	6
798	6
799	6
800	6
801	6
802	6
803	6
804	6
805	6
806	6
807	6
808	6
809	6
810	6
811	6
812	6
813	6
814	6
815	6
816	6
817	6
818	6
819	6
820	6
821	6
822	6
823	6
824	6
825	6
826	6
827	6
828	6
829	6
830	6
831	6
832	6
833	6
834	6
835	6
836	6
837	6
838	6
839	6
840	6
841	6
842	6
843	6
844	6
845	6
846	6
847	6
848	6
849	6
850	6
851	6
852	6
853	6
854	6
855	6
856	6
857	6
858	6
859	6
860	6
861	6
862	6
863	6
864	6
865	6
866	6
867	6
868	6
869	6
870	6
871	6
872	6
873	6
874	6
875	6
876	6
877	6
878	6
879	6
880	6
881	6
882	6
883	6
884	6
885	6
886	6
887	6
888	6
889	6
890	6
891	6
892	6
893	6
894	6
895	6
896	6
897	6
898	6
899	6
900	6
901	6
902	6
903	6
904	6
905	6
906	6
907	6
908	6
909	6
910	6
911	6
912	6
913	6
914	6
915	6
916	6
917	6
918	6
919	6
920	6
921	6
922	6
923	6
924	6
925	6
926	6
927	6
928	6
929	6
930	6
931	6
932	6
933	6
934	6
935	6
936	6
937	6
938	6
939	6
940	6
941	6
942	6
943	6
944	6
945	6
946	6
947	6
948	6
949	6
950	6
951	6
952	6
953	6
954	6
955	6
956	6
957	6
958	6
959	6
960	6
961	6
962	6
963	6
964	6
965	6
966	6
967	6
968	6
969	6
970	6
971	6
972	6
973	6
974	6
975	6
976	6
977	6
978	6
979	6
980	6
981	6
982	6
983	6
984	6
985	6
986	6
987	6
988	6
989	6
990	6
991	6
992	6
993	6
994	6
995	6
996	6
997	6
998	6
999	6
1000	6
1001	6
1002	6
1003	6
1004	6
1005	6
1006	6
1007	6
1008	6
1009	6
1010	6
1011	6
1012	6
1013	6
1014	6
1015	6
1016	6
1017	6
1018	6
1019	6
1020	6
1021	6
1022	6
1023	6
1024	6
1025	6
1026	6
1027	6
1028	6
1029	6
1030	6
1031	6
1032	6
1033	6
1034	6
1035	6
1036	6
1037	6
1038	6
1039	6
1040	6
1041	6
1042	6
1043	6
1044	6
1045	6
1046	6
1047	6
1048	6
1049	6
1050	6
1051	6
1052	6
1053	6
1054	6
1055	6
1056	6
1057	6
1058	6
1059	6
1060	6
1061	6
1062	6
1063	6
1064	6
1065	6
1066	6
1067	6
1068	6
1069	6
1070	6
1071	6
1072	6
1073	6
1074	6
1075	6
1076	6
1077	6
1078	6
1079	6
1080	6
1081	6
1082	6
1083	6
1084	6
1085	6
1086	6
1087	6
1088	6
1089	6
1090	6
1091	6
1092	6
1093	6
1094	6
1095	6
1096	6
1097	6
1098	6
1099	6
1100	6
1101	6
1102	6
1103	6
1104	6
1105	6
1106	6
1107	6
1108	6
1109	6
1110	6
1111	6
1112	6
1113	6
1114	6
1115	6
1116	6
1117	6
1118	6
1119	6
1120	6
1121	6
1122	6
1123	6
1124	6
1125	6
1126	6
1127	6
1128	6
1129	6
1130	6
1131	6
1132	6
1133	6
1134	6
1135	6
1136	6
1137	6
1138	6
1139	6
1140	6
1141	6
1142	6
1143	6
1144	6
1145	6
1146	6
1147	6
1148	6
1149	6
1150	6
1151	6
1152	6
1153	6
1154	6
1155	6
1156	6
1157	6
1158	6
1159	6
1160	6
1161	6
1162	6
1163	6
1164	6
1165	6
1166	6
1167	6
1168	6
1169	6
1170	6
1171	6
1172	6
1173	6
1174	6
1175	6
1176	6
1177	6
1178	6
1179	6
1180	6
1181	6
1182	6
1183	6
1184	6
1185	6
1186	6
1187	6
1188	6
1189	6
1190	6
1191	6
1192	6
1193	6
1194	6
1195	6
1196	6
1197	6
1198	6
1199	6
1200	6
1201	6
1202	6
1203	6
1204	6
1205	6
1206	6
1207	6
1208	6
1209	6
1210	6
1211	6
1212	6
1213	6
1214	6
1215	6
1216	6
1217	6
1218	6
1219	6
1220	6
1221	6
1222	6
1223	6
1224	6
1225	6
1226	6
1227	2
1228	2
1229	2
1230	2
1231	2
1232	2
1233	2
1234	2
1235	2
1236	2
1237	2
1238	2
1239	2
1240	2
1241	2
1242	2
1243	2
1244	2
1245	2
1246	2
1247	2
1248	2
1249	2
1250	2
1251	2
1252	2
1253	2
1254	2
1255	2
1256	2
1257	2
1258	2
1259	2
1260	2
1261	2
1262	2
1263	2
1264	2
1265	2
1266	2
1267	2
1268	2
1269	2
1270	2
1271	2
1272	2
1273	2
1274	2
1275	2
1276	2
1277	2
1278	2
1279	2
1280	2
1281	2
1282	2
1283	2
1284	2
1285	2
1286	2
1287	2
1288	2
1289	2
1290	2
1291	2
1292	2
1293	2
1294	2
1295	2
1296	2
1297	2
1298	2
1299	2
1300	2
1301	2
1302	2
1303	2
1304	2
1305	2
1306	2
1307	2
1308	2
1309	2
1310	2
1311	2
1312	2
1313	2
1314	2
1315	2
1316	2
1317	2
1318	2
1319	2
1320	2
1321	2
1322	2
1323	2
1324	2
1325	2
1326	2
1327	2
1328	2
1329	2
1330	2
1331	2
1332	2
1333	2
1334	2
1335	2
1336	2
1337	2
1338	2
1339	2
1340	2
1341	2
1342	2
1343	2
1344	2
1345	2
1346	2
1347	2
1348	2
1349	2
1350	2
1351	2
1352	2
1353	2
1354	2
1355	2
1356	2
1357	2
1358	2
1359	2
1360	2
1361	2
1362	2
1363	2
1364	2
1365	2
1366	2
1367	2
1368	2
1369	2
1370	2
1371	2
1372	2
1373	2
1374	2
1375	2
1376	2
1377	2
1378	2
1379	2
1380	2
1381	2
1382	2
1383	2
1384	2
1385	2
1386	2
1387	2
1388	2
1389	2
1390	2
1391	2
1392	2
1393	2
1394	2
1395	2
1396	2
1397	2
1398	2
1399	2
1400	2
1401	2
1402	2
1403	2
1404	2
1405	2
1406	2
1407	2
1408	2
1409	2
1410	2
1411	2
1412	2
1413	2
1414	2
1415	2
1416	2
1417	2
1418	2
1419	2
1420	2
1421	2
1422	2
1423	2
1424	2
1425	2
1426	2
1427	2
1428	2
1429	2
1430	2
1431	2
1432	2
1433	2
1434	2
1435	2
1436	2
1437	2
1438	2
1439	2
1440	2
1441	2
1442	2
1443	2
1444	2
1445	2
1446	2
1447	2
1448	2
1449	2
1450	2
1451	2
1452	2
1453	2
1454	2
1455	2
1456	2
1457	2
1458	2
1459	2
1460	2
1461	2
1462	2
1463	2
1464	2
1465	2
1466	2
1467	2
1468	2
1469	2
1470	2
1471	2
1472	2
1473	2
1474	2
1475	2
1476	2
1477	2
1478	2
1479	2
1480	2
1481	2
1482	2
1483	2
1484	2
1485	2
1486	2
1487	2
1488	2
1489	2
1490	2
1491	2
1492	2
1493	2
1494	2
1495	2
1496	2
1497	2
1498	2
1499	2
1500	2
1501	2
1502	2
1503	2
1504	2
1505	2
1506	2
1507	2
1508	2
1509	2
1510	2
1511	2
1512	2
1513	2
1514	2
1515	2
1516	2
1517	2
1518	2
1519	2
1520	2
1521	2
1522	2
1523	2
1524	2
1525	2
1526	2
1527	2
1528	2
1529	2
1530	2
1531	2
1532	2
1533	2
1534	2
1535	2
1536	2
1537	2
1538	2
1539	2
1540	2
1541	2
1542	2
1543	2
1544	2
1545	2
1546	2
1547	2
1548	2
1549	2
1550	2
1551	2
1552	2
1553	2
1554	2
1555	2
1556	2
1557	2
1558	2
1559	2
1560	2
1561	2
1562	2
1563	2
1564	2
1565	2
1566	2
1567	2
1568	2
1569	2
1570	2
1571	2
1572	2
1573	2
1574	2
1575	2
1576	2
1577	2
1578	2
1579	2
1580	2
1581	2
1582	2
1583	2
1584	2
1585	2
1586	2
1587	2
1588	2
1589	2
1590	2
1591	2
1592	2
1593	2
1594	2
1595	2
1596	2
1597	2
1598	2
1599	2
1600	2
1601	2
1602	2
1603	2
1604	2
1605	2
1606	2
1607	2
1608	2
1609	2
1610	2
1611	2
1612	2
1613	2
1614	2
1615	2
1616	2
1617	2
1618	2
1619	2
1620	2
1621	2
1622	2
1623	2
1624	2
1625	2
1626	2
1627	2
1628	2
1629	2
1630	2
1631	2
1632	2
1633	2
1634	2
1635	2
1636	2
1637	2
1638	2
1639	2
1640	2
1641	2
1642	2
1643	2
1644	2
1645	2
1646	2
1647	2
1648	2
1649	2
1650	2
1651	2
1652	2
1653	2
1654	2
1655	2
1656	2
1657	2
1658	2
1659	2
1660	2
1661	2
1662	2
1663	2
1664	2
1665	2
1666	2
1667	2
1668	2
1669	2
1670	2
1671	2
1672	2
1673	2
1674	2
1675	2
1676	2
1677	2
1678	2
1679	2
1680	2
1681	2
1682	2
1683	2
1684	2
1685	2
1686	2
1687	2
1688	2
1689	2
1690	2
1691	2
1692	2
1693	2
1694	2
1695	2
1696	2
1697	2
1698	2
1699	2
1700	2
1701	2
1702	2
1703	2
1704	2
1705	2
1706	2
1707	2
1708	2
1709	2
1710	2
1711	2
1712	2
1713	2
1714	2
1715	2
1716	2
1717	2
1718	2
1719	2
1720	2
1721	2
1722	2
1723	2
1724	2
1725	2
1726	2
1727	2
1728	2
1729	2
1730	2
1731	2
1732	2
1733	2
1734	2
1735	2
1736	2
1737	2
1738	2
1739	2
1740	2
1741	2
1742	2
1743	2
1744	2
1745	2
1746	2
1747	2
1748	2
1749	2
1750	2
1751	2
1752	2
1753	2
1754	2
1755	2
1756	2
1757	2
1758	2
1759	2
1760	2
1761	2
1762	2
1763	2
1764	2
1765	2
1766	2
1767	2
1768	2
1769	2
1770	2
1771	2
1772	2
1773	2
1774	2
1775	2
1776	2
1777	2
1778	2
1779	2
1780	2
1781	2
1782	2
1783	2
1784	2
1785	2
1786	2
1787	2
1788	2
1789	2
1790	2
1791	2
1792	2
1793	2
1794	2
1795	2
1796	2
1797	2
1798	2
1799	2
1800	2
1801	2
1802	2
1803	2
1804	2
1805	2
1806	2
1807	2
1808	2
1809	2
1810	2
1811	2
1812	2
1813	2
1814	2
1815	2
1816	2
1817	2
1818	2
1819	2
1820	2
1821	2
1822	2
1823	2
1824	2
1825	2
1826	2
1827	2
1828	2
1829	2
1830	2
1831	2
1832	2
1833	2
1834	2
1835	2
1836	2
1837	2
1838	2
1839	2
1840	2
1841	2
1842	2
1843	2
1844	2
1845	2
1846	2
1847	2
1848	2
1849	2
1850	2
1851	2
1852	2
1853	2
1854	2
1855	2
1856	2
1857	2
1858	2
1859	2
1860	2
1861	2
1862	2
1863	2
1864	2
1865	2
1866	2
1867	2
1868	2
1869	2
1870	2
1871	2
1872	2
1873	2
1874	2
1875	2
1876	2
1877	2
1878	2
1879	2
1880	2
1881	2
1882	2
1883	2
1884	2
1885	2
1886	2
1887	2
1888	2
1889	2
1890	2
1891	2
1892	2
1893	2
1894	2
1895	2
1896	2
1897	2
1898	2
1899	2
1900	2
1901	2
1902	2
1903	2
1904	2
1905	2
1906	2
1907	2
1908	2
1909	2
1910	2
1911	2
1912	2
1913	2
1914	2
1915	2
1916	2
1917	2
1918	2
1919	2
1920	2
1921	2
1922	2
1923	2
1924	2
1925	2
1926	2
1927	2
1928	2
1929	2
1930	2
1931	2
1932	2
1933	2
1934	2
1935	2
1936	2
1937	2
1938	2
1939	2
1940	2
1941	2
1942	2
1943	2
1944	2
1945	2
1946	2
1947	2
1948	2
1949	2
1950	2
1951	2
1952	2
1953	2
1954	2
1955	2
1956	2
1957	2
1958	2
1959	2
1960	2
1961	2
1962	2
1963	2
1964	2
1965	2
1966	2
1967	2
1968	2
1969	2
1970	2
1971	2
1972	2
1973	2
1974	2
1975	2
1976	2
1977	2
1978	2
1979	2
1980	2
1981	2
1982	2
1983	2
1984	2
1985	2
1986	2
1987	2
1988	2
1989	2
1990	2
1991	2
1992	2
1993	2
1994	2
1995	2
1996	2
1997	2
1998	2
1999	2
2000	2
2001	2
2002	2
2003	2
2004	2
2005	2
2006	2
2007	2
2008	2
2009	2
2010	2
2011	2
2012	2
2013	2
2014	2
2015	2
2016	2
2017	2
2018	2
2019	2
2020	2
2021	2
2022	2
2023	2
2024	2
2025	2
2026	2
2027	2
2028	2
2029	2
2030	2
2031	2
2032	2
2033	2
2034	2
2035	2
2036	2
2037	2
2038	2
2039	2
2040	2
2041	2
2042	2
2043	2
2044	2
2045	2
2046	2
2047	2
2048	2
2049	2
2050	2
2051	2
2052	2
2053	2
2054	2
2055	2
2056	2
2057	2
2058	2
2059	2
2060	2
2061	2
2062	2
2063	2
2064	2
2065	2
2066	2
2067	2
2068	2
2069	2
2070	2
2071	2
2072	2
2073	2
2074	2
2075	2
2076	2
2077	2
2078	2
2079	2
2080	2
2081	2
2082	2
2083	2
2084	2
2085	2
2086	2
2087	2
2088	2
2089	2
2090	2
2091	2
2092	2
2093	2
2094	2
2095	2
2096	2
2097	2
2098	2
2099	2
2100	2
2101	2
2102	2
2103	2
2104	2
2105	2
2106	2
2107	2
2108	2
2109	2
2110	2
2111	2
2112	2
2113	2
2114	2
2115	2
2116	2
2117	2
2118	2
2119	2
2120	2
2121	2
2122	2
2123	2
2124	2
2125	2
2126	2
2127	2
2128	2
2129	2
2130	2
2131	2
2132	2
2133	2
2134	2
2135	2
2136	2
2137	2
2138	2
2139	2
2140	2
2141	2
2142	2
2143	2
2144	2
2145	2
2146	2
2147	2
2148	2
2149	2
2150	2
2151	2
2152	2
2153	2
2154	2
2155	2
2156	2
2157	2
2158	2
2159	2
2160	2
2161	2
2162	2
2163	2
2164	2
2165	2
2166	2
2167	2
2168	2
2169	2
2170	2
2171	2
2172	2
2173	2
2174	2
2175	2
2176	2
2177	2
2178	2
2179	2
2180	2
2181	2
2182	2
2183	2
2184	2
2185	2
2186	2
2187	2
2188	2
2189	2
2190	2
2191	2
2192	2
2193	2
2194	2
2195	2
2196	2
2197	2
2198	2
2199	2
2200	2
2201	2
2202	2
2203	2
2204	2
2205	2
2206	2
2207	2
2208	2
2209	2
2210	2
2211	2
2212	2
2213	2
2214	2
2215	2
2216	2
2217	2
2218	2
2219	2
2220	2
2221	2
2222	2
2223	2
2224	2
2225	2
2226	2
2227	2
2228	2
2229	2
2230	2
2231	2
2232	2
2233	2
2234	2
2235	2
2236	2
2237	2
2238	2
2239	2
2240	2
2241	2
2242	2
2243	2
2244	2
2245	2
2246	2
2247	2
2248	2
2249	2
2250	2
2251	2
2252	2
2253	2
2254	2
2255	2
2256	2
2257	2
2258	2
2259	2
2260	2
2261	2
2262	2
2263	2
2264	2
2265	2
2266	2
2267	2
2268	2
2269	2
2270	2
2271	2
2272	2
2273	2
2274	2
2275	2
2276	2
2277	2
2278	2
2279	2
2280	2
2281	2
2282	2
2283	2
2284	2
2285	2
2286	2
2287	2
2288	2
2289	2
2290	2
2291	2
2292	2
2293	2
2294	2
2295	2
2296	2
2297	2
2298	2
2299	2
2300	2
2301	2
2302	2
2303	2
2304	2
2305	2
2306	2
2307	2
2308	2
2309	2
2310	2
2311	2
2312	2
2313	2
2314	2
2315	2
2316	2
2317	2
2318	2
2319	2
2320	2
2321	2
2322	2
2323	2
2324	2
2325	2
2326	2
2327	2
2328	2
2329	2
2330	2
2331	2
2332	2
2333	2
2334	2
2335	2
2336	2
2337	2
2338	2
2339	2
2340	2
2341	2
2342	2
2343	2
2344	2
2345	2
2346	2
2347	2
2348	2
2349	2
2350	2
2351	2
2352	2
2353	2
2354	2
2355	2
2356	2
2357	2
2358	2
2359	2
2360	2
2361	2
2362	2
2363	2
2364	2
2365	2
2366	2
2367	2
2368	2
2369	2
2370	2
2371	2
2372	2
2373	2
2374	2
2375	2
2376	2
2377	2
2378	2
2379	2
2380	2
2381	2
2382	2
2383	2
2384	2
2385	2
2386	2
2387	2
2388	2
2389	2
2390	2
2391	2
2392	2
2393	2
2394	2
2395	2
2396	2
2397	2
2398	2
2399	2
2400	2
2401	2
2402	2
2403	2
2404	2
2405	2
2406	2
2407	2
2408	2
2409	2
2410	2
2411	2
2412	2
2413	2
2414	2
2415	2
2416	2
2417	2
2418	2
2419	2
2420	2
2421	2
2422	2
2423	2
2424	2
2425	2
2426	2
2427	2
2428	2
2429	2
2430	2
2431	2
2432	2
2433	2
2434	2
2435	2
2436	2
2437	2
2438	2
2439	2
2440	2
2441	2
2442	2
2443	2
2444	2
2445	2
2446	2
2447	2
2448	2
2449	2
2450	2
2451	2
2452	2
2453	2
2454	2
2455	2
2456	2
2457	2
2458	2
2459	2
2460	2
2461	2
2462	2
2463	2
2464	2
2465	2
2466	2
2467	2
2468	2
2469	2
2470	2
2471	2
2472	2
2473	2
2474	2
2475	2
2476	2
2477	2
2478	2
2479	2
2480	2
2481	2
2482	2
2483	2
2484	2
2485	2
2486	2
2487	2
2488	2
2489	2
2490	2
2491	2
2492	2
2493	2
2494	2
2495	2
2496	2
2497	2
2498	2
2499	2
2500	2
2501	2
2502	2
2503	2
2504	2
2505	2
2506	2
2507	2
2508	2
2509	2
2510	2
2511	2
2512	2
2513	2
2514	2
2515	2
2516	2
2517	2
2518	2
2519	2
2520	2
2521	2
2522	2
2523	2
2524	2
2525	2
2526	2
2527	2
2528	2
2529	2
2530	2
2531	2
2532	2
2533	2
2534	2
2535	2
2536	2
2537	2
2538	2
2539	2
2540	2
2541	2
2542	2
2543	2
2544	2
2545	2
2546	2
2547	2
2548	2
2549	2
2550	2
2551	2
2552	2
2553	2
2554	2
2555	2
2556	2
2557	2
2558	2
2559	2
2560	2
2561	2
2562	2
2563	2
2564	2
2565	2
2566	2
2567	2
2568	2
2569	2
2570	2
2571	2
2572	2
2573	2
2574	2
2575	2
2576	2
2577	2
2578	2
2579	2
2580	2
2581	2
2582	2
2583	2
2584	2
2585	2
2586	2
2587	2
2588	2
2589	2
2590	2
2591	2
2592	2
2593	2
2594	2
2595	2
2596	2
2597	2
2598	2
2599	2
2600	2
2601	2
2602	2
2603	2
2604	2
2605	2
2606	2
2607	2
2608	2
2609	2
2610	2
2611	2
2612	2
2613	2
2614	2
2615	2
2616	2
2617	2
2618	2
2619	2
2620	2
2621	2
2622	2
2623	2
2624	2
2625	2
2626	2
2627	2
2628	2
2629	2
2630	2
2631	2
2632	2
2633	2
2634	2
2635	2
2636	2
2637	2
2638	2
2639	2
2640	2
2641	2
2642	2
2643	2
2644	2
2645	2
2646	2
2647	2
2648	2
2649	2
2650	2
2651	2
2652	2
2653	2
2654	2
2655	2
2656	2
2657	2
2658	2
2659	2
2660	2
2661	2
2662	2
2663	2
2664	2
2665	2
2666	2
2667	2
2668	2
2669	2
2670	2
2671	2
2672	2
2673	2
2674	2
2675	2
2676	2
2677	2
2678	2
2679	2
2680	2
2681	2
2682	2
2683	2
2684	2
2685	2
2686	2
2687	2
2688	2
2689	2
2690	2
2691	2
2692	2
2693	2
2694	2
2695	2
2696	2
2697	2
2698	2
2699	2
2700	2
2701	2
2702	2
2703	2
2704	2
2705	2
2706	2
2707	2
2708	2
2709	2
2710	2
2711	2
2712	2
2713	2
2714	2
2715	2
2716	2
2717	2
2718	2
2719	2
2720	2
2721	2
2722	2
2723	2
2724	2
2725	2
2726	2
2727	2
2728	2
2729	2
2730	2
2731	2
2732	2
2733	2
2734	2
2735	2
2736	2
2737	2
2738	2
2739	2
2740	2
2741	2
2742	2
2743	2
2744	2
2745	2
2746	2
2747	2
2748	2
2749	2
2750	2
2751	2
2752	2
2753	2
2754	2
2755	2
2756	2
2757	2
2758	2
2759	2
2760	2
2761	2
2762	2
2763	2
2764	2
2765	2
2766	2
2767	2
2768	2
2769	2
2770	2
2771	2
2772	2
2773	2
2774	2
2775	2
2776	2
2777	2
2778	2
2779	2
2780	2
2781	2
2782	2
2783	2
2784	2
2785	2
2786	2
2787	2
2788	2
2789	2
2790	2
2791	2
2792	2
2793	2
2794	2
2795	2
2796	2
2797	2
2798	2
2799	2
2800	2
2801	2
2802	2
2803	2
2804	2
2805	2
2806	2
2807	2
2808	2
2809	2
2810	2
2811	2
2812	2
2813	2
2814	2
2815	2
2816	2
2817	2
2818	2
2819	2
2820	2
2821	2
2822	2
2823	2
2824	2
2825	2
2826	2
2827	2
2828	2
2829	2
2830	2
2831	2
2832	2
2833	2
2834	2
2835	2
2836	2
2837	2
2838	2
2839	2
2840	2
2841	2
2842	2
2843	2
2844	2
2845	2
2846	2
2847	2
2848	2
2849	2
2850	2
2851	2
2852	2
2853	2
2854	2
2855	2
2856	2
2857	2
2858	2
2859	2
2860	2
2861	2
2862	2
2863	2
2864	2
2865	2
2866	2
2867	2
2868	2
2869	2
2870	2
2871	2
2872	2
2873	2
2874	2
2875	2
2876	2
2877	2
2878	2
2879	2
2880	2
2881	2
2882	2
2883	2
2884	2
2885	2
2886	2
2887	2
2888	2
2889	2
2890	2
2891	2
2892	2
2893	2
2894	2
2895	2
2896	2
2897	2
2898	2
2899	2
2900	2
2901	2
2902	2
2903	2
2904	2
2905	2
2906	2
2907	2
2908	2
2909	2
2910	2
2911	2
2912	2
2913	2
2914	2
2915	2
2916	2
2917	2
2918	2
2919	2
2920	2
2921	2
2922	2
2923	2
2924	2
2925	2
2926	2
2927	2
2928	2
2929	2
2930	2
2931	2
2932	2
2933	2
2934	2
2935	2
2936	2
2937	2
2938	2
2939	2
2940	2
2941	2
2942	2
2943	2
2944	2
2945	2
2946	2
2947	2
2948	2
2949	2
2950	2
2951	2
2952	2
2953	2
2954	2
2955	2
2956	2
2957	2
2958	2
2959	2
2960	2
2961	2
2962	2
2963	2
2964	2
2965	2
2966	2
2967	2
2968	2
2969	2
2970	2
2971	2
2972	2
2973	2
2974	2
2975	2
2976	2
2977	2
2978	2
2979	2
2980	2
2981	2
2982	2
2983	2
2984	2
2985	2
2986	2
2987	2
2988	2
2989	2
2990	2
2991	2
2992	2
2993	2
2994	2
2995	2
2996	2
2997	2
2998	2
2999	2
3000	2
3001	2
3002	2
3003	2
3004	2
3005	2
3006	2
3007	2
3008	2
3009	2
3010	2
3011	2
3012	2
3013	2
3014	2
3015	2
3016	2
3017	2
3018	2
3019	2
3020	2
3021	2
3022	2
3023	2
3024	2
3025	2
3026	2
3027	2
3028	2
3029	2
3030	2
3031	2
3032	2
3033	2
3034	2
3035	2
3036	2
3037	2
3038	2
3039	2
3040	2
3041	2
3042	2
3043	2
3044	2
3045	2
3046	2
3047	2
3048	2
3049	2
3050	2
3051	2
3052	2
3053	2
3054	2
3055	2
3056	2
3057	2
3058	2
3059	2
3060	2
3061	2
3062	2
3063	2
3064	2
3065	2
3066	2
3067	2
3068	2
3069	2
3070	2
3071	2
3072	2
3073	2
3074	2
3075	2
3076	2
3077	2
3078	2
3079	2
3080	2
3081	2
3082	2
3083	2
3084	2
3085	2
3086	2
3087	2
3088	2
3089	2
3090	2
3091	2
3092	2
3093	2
3094	2
3095	2
3096	2
3097	2
3098	2
3099	2
3100	2
3101	2
3102	2
3103	2
3104	2
3105	2
3106	2
3107	2
3108	2
3109	2
3110	2
3111	2
3112	2
3113	2
3114	2
3115	2
3116	2
3117	2
3118	2
3119	2
3120	2
3121	2
3122	2
3123	2
3124	2
3125	2
3126	2
3127	2
3128	2
3129	2
3130	2
3131	2
3132	2
3133	2
3134	2
3135	2
3136	2
3137	2
3138	2
3139	2
3140	2
3141	2
3142	2
3143	2
3144	2
3145	2
3146	2
3147	2
3148	2
3149	2
3150	2
3151	2
3152	2
3153	2
3154	2
3155	2
3156	2
3157	2
3158	2
3159	2
3160	2
3161	2
3162	2
3163	2
3164	2
3165	2
3166	2
3167	2
3168	2
3169	2
3170	2
3171	2
3172	2
3173	2
3174	2
3175	2
3176	2
3177	2
3178	2
3179	2
3180	2
3181	2
3182	2
3183	2
3184	2
3185	2
3186	2
3187	2
3188	2
3189	2
3190	2
3191	2
3192	2
3193	2
3194	2
3195	2
3196	2
3197	2
3198	2
3199	2
3200	2
3201	2
3202	2
3203	2
3204	2
3205	2
3206	2
3207	2
3208	2
3209	2
3210	2
3211	2
3212	2
3213	2
3214	2
3215	2
3216	2
3217	2
3218	2
3219	2
3220	2
3221	2
3222	2
3223	2
3224	2
3225	2
3226	2
3227	2
3228	2
3229	2
3230	2
3231	2
3232	2
3233	2
3234	2
3235	2
3236	2
3237	2
3238	2
3239	2
3240	2
3241	2
3242	2
3243	2
3244	2
3245	2
3246	2
3247	2
3248	2
3249	2
3250	2
3251	2
3252	2
3253	2
3254	2
3255	2
3256	2
3257	2
3258	2
3259	2
3260	2
3261	2
3262	2
3263	2
3264	2
3265	2
3266	2
3267	2
3268	2
3269	2
3270	2
3271	2
3272	2
3273	2
3274	2
3275	2
3276	2
3277	2
3278	2
3279	2
3280	2
3281	2
3282	2
3283	2
3284	2
3285	2
3286	2
3287	2
3288	2
3289	2
3290	2
3291	2
3292	2
3293	2
3294	2
3295	2
3296	2
3297	2
3298	2
3299	2
3300	2
3301	2
3302	2
3303	2
3304	2
3305	2
3306	2
3307	2
3308	2
3309	2
3310	2
3311	2
3312	2
3313	2
3314	2
3315	2
3316	2
3317	2
3318	2
3319	2
3320	2
3321	2
3322	2
3323	2
3324	2
3325	2
3326	2
3327	2
3328	2
3329	2
3330	2
3331	2
3332	2
3333	2
3334	2
3335	2
3336	2
3337	2
3338	2
3339	2
3340	2
3341	2
3342	2
3343	2
3344	2
3345	2
3346	2
3347	2
3348	2
3349	2
3350	2
3351	2
3352	2
3353	2
3354	2
3355	2
3356	2
3357	2
3358	2
3359	2
3360	2
3361	2
3362	2
3363	2
3364	2
3365	2
3366	2
3367	2
3368	2
3369	2
3370	2
3371	2
3372	2
3373	2
3374	2
3375	2
3376	2
3377	2
3378	2
3379	2
3380	2
3381	2
3382	2
3383	2
3384	2
3385	2
3386	2
3387	2
3388	2
3389	2
3390	2
3391	2
3392	2
3393	2
3394	2
3395	2
3396	2
3397	2
3398	2
3399	2
3400	2
3401	2
3402	2
3403	2
3404	2
3405	2
3406	2
3407	2
3408	2
3409	2
3410	2
3411	2
3412	2
3413	2
3414	2
3415	2
3416	2
3417	2
3418	2
3419	2
3420	2
3421	2
3422	2
3423	2
3424	2
3425	2
3426	2
3427	2
3428	2
3429	2
3430	2
3431	2
3432	2
3433	2
3434	2
3435	2
3436	2
3437	2
3438	2
3439	2
3440	2
3441	2
3442	2
3443	2
3444	2
3445	2
3446	2
3447	2
3448	2
3449	2
3450	2
3451	2
3452	2
3453	2
3454	2
3455	2
3456	2
3457	2
3458	2
3459	2
3460	2
3461	2
3462	2
3463	2
3464	2
3465	2
3466	2
3467	2
3468	2
3469	2
3470	2
3471	2
3472	2
3473	2
3474	2
3475	2
3476	2
3477	2
3478	2
3479	2
3480	2
3481	2
3482	2
3483	2
3484	2
3485	2
3486	2
3487	2
3488	2
3489	2
3490	2
3491	2
3492	2
3493	2
3494	2
3495	2
3496	2
3497	2
3498	2
3499	2
3500	2
3501	2
3502	2
3503	2
3504	2
3505	2
3506	2
3507	2
3508	2
3509	2
3510	2
3511	2
3512	2
3513	2
3514	2
3515	2
3516	2
3517	2
3518	2
3519	2
3520	2
3521	2
3522	2
3523	2
3524	2
3525	2
3526	2
3527	2
3528	2
3529	2
3530	2
3531	2
3532	2
3533	2
3534	2
3535	2
3536	2
3537	2
3538	2
3539	2
3540	2
3541	2
3542	2
3543	2
3544	2
3545	2
3546	2
3547	2
3548	2
3549	2
3550	2
3551	2
3552	2
3553	2
3554	2
3555	2
3556	2
3557	2
3558	2
3559	2
3560	2
3561	2
3562	2
3563	2
3564	2
3565	2
3566	2
3567	2
3568	2
3569	2
3570	2
3571	2
3572	2
3573	2
3574	2
3575	2
3576	2
3577	2
3578	2
3579	2
3580	2
3581	2
3582	2
3583	2
3584	2
3585	2
3586	2
3587	2
3588	2
3589	2
3590	2
3591	2
3592	2
3593	2
3594	2
3595	2
3596	2
3597	2
3598	2
3599	2
3600	2
3601	2
3602	2
3603	2
3604	2
3605	2
3606	2
3607	2
3608	2
3609	2
3610	2
3611	2
3612	2
3613	2
3614	2
3615	2
3616	2
3617	2
3618	2
3619	2
3620	2
3621	2
3622	2
3623	2
3624	2
3625	2
3626	2
3627	2
3628	2
3629	2
3630	2
3631	2
3632	2
3633	2
3634	2
3635	2
3636	2
3637	6
3638	6
3639	6
3640	6
3641	6
3642	6
3643	6
3644	6
3645	6
3646	6
3647	6
3648	6
3649	6
3650	6
3651	6
3652	6
3653	6
3654	6
3655	6
3656	6
3657	6
3658	6
3659	6
3660	6
3661	6
3662	6
3663	6
3664	6
3665	6
3666	6
3667	6
3668	6
3669	6
3670	6
3671	6
3672	6
3673	6
3674	6
3675	6
3676	6
3677	6
3678	6
3679	6
3680	6
3681	6
3682	6
3683	6
3684	6
3685	6
3686	6
3687	6
3688	6
3689	6
3690	6
3691	6
3692	6
3693	6
3694	6
3695	6
3696	6
3697	6
3698	6
3699	6
3700	6
3701	6
3702	6
3703	6
3704	6
3705	6
3706	6
3707	6
3708	6
3709	6
3710	6
3711	6
3712	6
3713	6
3714	6
3715	6
3716	6
3717	6
3718	6
3719	6
3720	6
3721	6
3722	6
3723	6
3724	6
3725	6
3726	6
3727	6
3728	6
3729	6
3730	6
3731	6
3732	6
3733	6
3734	6
3735	6
3736	6
3737	6
3738	6
3739	6
3740	6
3741	6
3742	6
3743	6
3744	6
3745	6
3746	6
3747	6
3748	6
3749	6
3750	6
3751	6
3752	6
3753	6
3754	6
3755	6
3756	6
3757	6
3758	6
3759	6
3760	6
3761	6
3762	6
3763	6
3764	6
3765	6
3766	6
3767	6
3768	6
3769	6
3770	6
3771	6
3772	6
3773	6
3774	6
3775	6
3776	6
3777	6
3778	6
3779	6
3780	6
3781	6
3782	6
3783	6
3784	6
3785	6
3786	6
3787	6
3788	6
3789	6
3790	6
3791	6
3792	6
3793	6
3794	6
3795	6
3796	6
3797	6
3798	6
3799	6
3800	6
3801	6
3802	6
3803	6
3804	6
3805	6
3806	6
3807	6
3808	6
3809	6
3810	6
3811	6
3812	6
3813	6
3814	6
3815	6
3816	6
3817	6
3818	6
3819	6
3820	6
3821	6
3822	6
3823	6
3824	6
3825	6
3826	6
3827	6
3828	6
3829	6
3830	6
3831	6
3832	6
3833	6
3834	6
3835	6
3836	6
3837	6
3838	6
3839	6
3840	6
3841	6
3842	6
3843	6
3844	6
3845	6
3846	6
3847	6
3848	6
3849	6
3850	6
3851	6
3852	6
3853	6
3854	6
3855	6
3856	6
3857	6
3858	6
3859	6
3860	6
3861	6
3862	6
3863	6
3864	6
3865	6
3866	6
3867	6
3868	6
3869	6
3870	6
3871	6
3872	6
3873	6
3874	6
3875	6
3876	6
3877	6
3878	6
3879	6
3880	6
3881	6
3882	6
3883	6
3884	6
3885	6
3886	6
3887	6
3888	6
3889	6
3890	6
3891	6
3892	6
3893	6
3894	6
3895	6
3896	6
3897	6
3898	6
3899	6
3900	6
3901	6
3902	6
3903	6
3904	6
3905	6
3906	6
3907	6
3908	6
3909	6
3910	6
3911	6
3912	6
3913	6
3914	6
3915	6
3916	6
3917	6
3918	6
3919	6
3920	6
3921	6
3922	6
3923	6
3924	6
3925	6
3926	6
3927	6
3928	6
3929	6
3930	6
3931	6
3932	6
3933	6
3934	6
3935	6
3936	6
3937	6
3938	6
3939	6
3940	6
3941	6
3942	6
3943	6
3944	6
3945	6
3946	6
3947	6
3948	6
3949	6
3950	6
3951	6
3952	6
3953	6
3954	6
3955	6
3956	6
3957	6
3958	6
3959	6
3960	6
3961	6
3962	6
3963	6
3964	6
3965	6
3966	6
3967	6
3968	6
3969	6
3970	6
3971	6
3972	6
3973	6
3974	6
3975	6
3976	6
3977	6
3978	6
3979	6
3980	6
3981	6
3982	6
3983	6
3984	6
3985	6
3986	6
3987	6
3988	6
3989	6
3990	6
3991	6
3992	6
3993	6
3994	6
3995	6
3996	6
3997	6
3998	6
3999	6
4000	6
4001	6
4002	6
4003	6
4004	6
4005	6
4006	6
4007	6
4008	6
4009	6
4010	6
4011	6
4012	6
4013	6
4014	6
4015	6
4016	6
4017	6
4018	6
4019	6
4020	6
4021	6
4022	6
4023	6
4024	6
4025	6
4026	6
4027	6
4028	6
4029	6
4030	6
4031	6
4032	6
4033	6
4034	6
4035	6
4036	6
4037	6
4038	6
4039	6
4040	6
4041	6
4042	6
4043	6
4044	6
4045	6
4046	6
4047	6
4048	6
4049	6
4050	6
4051	6
4052	6
4053	6
4054	6
4055	6
4056	6
4057	6
4058	6
4059	6
4060	6
4061	6
4062	6
4063	6
4064	6
4065	6
4066	6
4067	6
4068	6
4069	6
4070	6
4071	6
4072	6
4073	6
4074	6
4075	6
4076	6
4077	6
4078	6
4079	6
4080	-1000
4081	-1000
4082	-1000
4083	-1000
4084	-1000
4085	-1000
4086	-1000
4087	-1000
4088	-1000
4089	-1000
4090	-1000
4091	-1000
4092	-1000
4093	-1000
4094	-1000
4095	-1000
4096	-1000
4097	-1000
4098	-1000
4099	-1000
4100	-1000
4101	-1000
4102	-1000
4103	-1000
4104	-1000
4105	-1000
4106	-1000
4107	-1000
4108	-1000
4109	-1000
4110	-1000
4111	-1000
4112	-1000
4113	-1000
4114	-1000
4115	-1000
4116	-1000
4117	-1000
4118	-1000
4119	-1000
4120	-1000
4121	-1000
4122	-1000
4123	-1000
4124	-1000
4125	-1000
4126	-1000
4127	-1000
4128	-1000
4129	-1000
4130	-1000
4131	-1000
4132	-1000
4133	-1000
4134	-1000
4135	-1000
4136	-1000
4137	-1000
4138	-1000
4139	-1000
4140	-1000
4141	-1000
4142	-1000
4143	-1000
4144	-1000
4145	-1000
4146	-1000
4147	-1000
4148	-1000
4149	-1000
4150	-1000
4151	-1000
4152	-1000
4153	-1000
4154	-1000
4155	-1000
4156	-1000
4157	-1000
4158	-1000
4159	-1000
4160	-1000
4161	-1000
4162	-1000
4163	-1000
4164	-1000
4165	-1000
4166	-1000
4167	-1000
4168	-1000
4169	-1000
4170	-1000
4171	-1000
4172	-1000
4173	-1000
4174	-1000
4175	-1000
4176	-1000
4177	-1000
4178	-1000
4179	-1000
4180	-1000
4181	-1000
4182	-1000
4183	-1000
4184	-1000
4185	-1000
4186	-1000
4187	-1000
4188	-1000
4189	-1000
4190	-1000
4191	-1000
4192	-1000
4193	-1000
4194	-1000
4195	-1000
4196	-1000
4197	-1000
4198	-1000
4199	-1000
4200	-1000
4201	-1000
4202	-1000
4203	-1000
4204	-1000
4205	-1000
4206	-1000
4207	-1000
4208	-1000
4209	-1000
4210	-1000
4211	-1000
4212	-1000
4213	-1000
4214	-1000
4215	-1000
4216	-1000
4217	-1000
4218	-1000
4219	-1000
4220	-1000
4221	-1000
4222	-1000
4223	-1000
4224	-1000
4225	-1000
4226	-1000
4227	-1000
4228	-1000
4229	-1000
4230	-1000
4231	-1000
4232	-1000
4233	-1000
4234	-1000
4235	-1000
4236	-1000
4237	-1000
4238	-1000
4239	-1000
4240	-1000
4241	-1000
4242	-1000
4243	-1000
4244	-1000
4245	-1000
4246	-1000
4247	-1000
4248	-1000
4249	-1000
4250	-1000
4251	-1000
4252	-1000
4253	-1000
4254	-1000
4255	-1000
4256	-1000
4257	-1000
4258	-1000
4259	-1000
4260	-1000
4261	-1000
4262	-1000
4263	-1000
4264	-1000
4265	-1000
4266	-1000
4267	-1000
4268	-1000
4269	-1000
4270	-1000
4271	-1000
4272	-1000
4273	-1000
4274	-1000
4275	-1000
4276	-1000
4277	-1000
4278	-1000
4279	-1000
4280	-1000
4281	-1000
4282	-1000
4283	-1000
4284	-1000
4285	8
4286	8
4287	8
4288	8
4289	8
4290	8
4291	8
4292	8
4293	8
4294	8
4295	8
4296	8
4297	8
4298	8
4299	8
4300	8
4301	8
4302	8
4303	8
4304	8
4305	8
4306	8
4307	8
4308	8
4309	8
4310	8
4311	8
4312	8
4313	8
4314	8
4315	8
4316	8
4317	8
4318	8
4319	8
4320	8
4321	8
4322	8
4323	8
4324	8
4325	8
4326	8
4327	8
4328	8
4329	8
4330	8
4331	8
4332	8
4333	8
4334	8
4335	8
4336	8
4337	8
4338	8
4339	8
4340	8
4341	8
4342	8
4343	8
4344	8
4345	8
4346	8
4347	8
4348	8
4349	8
4350	8
4351	8
4352	8
4353	8
4354	8
4355	8
4356	8
4357	8
4358	8
4359	8
4360	8
4361	8
4362	8
4363	8
4364	8
4365	8
4366	8
4367	8
4368	8
4369	8
4370	8
4371	8
4372	8
4373	8
4374	8
4375	8
4376	8
4377	8
4378	8
4379	8
4380	8
4381	8
4382	8
4383	8
4384	8
4385	8
4386	8
4387	8
4388	8
4389	8
4390	8
4391	8
4392	8
4393	8
4394	8
4395	8
4396	8
4397	8
4398	8
4399	8
4400	8
4401	8
4402	8
4403	8
4404	8
4405	8
4406	8
4407	8
4408	8
4409	8
4410	8
4411	8
4412	8
4413	8
4414	8
4415	8
4416	8
4417	8
4418	8
4419	8
4420	8
4421	8
4422	8
4423	8
4424	8
4425	8
4426	8
4427	8
4428	8
4429	8
4430	8
4431	8
4432	8
4433	8
4434	8
4435	8
4436	8
4437	8
4438	8
4439	8
4440	8
4441	8
4442	8
4443	8
4444	8
4445	8
4446	8
4447	8
4448	8
4449	8
4450	8
4451	8
4452	8
4453	8
4454	8
4455	8
4456	8
4457	8
4458	8
4459	8
4460	8
4461	8
4462	8
4463	8
4464	8
4465	8
4466	8
4467	8
4468	8
4469	8
4470	8
4471	8
4472	8
4473	8
4474	8
4475	8
4476	8
4477	8
4478	8
4479	8
4480	8
4481	8
4482	8
4483	8
4484	8
4485	8
4486	8
4487	8
4488	8
4489	8
4490	8
4491	8
4492	8
4493	8
4494	8
4495	8
4496	8
4497	8
4498	8
4499	8
4500	8
4501	8
4502	8
4503	8
4504	8
4505	8
4506	8
4507	8
4508	8
4509	8
4510	8
4511	8
4512	8
4513	8
4514	8
4515	8
4516	8
4517	8
4518	8
4519	8
4520	8
4521	8
4522	8
4523	8
4524	8
4525	8
4526	8
4527	8
4528	8
4529	8
4530	8
4531	8
4532	8
4533	8
4534	8
4535	8
4536	8
4537	8
4538	8
4539	8
4540	8
4541	8
4542	8
4543	8
4544	8
4545	8
4546	8
4547	8
4548	8
4549	8
4550	8
4551	8
4552	8
4553	8
4554	8
4555	8
4556	8
4557	8
4558	8
4559	8
4560	8
4561	8
4562	8
4563	8
4564	8
4565	8
4566	8
4567	8
4568	8
4569	8
4570	8
4571	8
4572	8
4573	8
4574	8
4575	8
4576	8
4577	8
4578	8
4579	8
4580	8
4581	8
4582	8
4583	8
4584	8
4585	8
4586	8
4587	8
4588	8
4589	8
4590	8
4591	8
4592	8
4593	8
4594	8
4595	8
4596	8
4597	8
4598	8
4599	8
4600	8
4601	8
4602	8
4603	8
4604	8
4605	8
4606	8
4607	8
4608	8
4609	8
4610	8
4611	8
4612	8
4613	8
4614	8
4615	8
4616	8
4617	8
4618	8
4619	8
4620	8
4621	8
4622	8
4623	8
4624	8
4625	8
4626	8
4627	8
4628	8
4629	8
4630	8
4631	8
4632	8
4633	8
4634	8
4635	8
4636	8
4637	8
4638	8
4639	8
4640	8
4641	8
4642	8
4643	8
4644	8
4645	8
4646	8
4647	8
4648	8
4649	8
4650	8
4651	8
4652	8
4653	8
4654	8
4655	8
4656	8
4657	8
4658	8
4659	8
4660	8
4661	8
4662	8
4663	8
4664	8
4665	8
4666	8
4667	8
4668	8
4669	8
4670	8
4671	8
4672	8
4673	8
4674	8
4675	8
4676	8
4677	8
4678	8
4679	8
4680	8
4681	8
4682	8
4683	8
4684	8
4685	8
4686	8
4687	8
4688	8
4689	8
4690	8
4691	8
4692	8
4693	8
4694	8
4695	8
4696	8
4697	8
4698	8
4699	8
4700	8
4701	8
4702	8
4703	8
4704	8
4705	8
4706	8
4707	8
4708	8
4709	8
4710	8
4711	8
4712	8
4713	8
4714	8
4715	8
4716	8
4717	8
4718	8
4719	8
4720	8
4721	8
4722	8
4723	8
4724	8
4725	8
4726	8
4727	8
4728	8
4729	8
4730	8
4731	8
4732	8
4733	8
4734	8
4735	8
4736	8
4737	8
4738	8
4739	8
4740	8
4741	8
4742	8
4743	8
4744	8
4745	8
4746	8
4747	8
4748	8
4749	8
4750	8
4751	8
4752	8
4753	8
4754	8
4755	8
4756	8
4757	8
4758	8
4759	8
4760	8
4761	8
4762	8
4763	8
4764	8
4765	8
4766	8
4767	8
4768	8
4769	8
4770	8
4771	8
4772	8
4773	8
4774	8
4775	8
4776	8
4777	8
4778	8
4779	8
4780	8
4781	8
4782	8
4783	8
4784	8
4785	8
4786	8
4787	8
4788	8
4789	8
4790	8
4791	8
4792	8
4793	8
4794	8
4795	8
4796	8
4797	8
4798	8
4799	8
4800	8
4801	8
4802	8
4803	8
4804	8
4805	8
4806	8
4807	8
4808	8
4809	8
4810	8
4811	8
4812	8
4813	8
4814	8
4815	8
4816	8
4817	8
4818	8
4819	8
4820	8
4821	8
4822	8
4823	8
4824	8
4825	8
4826	8
4827	8
4828	8
4829	8
4830	8
4831	8
4832	8
4833	8
4834	8
4835	8
4836	8
4837	8
4838	8
4839	8
4840	8
4841	8
4842	8
4843	8
4844	8
4845	8
4846	8
4847	8
4848	8
4849	8
4850	8
4851	8
4852	8
4853	8
4854	8
4855	8
4856	8
4857	8
4858	8
4859	8
4860	8
4861	8
4862	8
4863	8
4864	8
4865	8
4866	8
4867	8
4868	8
4869	8
4870	8
4871	8
4872	8
4873	8
4874	8
4875	8
4876	8
4877	8
4878	8
4879	8
4880	8
4881	8
4882	8
4883	8
4884	8
4885	8
4886	8
4887	8
4888	8
4889	8
4890	8
4891	8
4892	8
4893	8
4894	8
4895	8
4896	8
4897	8
4898	8
4899	8
4900	8
4901	8
4902	8
4903	8
4904	8
4905	8
4906	8
4907	8
4908	8
4909	8
4910	8
4911	8
4912	8
4913	8
4914	8
4915	8
4916	8
4917	8
4918	8
4919	8
4920	8
4921	8
4922	8
4923	8
4924	8
4925	8
4926	8
4927	8
4928	8
4929	8
4930	8
4931	8
4932	8
4933	8
4934	8
4935	8
4936	8
4937	8
4938	8
4939	8
4940	8
4941	8
4942	8
4943	8
4944	8
4945	8
4946	8
4947	8
4948	8
4949	8
4950	8
4951	8
4952	8
4953	8
4954	8
4955	8
4956	8
4957	8
4958	8
4959	8
4960	8
4961	8
4962	8
4963	8
4964	8
4965	8
4966	8
4967	8
4968	8
4969	8
4970	8
4971	8
4972	8
4973	8
4974	8
4975	8
4976	8
4977	8
4978	8
4979	8
4980	8
4981	8
4982	8
4983	8
4984	8
4985	8
4986	8
4987	8
4988	8
4989	8
4990	8
4991	8
4992	8
4993	8
4994	8
4995	8
4996	8
4997	8
4998	8
4999	8
5000	8
5001	8
5002	8
5003	8
5004	8
5005	8
5006	8
5007	8
5008	8
5009	8
5010	8
5011	8
5012	8
5013	8
5014	8
5015	8
5016	8
5017	8
5018	8
5019	8
5020	8
5021	8
5022	8
5023	8
5024	8
5025	8
5026	8
5027	8
5028	8
5029	8
5030	8
5031	8
5032	8
5033	8
5034	8
5035	8
5036	8
5037	8
5038	8
5039	8
5040	8
5041	8
5042	8
5043	8
5044	8
5045	8
5046	8
5047	8
5048	8
5049	8
5050	8
5051	8
5052	8
5053	8
5054	8
5055	8
5056	8
5057	8
5058	8
5059	8
5060	8
5061	8
5062	8
5063	8
5064	8
5065	8
5066	8
5067	8
5068	8
5069	8
5070	8
5071	8
5072	8
5073	8
5074	8
5075	8
5076	8
5077	8
5078	8
5079	8
5080	8
5081	8
5082	8
5083	8
5084	8
5085	8
5086	8
5087	8
5088	8
5089	8
5090	8
5091	8
5092	8
5093	8
5094	8
5095	8
5096	8
5097	8
5098	8
5099	8
5100	8
5101	8
5102	8
5103	8
5104	8
5105	8
5106	8
5107	8
5108	8
5109	8
5110	8
5111	8
5112	8
5113	8
5114	8
5115	8
5116	8
5117	8
5118	8
5119	8
5120	8
5121	8
5122	8
5123	8
5124	8
5125	8
5126	8
5127	8
5128	8
5129	8
5130	8
5131	8
5132	8
5133	8
5134	8
5135	8
5136	8
5137	8
5138	8
5139	8
5140	8
5141	8
5142	8
5143	8
5144	8
5145	8
5146	8
5147	8
5148	8
5149	8
5150	8
5151	8
5152	8
5153	8
5154	8
5155	8
5156	8
5157	8
5158	8
5159	8
5160	8
5161	8
5162	8
5163	8
5164	8
5165	8
5166	8
5167	8
5168	8
5169	8
5170	8
5171	8
5172	8
5173	8
5174	8
5175	8
5176	8
5177	8
5178	8
5179	8
5180	8
5181	8
5182	8
5183	8
5184	8
5185	8
5186	8
5187	8
5188	8
5189	8
5190	8
5191	8
5192	8
5193	8
5194	8
5195	8
5196	8
5197	8
5198	8
5199	8
5200	8
5201	8
5202	8
5203	8
5204	8
5205	8
5206	8
5207	8
5208	8
5209	8
5210	8
5211	8
5212	8
5213	8
5214	8
5215	8
5216	8
5217	8
5218	8
5219	8
5220	8
5221	8
5222	8
5223	8
5224	8
5225	8
5226	8
5227	8
5228	8
5229	8
5230	8
5231	8
5232	8
5233	8
5234	8
5235	8
5236	8
5237	8
5238	8
5239	8
5240	8
5241	8
5242	8
5243	8
5244	8
5245	8
5246	8
5247	8
5248	8
5249	8
5250	8
5251	8
5252	8
5253	8
5254	8
5255	8
5256	8
5257	8
5258	8
5259	8
5260	8
5261	8
5262	8
5263	8
5264	8
5265	8
5266	8
5267	8
5268	8
5269	8
5270	8
5271	8
5272	8
5273	8
5274	8
5275	8
5276	8
5277	8
5278	8
5279	8
5280	8
5281	8
5282	8
5283	8
5284	8
5285	8
5286	8
5287	8
5288	8
5289	8
5290	8
5291	8
5292	8
5293	8
5294	8
5295	8
5296	8
5297	8
5298	8
5299	8
5300	8
5301	8
5302	8
5303	8
5304	8
5305	8
5306	8
5307	8
5308	8
5309	8
5310	8
5311	8
5312	8
5313	8
5314	8
5315	8
5316	8
5317	8
5318	8
5319	8
5320	8
5321	8
5322	8
5323	8
5324	8
5325	8
5326	8
5327	8
5328	8
5329	8
5330	8
5331	8
5332	8
5333	8
5334	8
5335	8
5336	8
5337	8
5338	8
5339	8
5340	8
5341	8
5342	8
5343	8
5344	8
5345	8
5346	8
5347	8
5348	8
5349	8
5350	8
5351	8
5352	8
5353	8
5354	8
5355	8
5356	8
5357	8
5358	8
5359	8
5360	8
5361	8
5362	8
5363	8
5364	8
5365	8
5366	8
5367	8
5368	8
5369	8
5370	8
5371	8
5372	8
5373	8
5374	8
5375	8
5376	8
5377	8
5378	8
5379	8
5380	8
5381	8
5382	8
5383	8
5384	8
5385	8
5386	8
5387	8
5388	8
5389	8
5390	8
5391	8
5392	8
5393	8
5394	8
5395	8
5396	8
5397	8
5398	8
5399	8
5400	8
5401	8
5402	8
5403	8
5404	8
5405	8
5406	8
5407	8
5408	8
5409	8
5410	8
5411	8
5412	8
5413	8
5414	8
5415	8
5416	8
5417	8
5418	8
5419	8
5420	8
5421	8
5422	8
5423	8
5424	8
5425	8
5426	8
5427	8
5428	8
5429	8
5430	8
5431	8
5432	8
5433	8
5434	8
5435	8
5436	8
5437	8
5438	8
5439	8
5440	8
5441	8
5442	8
5443	8
5444	8
5445	8
5446	8
5447	8
5448	8
5449	8
5450	8
5451	8
5452	8
5453	8
5454	8
5455	8
5456	8
5457	8
5458	8
5459	8
5460	8
5461	8
5462	8
5463	8
5464	8
5465	8
5466	8
5467	8
5468	8
5469	8
5470	8
5471	8
5472	8
5473	8
5474	8
5475	8
5476	8
5477	8
5478	8
5479	8
5480	8
5481	8
5482	8
5483	8
5484	8
5485	8
5486	8
5487	8
5488	8
5489	8
5490	8
5491	8
5492	8
5493	8
5494	8
5495	8
5496	8
5497	8
5498	8
5499	8
5500	8
5501	8
5502	8
5503	8
5504	8
5505	8
5506	8
5507	8
5508	8
5509	8
5510	8
5511	8
5512	8
5513	8
5514	8
5515	8
5516	8
5517	8
5518	8
5519	8
5520	8
5521	8
5522	8
5523	8
5524	8
5525	8
5526	8
5527	8
5528	8
5529	8
5530	8
5531	8
5532	8
5533	8
5534	8
5535	8
5536	8
5537	8
5538	8
5539	8
5540	8
5541	8
5542	8
5543	8
5544	8
5545	8
5546	8
5547	8
5548	8
5549	8
5550	8
5551	8
5552	8
5553	8
5554	8
5555	8
5556	8
5557	8
5558	8
5559	8
5560	8
5561	8
5562	8
5563	8
5564	8
5565	8
5566	8
5567	8
5568	8
5569	8
5570	8
5571	8
5572	8
5573	8
5574	8
5575	8
5576	8
5577	8
5578	8
5579	8
5580	8
5581	8
5582	8
5583	8
5584	8
5585	8
5586	8
5587	8
5588	8
5589	8
5590	8
5591	8
5592	8
5593	8
5594	8
5595	8
5596	8
5597	8
5598	8
5599	8
5600	8
5601	8
5602	8
5603	8
5604	8
5605	8
5606	8
5607	8
5608	8
5609	8
5610	8
5611	8
5612	8
5613	8
5614	8
5615	8
5616	8
5617	8
5618	8
5619	8
5620	8
5621	8
5622	8
5623	8
5624	8
5625	8
5626	8
5627	8
5628	8
5629	8
5630	8
5631	8
5632	8
5633	8
5634	8
5635	8
5636	8
5637	8
5638	8
5639	8
5640	8
5641	8
5642	8
5643	8
5644	8
5645	8
5646	8
5647	8
5648	8
5649	8
5650	8
5651	8
5652	8
5653	8
5654	8
5655	8
5656	8
5657	8
5658	8
5659	8
5660	8
5661	8
5662	8
5663	8
5664	8
5665	8
5666	8
5667	8
5668	8
5669	8
5670	8
5671	8
5672	8
5673	8
5674	8
5675	8
5676	8
5677	8
5678	8
5679	8
5680	8
5681	8
5682	8
5683	8
5684	8
5685	8
5686	8
5687	8
5688	8
5689	8
5690	8
5691	8
5692	8
5693	8
5694	8
5695	8
5696	8
5697	8
5698	8
5699	8
5700	8
5701	8
5702	8
5703	8
5704	8
5705	8
5706	8
5707	8
5708	8
5709	8
5710	8
5711	8
5712	8
5713	8
5714	8
5715	8
5716	8
5717	8
5718	8
5719	8
5720	8
5721	8
5722	8
5723	8
5724	8
5725	8
5726	8
5727	8
5728	8
5729	8
5730	8
5731	8
5732	8
5733	8
5734	8
5735	8
5736	8
5737	8
5738	8
5739	8
5740	8
5741	8
5742	8
5743	8
5744	8
5745	8
5746	8
5747	8
5748	8
5749	8
5750	8
5751	8
5752	8
5753	8
5754	8
5755	8
5756	8
5757	8
5758	8
5759	8
5760	8
5761	8
5762	8
5763	8
5764	8
5765	8
5766	8
5767	8
5768	8
5769	8
5770	8
5771	8
5772	8
5773	8
5774	8
5775	8
5776	8
5777	8
5778	8
5779	8
5780	8
5781	8
5782	8
5783	8
5784	8
5785	8
5786	8
5787	8
5788	8
5789	8
5790	8
5791	8
5792	8
5793	8
5794	8
5795	8
5796	8
5797	8
5798	8
5799	8
5800	8
5801	8
5802	8
5803	8
5804	8
5805	8
5806	8
5807	8
5808	8
5809	8
5810	8
5811	8
5812	8
5813	8
5814	8
5815	8
5816	8
5817	8
5818	8
5819	8
5820	8
5821	8
5822	8
5823	8
5824	8
5825	8
5826	8
5827	8
5828	8
5829	8
5830	8
5831	8
5832	8
5833	8
5834	8
5835	8
5836	8
5837	8
5838	8
5839	8
5840	8
5841	8
5842	8
5843	8
5844	8
5845	8
5846	8
5847	8
5848	8
5849	8
5850	8
5851	8
5852	8
5853	8
5854	8
5855	8
5856	8
5857	8
5858	8
5859	8
5860	8
5861	8
5862	8
5863	8
5864	8
5865	8
5866	8
5867	8
5868	8
5869	8
5870	8
5871	8
5872	8
5873	8
5874	8
5875	8
5876	8
5877	8
5878	8
5879	8
5880	8
5881	8
5882	8
5883	8
5884	8
5885	8
5886	8
5887	8
5888	8
5889	8
5890	8
5891	8
5892	8
5893	8
5894	8
5895	8
5896	8
5897	8
5898	8
5899	8
5900	8
5901	8
5902	8
5903	8
5904	8
5905	8
5906	8
5907	8
5908	8
5909	8
5910	8
5911	8
5912	8
5913	8
5914	8
5915	8
5916	8
5917	8
5918	8
5919	8
5920	8
5921	8
5922	8
5923	8
5924	8
5925	8
5926	8
5927	8
5928	8
5929	8
5930	8
5931	8
5932	8
5933	8
5934	8
5935	8
5936	8
5937	8
5938	8
5939	8
5940	8
5941	8
5942	8
5943	8
5944	8
5945	8
5946	8
5947	8
5948	8
5949	8
5950	8
5951	8
5952	8
5953	8
5954	8
5955	8
5956	8
5957	8
5958	8
5959	8
5960	8
5961	8
5962	8
5963	8
5964	8
5965	8
5966	8
5967	8
5968	8
5969	8
5970	8
5971	8
5972	8
5973	8
5974	8
5975	8
5976	8
5977	8
5978	8
5979	8
5980	8
5981	8
5982	8
5983	8
5984	8
5985	8
5986	8
5987	8
5988	8
5989	8
5990	8
5991	8
5992	8
5993	8
5994	8
5995	8
5996	8
5997	8
5998	8
5999	8
6000	8
6001	8
6002	8
6003	8
6004	8
6005	8
6006	8
6007	8
6008	8
6009	8
6010	8
6011	8
6012	8
6013	8
6014	8
6015	8
6016	8
6017	8
6018	8
6019	8
6020	8
6021	8
6022	8
6023	8
6024	8
6025	8
6026	8
6027	8
6028	8
6029	8
6030	8
6031	8
6032	8
6033	8
6034	8
6035	8
6036	8
6037	8
6038	8
6039	8
6040	8
6041	8
6042	8
6043	8
6044	8
6045	8
6046	8
6047	8
6048	8
6049	8
6050	8
6051	8
6052	8
6053	8
6054	8
6055	8
6056	8
6057	8
6058	8
6059	8
6060	8
6061	8
6062	8
6063	8
6064	8
6065	8
6066	8
6067	8
6068	8
6069	8
6070	8
6071	8
6072	8
6073	8
6074	8
6075	8
6076	8
6077	8
6078	8
6079	8
6080	8
6081	8
6082	8
6083	8
6084	8
6085	8
6086	8
6087	8
6088	8
6089	8
6090	8
6091	8
6092	8
6093	8
6094	8
6095	8
6096	8
6097	8
6098	8
6099	8
6100	8
6101	8
6102	8
6103	8
6104	8
6105	8
6106	8
6107	8
6108	8
6109	8
6110	8
6111	8
6112	8
6113	8
6114	8
6115	8
6116	8
6117	8
6118	8
6119	8
6120	8
6121	8
6122	8
6123	8
6124	8
6125	8
6126	8
6127	8
6128	8
6129	8
6130	8
6131	8
6132	8
6133	8
6134	8
6135	8
6136	8
6137	8
6138	8
6139	8
6140	8
6141	8
6142	8
6143	8
6144	8
6145	8
6146	8
6147	8
6148	8
6149	8
6150	8
6151	8
6152	8
6153	8
6154	8
6155	8
6156	8
6157	8
6158	8
6159	8
6160	8
6161	8
6162	8
6163	8
6164	8
6165	8
6166	8
6167	8
6168	8
6169	8
6170	8
6171	8
6172	8
6173	8
6174	8
6175	8
6176	8
6177	8
6178	8
6179	8
6180	8
6181	8
6182	8
6183	8
6184	8
6185	8
6186	8
6187	8
6188	8
6189	8
6190	8
6191	8
6192	8
6193	8
6194	8
6195	8
6196	8
6197	8
6198	8
6199	8
6200	8
6201	8
6202	8
6203	8
6204	8
6205	8
6206	8
6207	8
6208	8
6209	8
6210	8
6211	8
6212	8
6213	8
6214	8
6215	8
6216	8
6217	8
6218	8
6219	8
6220	8
6221	8
6222	8
6223	8
6224	8
6225	8
6226	8
6227	8
6228	8
6229	8
6230	8
6231	8
6232	8
6233	8
6234	8
6235	8
6236	8
6237	8
6238	8
6239	8
6240	8
6241	8
6242	8
6243	8
6244	8
6245	8
6246	8
6247	8
6248	8
6249	8
6250	8
6251	8
6252	8
6253	8
6254	8
6255	8
6256	8
6257	8
6258	8
6259	8
6260	8
6261	8
6262	8
6263	8
6264	8
6265	8
6266	8
6267	8
6268	8
6269	8
6270	8
6271	8
6272	8
6273	8
6274	8
6275	8
6276	8
6277	8
6278	8
6279	8
6280	8
6281	8
6282	8
6283	8
6284	8
6285	8
6286	8
6287	8
6288	8
6289	8
6290	8
6291	8
6292	8
6293	8
6294	8
6295	8
6296	8
6297	8
6298	8
6299	8
6300	8
6301	8
6302	8
6303	8
6304	8
6305	8
6306	8
6307	8
6308	8
6309	8
6310	8
6311	8
6312	8
6313	8
6314	8
6315	8
6316	8
6317	8
6318	8
6319	8
6320	8
6321	8
6322	8
6323	8
6324	8
6325	8
6326	8
6327	8
6328	8
6329	8
6330	8
6331	8
6332	8
6333	8
6334	8
6335	8
6336	8
6337	8
6338	8
6339	8
6340	8
6341	8
6342	8
6343	8
6344	8
6345	8
6346	8
6347	8
6348	8
6349	8
6350	8
6351	8
6352	8
6353	8
6354	8
6355	8
6356	8
6357	8
6358	8
6359	8
6360	8
6361	8
6362	8
6363	8
6364	8
6365	8
6366	8
6367	8
6368	8
6369	8
6370	8
6371	8
6372	8
6373	8
6374	8
6375	8
6376	8
6377	8
6378	8
6379	8
6380	8
6381	8
6382	8
6383	8
6384	8
6385	8
6386	8
6387	8
6388	8
6389	8
6390	8
6391	8
6392	8
6393	8
6394	8
6395	8
6396	8
6397	8
6398	8
6399	8
6400	8
6401	8
6402	8
6403	8
6404	8
6405	8
6406	8
6407	8
6408	8
6409	8
6410	8
6411	8
6412	8
6413	8
6414	8
6415	8
6416	8
6417	8
6418	8
6419	8
6420	8
6421	8
6422	8
6423	8
6424	8
6425	8
6426	8
6427	8
6428	8
6429	8
6430	8
6431	8
6432	8
6433	8
6434	8
6435	8
6436	8
6437	8
6438	8
6439	8
6440	8
6441	8
6442	8
6443	8
6444	8
6445	8
6446	8
6447	8
6448	8
6449	8
6450	8
6451	8
6452	8
6453	8
6454	8
6455	8
6456	8
6457	8
6458	8
6459	8
6460	8
6461	8
6462	8
6463	8
6464	8
6465	8
6466	8
6467	8
6468	8
6469	8
6470	8
6471	8
6472	8
6473	8
6474	8
6475	8
6476	8
6477	8
6478	8
6479	8
6480	8
6481	8
6482	8
6483	8
6484	8
6485	8
6486	8
6487	8
6488	8
6489	8
6490	8
6491	8
6492	8
6493	8
6494	8
6495	8
6496	8
6497	8
6498	8
6499	8
6500	8
6501	8
6502	8
6503	8
6504	8
6505	8
6506	8
6507	8
6508	8
6509	8
6510	8
6511	8
6512	8
6513	8
6514	8
6515	8
6516	8
6517	8
6518	8
6519	8
6520	8
6521	8
6522	8
6523	8
6524	8
6525	8
6526	8
6527	8
6528	8
6529	8
6530	8
6531	8
6532	8
6533	8
6534	8
6535	8
6536	8
6537	8
6538	8
6539	8
6540	8
6541	8
6542	8
6543	8
6544	8
6545	8
6546	8
6547	8
6548	8
6549	8
6550	8
6551	8
6552	8
6553	8
6554	8
6555	8
6556	8
6557	8
6558	8
6559	8
6560	8
6561	8
6562	8
6563	8
6564	8
6565	8
6566	8
6567	8
6568	8
6569	8
6570	8
6571	8
6572	8
6573	8
6574	8
6575	8
6576	8
6577	8
6578	8
6579	8
6580	8
6581	8
6582	8
6583	8
6584	8
6585	8
6586	8
6587	8
6588	8
6589	8
6590	8
6591	8
6592	8
6593	8
6594	8
6595	8
6596	8
6597	8
6598	8
6599	8
6600	8
6601	8
6602	8
6603	8
6604	8
6605	8
6606	8
6607	8
6608	8
6609	8
6610	8
6611	8
6612	8
6613	8
6614	8
6615	8
6616	8
6617	8
6618	8
6619	8
6620	8
6621	8
6622	8
6623	8
6624	8
6625	8
6626	8
6627	8
6628	8
6629	8
6630	8
6631	8
6632	8
6633	8
6634	8
6635	8
6636	8
6637	8
6638	8
6639	8
6640	8
6641	8
6642	8
6643	8
6644	8
6645	8
6646	8
6647	8
6648	8
6649	8
6650	8
6651	8
6652	8
6653	8
6654	8
6655	8
6656	8
6657	8
6658	8
6659	8
6660	8
6661	8
6662	8
6663	8
6664	8
6665	8
6666	8
6667	8
6668	8
6669	8
6670	8
6671	8
6672	8
6673	8
6674	8
6675	8
6676	8
6677	8
6678	8
6679	8
6680	8
6681	8
6682	8
6683	8
6684	8
6685	8
6686	8
6687	8
6688	8
6689	8
6690	8
6691	8
6692	8
6693	8
6694	8
6695	8
6696	8
6697	8
6698	8
6699	8
6700	8
6701	8
6702	8
6703	8
6704	8
6705	8
6706	8
6707	8
6708	8
6709	8
6710	8
6711	8
6712	8
6713	8
6714	8
6715	8
6716	8
6717	8
6718	8
6719	8
6720	8
6721	8
6722	8
6723	8
6724	8
6725	8
6726	8
6727	8
6728	8
6729	8
6730	8
6731	8
6732	8
6733	8
6734	8
6735	8
6736	8
6737	8
6738	8
6739	8
6740	8
6741	8
6742	8
6743	8
6744	8
6745	8
6746	8
6747	8
6748	8
6749	8
6750	8
6751	8
6752	8
6753	8
6754	8
6755	8
6756	8
6757	8
6758	8
6759	8
6760	8
6761	8
6762	8
6763	8
6764	8
6765	8
6766	8
6767	8
6768	8
6769	8
6770	8
6771	8
6772	8
6773	8
6774	8
6775	8
6776	8
6777	8
6778	8
6779	8
6780	8
6781	8
6782	8
6783	8
6784	8
6785	8
6786	8
6787	8
6788	8
6789	8
6790	8
6791	8
6792	8
6793	8
6794	8
6795	8
6796	8
6797	8
6798	8
6799	8
6800	8
6801	8
6802	8
6803	8
6804	8
6805	8
6806	8
6807	8
6808	8
6809	8
6810	8
6811	8
6812	8
6813	8
6814	8
6815	8
6816	8
6817	8
6818	8
6819	8
6820	8
6821	8
6822	8
6823	8
6824	8
6825	8
6826	8
6827	8
6828	8
6829	8
6830	8
6831	8
6832	8
6833	8
6834	8
6835	8
6836	8
6837	8
6838	8
6839	8
6840	8
6841	8
6842	8
6843	8
6844	8
6845	8
6846	8
6847	8
6848	8
6849	8
6850	8
6851	8
6852	8
6853	8
6854	8
6855	8
6856	8
6857	8
6858	8
6859	8
6860	8
6861	8
6862	8
6863	8
6864	8
6865	8
6866	8
6867	8
6868	8
6869	8
6870	8
6871	8
6872	8
6873	8
6874	8
6875	8
6876	8
6877	8
6878	8
6879	8
6880	8
6881	8
6882	8
6883	8
6884	8
6885	8
6886	8
6887	8
6888	8
6889	8
6890	8
6891	8
6892	8
6893	8
6894	8
6895	8
6896	8
6897	8
6898	8
6899	8
6900	8
6901	8
6902	8
6903	8
6904	8
6905	8
6906	8
6907	8
6908	8
6909	8
6910	8
6911	8
6912	8
6913	8
6914	8
6915	8
6916	8
6917	8
6918	8
6919	8
6920	8
6921	8
6922	8
6923	8
6924	8
6925	8
6926	8
6927	8
6928	8
6929	8
6930	8
6931	8
6932	8
6933	8
6934	8
6935	8
6936	8
6937	8
6938	8
6939	8
6940	8
6941	8
6942	8
6943	8
6944	8
6945	8
6946	8
6947	8
6948	8
6949	8
6950	8
6951	8
6952	8
6953	8
6954	8
6955	8
6956	8
6957	8
6958	8
6959	8
6960	8
6961	8
6962	8
6963	8
6964	8
6965	8
6966	8
6967	8
6968	8
6969	8
6970	8
6971	8
6972	8
6973	8
6974	8
6975	8
6976	8
6977	8
6978	8
6979	8
6980	8
6981	8
6982	8
6983	8
6984	8
6985	8
6986	8
6987	8
6988	8
6989	8
6990	8
6991	8
6992	8
6993	8
6994	8
6995	8
6996	8
6997	8
6998	8
6999	8
7000	8
7001	8
7002	8
7003	8
7004	8
7005	8
7006	8
7007	8
7008	8
7009	8
7010	8
7011	8
7012	8
7013	8
7014	8
7015	8
7016	8
7017	8
7018	8
7019	8
7020	8
7021	8
7022	8
7023	8
7024	8
7025	8
7026	8
7027	8
7028	8
7029	8
7030	8
7031	8
7032	8
7033	8
7034	8
7035	8
7036	8
7037	8
7038	8
7039	8
7040	8
7041	8
7042	8
7043	8
7044	8
7045	8
7046	8
7047	8
7048	8
7049	8
7050	8
7051	8
7052	8
7053	8
7054	8
7055	8
7056	8
7057	8
7058	8
7059	8
7060	8
7061	8
7062	8
7063	8
7064	8
7065	8
7066	8
7067	8
7068	8
7069	8
7070	8
7071	8
7072	8
7073	8
7074	8
7075	8
7076	8
7077	8
7078	8
7079	8
7080	8
7081	8
7082	8
7083	8
7084	8
7085	8
7086	8
7087	8
7088	8
7089	8
7090	8
7091	8
7092	8
7093	8
7094	8
7095	8
7096	8
7097	8
7098	8
7099	8
7100	8
7101	8
7102	8
7103	8
7104	8
7105	8
7106	8
7107	8
7108	8
7109	8
7110	8
7111	8
7112	8
7113	8
7114	8
7115	8
7116	8
7117	8
7118	8
7119	8
7120	8
7121	8
7122	8
7123	8
7124	8
7125	8
7126	8
7127	8
7128	8
7129	8
7130	8
7131	8
7132	8
7133	8
7134	8
7135	8
7136	8
7137	8
7138	8
7139	8
7140	8
7141	8
7142	8
7143	8
7144	8
7145	8
7146	8
7147	8
7148	8
7149	8
7150	8
7151	8
7152	8
7153	8
7154	8
7155	8
7156	8
7157	8
7158	8
7159	8
7160	8
7161	8
7162	8
7163	8
7164	8
7165	8
7166	8
7167	8
7168	8
7169	8
7170	8
7171	8
7172	8
7173	8
7174	8
7175	8
7176	8
7177	8
7178	8
7179	8
7180	8
7181	8
7182	8
7183	8
7184	8
7185	8
7186	8
7187	8
7188	8
7189	8
7190	8
7191	8
7192	8
7193	8
7194	8
7195	8
7196	8
7197	8
7198	8
7199	8
7200	8
7201	8
7202	8
7203	8
7204	8
7205	8
7206	8
7207	8
7208	8
7209	8
7210	8
7211	8
7212	8
7213	8
7214	8
7215	8
7216	8
7217	8
7218	8
7219	8
7220	8
7221	8
7222	8
7223	8
7224	8
7225	8
7226	8
7227	8
7228	8
7229	8
7230	8
7231	8
7232	8
7233	8
7234	8
7235	8
7236	8
7237	8
7238	8
7239	8
7240	8
7241	8
7242	8
7243	8
7244	8
7245	8
7246	8
7247	8
7248	8
7249	8
7250	8
7251	8
7252	8
7253	8
7254	8
7255	8
7256	8
7257	8
7258	8
7259	8
7260	8
7261	8
7262	8
7263	8
7264	8
7265	8
7266	8
7267	8
7268	8
7269	8
7270	8
7271	8
7272	8
7273	8
7274	8
7275	8
7276	8
7277	8
7278	8
7279	8
7280	8
7281	8
7282	8
7283	8
7284	8
7285	8
7286	8
7287	8
7288	8
7289	8
7290	8
7291	8
7292	8
7293	8
7294	8
7295	8
7296	8
7297	8
7298	8
7299	8
7300	8
7301	8
7302	8
7303	8
7304	8
7305	8
7306	8
7307	8
7308	8
7309	8
7310	8
7311	8
7312	8
7313	8
7314	8
7315	8
7316	8
7317	8
7318	8
7319	8
7320	8
7321	8
7322	8
7323	8
7324	8
7325	8
7326	8
7327	8
7328	8
7329	8
7330	8
7331	8
7332	8
7333	8
7334	8
7335	8
7336	8
7337	8
7338	8
7339	8
7340	8
7341	8
7342	8
7343	8
7344	8
7345	8
7346	8
7347	8
7348	8
7349	8
7350	8
7351	8
7352	8
7353	8
7354	8
7355	8
7356	8
7357	8
7358	8
7359	8
7360	8
7361	8
7362	8
7363	8
7364	8
7365	8
7366	8
7367	8
7368	8
7369	8
7370	8
7371	8
7372	8
7373	8
7374	8
7375	8
7376	8
7377	8
7378	8
7379	8
7380	8
7381	8
7382	8
7383	8
7384	8
7385	8
7386	8
7387	8
7388	8
7389	8
7390	8
7391	8
7392	8
7393	8
7394	8
7395	8
7396	8
7397	8
7398	8
7399	8
7400	8
7401	8
7402	8
7403	8
7404	8
7405	8
7406	8
7407	8
7408	8
7409	8
7410	8
7411	8
7412	8
7413	8
7414	8
7415	8
7416	8
7417	8
7418	8
7419	8
7420	8
7421	8
7422	8
7423	8
7424	8
7425	8
7426	8
7427	8
7428	8
7429	8
7430	8
7431	8
7432	8
7433	8
7434	8
7435	8
7436	8
7437	8
7438	8
7439	8
7440	8
7441	8
7442	8
7443	8
7444	8
7445	8
7446	8
7447	8
7448	8
7449	8
7450	8
7451	8
7452	8
7453	8
7454	8
7455	8
7456	8
7457	8
7458	8
7459	8
7460	8
7461	8
7462	8
7463	8
7464	8
7465	8
7466	8
7467	8
7468	8
7469	8
7470	8
7471	8
7472	8
7473	8
7474	8
7475	8
7476	8
7477	8
7478	8
7479	8
7480	8
7481	8
7482	8
7483	8
7484	8
7485	8
7486	8
7487	8
7488	8
7489	8
7490	8
7491	8
7492	8
7493	8
7494	8
7495	8
7496	8
7497	8
7498	8
7499	8
7500	8
7501	8
7502	8
7503	8
7504	8
7505	8
7506	8
7507	8
7508	8
7509	8
7510	8
7511	8
7512	8
7513	8
7514	8
7515	8
7516	8
7517	8
7518	8
7519	8
7520	8
7521	8
7522	8
7523	8
7524	8
7525	8
7526	8
7527	8
7528	-1000
7529	-1000
7530	-1000
7531	-1000
7532	-1000
7533	-1000
7534	-1000
7535	-1000
7536	-1000
7537	-1000
7538	-1000
7539	-1000
7540	-1000
7541	-1000
7542	-1000
7543	-1000
7544	-1000
7545	-1000
7546	-1000
7547	-1000
7548	-1000
7549	-1000
7550	-1000
7551	-1000
7552	-1000
7553	-1000
7554	-1000
7555	-1000
7556	-1000
7557	-1000
7558	-1000
7559	-1000
7560	-1000
7561	-1000
7562	-1000
7563	-1000
7564	-1000
7565	-1000
7566	-1000
7567	-1000
7568	-1000
7569	-1000
7570	-1000
7571	-1000
7572	-1000
7573	-1000
7574	-1000
7575	-1000
7576	-1000
7577	-1000
7578	-1000
7579	-1000
7580	-1000
7581	-1000
7582	-1000
7583	-1000
7584	-1000
7585	-1000
7586	-1000
7587	-1000
7588	-1000
7589	-1000
7590	-1000
7591	-1000
7592	-1000
7593	-1000
7594	-1000
7595	-1000
7596	-1000
7597	-1000
7598	-1000
7599	-1000
7600	-1000
7601	-1000
7602	-1000
7603	-1000
7604	-1000
7605	-1000
7606	-1000
7607	-1000
7608	-1000
7609	-1000
7610	-1000
7611	-1000
7612	-1000
7613	-1000
7614	-1000
7615	-1000
7616	-1000
7617	-1000
7618	-1000
7619	-1000
7620	-1000
7621	-1000
7622	-1000
7623	-1000
7624	-1000
7625	-1000
7626	-1000
7627	-1000
7628	-1000
7629	-1000
7630	-1000
7631	-1000
7632	-1000
7633	-1000
7634	-1000
7635	-1000
7636	-1000
7637	-1000
7638	-1000
7639	-1000
7640	-1000
7641	-1000
7642	-1000
7643	-1000
7644	-1000
7645	-1000
7646	-1000
7647	-1000
7648	-1000
7649	-1000
7650	-1000
7651	-1000
7652	-1000
7653	-1000
7654	-1000
7655	-1000
7656	-1000
7657	-1000
7658	-1000
7659	-1000
7660	-1000
7661	-1000
7662	-1000
7663	-1000
7664	-1000
7665	-1000
7666	-1000
7667	-1000
7668	-1000
7669	-1000
7670	-1000
7671	-1000
7672	-1000
7673	-1000
7674	-1000
7675	-1000
7676	-1000
7677	-1000
7678	-1000
7679	-1000
7680	-1000
7681	-1000
7682	-1000
7683	-1000
7684	-1000
7685	-1000
7686	-1000
7687	-1000
7688	-1000
7689	-1000
7690	-1000
7691	-1000
7692	-1000
7693	-1000
7694	-1000
7695	-1000
7696	-1000
7697	-1000
7698	-1000
7699	-1000
7700	-1000
7701	-1000
7702	-1000
7703	-1000
7704	-1000
7705	-1000
7706	-1000
7707	-1000
7708	-1000
7709	-1000
7710	-1000
7711	-1000
7712	-1000
7713	-1000
7714	-1000
7715	-1000
7716	-1000
7717	-1000
7718	-1000
7719	-1000
7720	-1000
7721	-1000
7722	-1000
7723	-1000
7724	-1000
7725	-1000
7726	-1000
7727	-1000
7728	-1000
7729	-1000
7730	-1000
7731	-1000
7732	-1000
7733	-1000
7734	-1000
7735	-1000
7736	-1000
7737	-1000
7738	-1000
7739	-1000
7740	-1000
7741	-1000
7742	-1000
7743	-1000
7744	-1000
7745	-1000
7746	-1000
7747	-1000
7748	-1000
7749	-1000
7750	-1000
7751	-1000
7752	-1000
7753	-1000
7754	-1000
7755	-1000
7756	-1000
7757	-1000
7758	-1000
7759	-1000
7760	-1000
7761	-1000
7762	-1000
7763	-1000
7764	-1000
7765	-1000
7766	-1000
7767	-1000
7768	-1000
7769	-1000
7770	-1000
7771	-1000
7772	-1000
7773	-1000
7774	-1000
7775	-1000
7776	-1000
7777	-1000
7778	-1000
7779	-1000
7780	-1000
7781	-1000
7782	-1000
7783	-1000
7784	-1000
7785	-1000
7786	-1000
7787	-1000
7788	-1000
7789	-1000
7790	-1000
7791	-1000
7792	-1000
7793	-1000
7794	-1000
7795	-1000
7796	-1000
7797	-1000
7798	-1000
7799	-1000
7800	-1000
7801	-1000
7802	-1000
7803	-1000
7804	-1000
7805	-1000
7806	-1000
7807	-1000
7808	-1000
7809	-1000
7810	-1000
7811	-1000
7812	-1000
7813	-1000
7814	-1000
7815	-1000
7816	-1000
7817	-1000
7818	-1000
7819	-1000
7820	-1000
7821	-1000
7822	-1000
7823	-1000
7824	-1000
7825	-1000
7826	-1000
7827	-1000
7828	-1000
7829	-1000
7830	-1000
7831	-1000
7832	-1000
7833	-1000
7834	-1000
7835	-1000
7836	-1000
7837	-1000
7838	-1000
7839	-1000
7840	-1000
7841	-1000
7842	-1000
7843	-1000
7844	-1000
7845	-1000
7846	-1000
7847	-1000
7848	-1000
7849	-1000
7850	-1000
7851	-1000
7852	-1000
7853	-1000
7854	-1000
7855	-1000
7856	-1000
7857	-1000
7858	-1000
7859	-1000
7860	-1000
7861	-1000
7862	-1000
7863	-1000
7864	-1000
7865	-1000
7866	-1000
7867	-1000
7868	-1000
7869	-1000
7870	-1000
7871	-1000
7872	-1000
7873	-1000
7874	-1000
7875	-1000
7876	-1000
7877	-1000
7878	-1000
7879	-1000
7880	-1000
7881	-1000
7882	-1000
7883	-1000
7884	-1000
7885	-1000
7886	-1000
7887	-1000
7888	-1000
7889	-1000
7890	-1000
7891	-1000
7892	-1000
7893	-1000
7894	-1000
7895	-1000
7896	-1000
7897	-1000
7898	-1000
7899	-1000
7900	-1000
7901	-1000
7902	-1000
7903	-1000
7904	-1000
7905	-1000
7906	-1000
7907	-1000
7908	-1000
7909	-1000
7910	-1000
7911	-1000
7912	-1000
7913	-1000
7914	-1000
7915	-1000
7916	-1000
7917	-1000
7918	-1000
7919	-1000
7920	-1000
7921	-1000
7922	-1000
7923	-1000
7924	-1000
7925	-1000
