0	-1000
1	-1000
2	-1000
3	-1000
4	-1000
5	-1000
6	-1000
7	-1000
8	-1000
9	-1000
10	-1000
11	-1000
12	-1000
13	-1000
14	-1000
15	-1000
16	-1000
17	-1000
18	-1000
19	-1000
20	-1000
21	-1000
22	-1000
23	-1000
24	-1000
25	-1000
26	-1000
27	-1000
28	-1000
29	-1000
30	-1000
31	-1000
32	-1000
33	-1000
34	-1000
35	-1000
36	-1000
37	-1000
38	-1000
39	-1000
40	-1000
41	-1000
42	-1000
43	-1000
44	-1000
45	-1000
46	-1000
47	-1000
48	-1000
49	-1000
50	-1000
51	-1000
52	-1000
53	-1000
54	-1000
55	-1000
56	-1000
57	-1000
58	-1000
59	-1000
60	-1000
61	-1000
62	-1000
63	-1000
64	-1000
65	-1000
66	-1000
67	-1000
68	-1000
69	-1000
70	-1000
71	-1000
72	-1000
73	-1000
74	-1000
75	-1000
76	-1000
77	-1000
78	-1000
79	-1000
80	-1000
81	-1000
82	-1000
83	-1000
84	-1000
85	-1000
86	-1000
87	-1000
88	-1000
89	-1000
90	-1000
91	-1000
92	-1000
93	-1000
94	-1000
95	-1000
96	-1000
97	-1000
98	-1000
99	-1000
100	-1000
101	-1000
102	-1000
103	-1000
104	-1000
105	-1000
106	-1000
107	-1000
108	-1000
109	-1000
110	-1000
111	-1000
112	-1000
113	-1000
114	-1000
115	-1000
116	-1000
117	-1000
118	-1000
119	-1000
120	-1000
121	-1000
122	-1000
123	-1000
124	-1000
125	-1000
126	-1000
127	-1000
128	-1000
129	-1000
130	-1000
131	-1000
132	-1000
133	-1000
134	-1000
135	-1000
136	-1000
137	-1000
138	-1000
139	-1000
140	-1000
141	-1000
142	-1000
143	-1000
144	-1000
145	-1000
146	-1000
147	-1000
148	-1000
149	-1000
150	-1000
151	-1000
152	-1000
153	-1000
154	-1000
155	-1000
156	-1000
157	-1000
158	-1000
159	-1000
160	-1000
161	-1000
162	-1000
163	-1000
164	-1000
165	-1000
166	-1000
167	-1000
168	-1000
169	-1000
170	-1000
171	-1000
172	-1000
173	-1000
174	-1000
175	-1000
176	-1000
177	-1000
178	-1000
179	-1000
180	-1000
181	-1000
182	-1000
183	-1000
184	-1000
185	-1000
186	-1000
187	-1000
188	-1000
189	-1000
190	-1000
191	-1000
192	-1000
193	-1000
194	-1000
195	-1000
196	-1000
197	-1000
198	-1000
199	-1000
200	-1000
201	-1000
202	-1000
203	-1000
204	-1000
205	-1000
206	-1000
207	-1000
208	-1000
209	-1000
210	-1000
211	-1000
212	-1000
213	-1000
214	-1000
215	-1000
216	-1000
217	-1000
218	-1000
219	-1000
220	-1000
221	-1000
222	-1000
223	-1000
224	-1000
225	-1000
226	-1000
227	-1000
228	-1000
229	-1000
230	-1000
231	-1000
232	-1000
233	-1000
234	-1000
235	-1000
236	-1000
237	-1000
238	-1000
239	-1000
240	-1000
241	-1000
242	-1000
243	1
244	1
245	1
246	1
247	1
248	1
249	1
250	1
251	1
252	1
253	1
254	1
255	1
256	1
257	1
258	1
259	1
260	1
261	1
262	1
263	1
264	1
265	1
266	1
267	1
268	1
269	1
270	1
271	1
272	1
273	1
274	1
275	1
276	1
277	1
278	1
279	1
280	1
281	1
282	1
283	1
284	1
285	1
286	1
287	1
288	1
289	1
290	1
291	1
292	1
293	1
294	1
295	1
296	1
297	1
298	1
299	1
300	1
301	1
302	1
303	1
304	1
305	1
306	1
307	1
308	1
309	1
310	1
311	1
312	1
313	1
314	1
315	1
316	1
317	1
318	1
319	1
320	1
321	1
322	1
323	1
324	1
325	1
326	1
327	1
328	1
329	1
330	1
331	1
332	1
333	1
334	1
335	1
336	1
337	1
338	1
339	1
340	1
341	1
342	1
343	1
344	1
345	1
346	1
347	1
348	1
349	1
350	1
351	1
352	1
353	1
354	1
355	1
356	1
357	1
358	1
359	1
360	1
361	1
362	1
363	1
364	1
365	1
366	1
367	1
368	1
369	1
370	1
371	1
372	1
373	1
374	1
375	1
376	1
377	1
378	1
379	1
380	1
381	1
382	1
383	1
384	1
385	1
386	1
387	1
388	1
389	1
390	1
391	1
392	1
393	1
394	1
395	1
396	1
397	1
398	1
399	1
400	1
401	1
402	1
403	1
404	1
405	1
406	1
407	1
408	1
409	1
410	1
411	1
412	1
413	1
414	1
415	1
416	1
417	1
418	1
419	1
420	1
421	1
422	1
423	1
424	1
425	1
426	1
427	1
428	1
429	1
430	1
431	1
432	1
433	1
434	1
435	1
436	1
437	1
438	1
439	1
440	1
441	1
442	1
443	1
444	1
445	1
446	1
447	1
448	1
449	1
450	1
451	1
452	1
453	1
454	1
455	1
456	1
457	1
458	1
459	1
460	1
461	1
462	1
463	1
464	1
465	1
466	1
467	1
468	1
469	1
470	1
471	1
472	1
473	1
474	1
475	1
476	1
477	1
478	1
479	1
480	1
481	1
482	1
483	1
484	1
485	1
486	1
487	1
488	1
489	1
490	1
491	1
492	1
493	1
494	1
495	1
496	1
497	1
498	1
499	1
500	1
501	1
502	1
503	1
504	1
505	1
506	1
507	1
508	1
509	1
510	1
511	1
512	1
513	1
514	1
515	1
516	1
517	1
518	1
519	1
520	1
521	1
522	1
523	1
524	1
525	1
526	1
527	1
528	1
529	1
530	1
531	1
532	1
533	1
534	1
535	1
536	1
537	1
538	1
539	1
540	1
541	1
542	1
543	1
544	1
545	1
546	1
547	1
548	1
549	1
550	1
551	1
552	1
553	1
554	1
555	1
556	1
557	1
558	1
559	1
560	1
561	1
562	1
563	1
564	1
565	1
566	1
567	1
568	1
569	1
570	1
571	1
572	1
573	1
574	1
575	1
576	1
577	1
578	1
579	1
580	1
581	1
582	1
583	1
584	1
585	1
586	1
587	1
588	1
589	1
590	1
591	1
592	1
593	1
594	1
595	1
596	-1000
597	-1000
598	-1000
599	-1000
600	-1000
601	-1000
602	-1000
603	-1000
604	-1000
605	-1000
606	-1000
607	-1000
608	-1000
609	-1000
610	-1000
611	-1000
612	-1000
613	-1000
614	-1000
615	-1000
616	-1000
617	-1000
618	-1000
619	-1000
620	-1000
621	-1000
622	-1000
623	-1000
624	-1000
625	-1000
626	-1000
627	-1000
628	-1000
629	-1000
630	-1000
631	-1000
632	-1000
633	-1000
634	-1000
635	-1000
636	-1000
637	-1000
638	-1000
639	-1000
640	-1000
641	-1000
642	-1000
643	-1000
644	-1000
645	-1000
646	-1000
647	-1000
648	-1000
649	-1000
650	-1000
651	-1000
652	-1000
653	-1000
654	-1000
655	-1000
656	-1000
657	-1000
658	-1000
659	-1000
660	-1000
661	-1000
662	-1000
663	-1000
664	-1000
665	-1000
666	-1000
667	-1000
668	-1000
669	-1000
670	-1000
671	-1000
672	-1000
673	-1000
674	-1000
675	-1000
676	-1000
677	-1000
678	-1000
679	-1000
680	-1000
681	-1000
682	-1000
683	-1000
684	-1000
685	-1000
686	-1000
687	-1000
688	-1000
689	-1000
690	-1000
691	-1000
692	-1000
693	-1000
694	-1000
695	-1000
696	-1000
697	-1000
698	-1000
699	-1000
700	-1000
701	-1000
702	-1000
703	-1000
704	-1000
705	-1000
706	-1000
707	-1000
708	-1000
709	-1000
710	-1000
711	-1000
712	-1000
713	-1000
714	-1000
715	-1000
716	-1000
717	-1000
718	-1000
719	-1000
720	-1000
721	-1000
722	-1000
723	-1000
724	-1000
725	-1000
726	-1000
727	-1000
728	-1000
729	-1000
730	-1000
731	-1000
732	-1000
733	-1000
734	-1000
735	-1000
736	-1000
737	-1000
738	-1000
739	-1000
740	-1000
741	-1000
742	-1000
743	-1000
744	-1000
745	-1000
746	-1000
747	-1000
748	-1000
749	-1000
750	-1000
751	-1000
752	-1000
753	-1000
754	-1000
755	-1000
756	-1000
757	-1000
758	-1000
759	-1000
760	-1000
761	-1000
762	-1000
763	-1000
764	-1000
765	-1000
766	-1000
767	-1000
768	-1000
769	-1000
770	-1000
771	-1000
772	-1000
773	-1000
774	-1000
775	-1000
776	-1000
777	-1000
778	-1000
779	-1000
780	-1000
781	-1000
782	-1000
783	-1000
784	-1000
785	-1000
786	-1000
787	-1000
788	-1000
789	-1000
790	-1000
791	-1000
792	-1000
793	-1000
794	-1000
795	-1000
796	-1000
797	-1000
798	-1000
799	-1000
800	-1000
801	-1000
802	-1000
803	-1000
804	-1000
805	-1000
806	-1000
807	-1000
808	-1000
809	-1000
810	-1000
811	-1000
812	-1000
813	-1000
814	-1000
815	-1000
816	-1000
817	-1000
818	-1000
819	-1000
820	-1000
821	-1000
822	-1000
823	-1000
824	-1000
825	-1000
826	-1000
827	-1000
828	-1000
829	-1000
830	-1000
831	-1000
832	-1000
833	-1000
834	-1000
835	-1000
836	-1000
837	-1000
838	-1000
839	-1000
840	-1000
841	-1000
842	-1000
843	-1000
844	-1000
845	-1000
846	-1000
847	-1000
848	-1000
849	-1000
850	-1000
851	-1000
852	-1000
853	-1000
854	-1000
855	-1000
856	-1000
857	-1000
858	-1000
859	-1000
860	-1000
861	-1000
862	-1000
863	-1000
864	-1000
865	-1000
866	-1000
867	-1000
868	-1000
869	-1000
870	-1000
871	-1000
872	-1000
873	-1000
874	-1000
875	-1000
876	-1000
877	-1000
878	-1000
879	-1000
880	-1000
881	-1000
882	-1000
883	-1000
884	-1000
885	-1000
886	-1000
887	-1000
888	-1000
889	-1000
890	-1000
891	-1000
892	-1000
893	-1000
894	-1000
895	-1000
896	-1000
897	-1000
898	-1000
899	-1000
900	-1000
901	-1000
902	-1000
903	-1000
904	-1000
905	-1000
906	-1000
907	-1000
908	-1000
909	-1000
910	-1000
911	-1000
912	-1000
913	-1000
914	-1000
915	-1000
916	-1000
917	-1000
918	-1000
919	-1000
920	-1000
921	-1000
922	-1000
923	-1000
924	-1000
925	-1000
926	-1000
927	-1000
928	-1000
929	-1000
930	-1000
931	-1000
932	-1000
933	-1000
934	-1000
935	-1000
936	-1000
937	-1000
938	-1000
939	-1000
940	-1000
941	-1000
942	-1000
943	-1000
944	-1000
945	-1000
946	-1000
947	-1000
948	-1000
949	-1000
950	-1000
951	-1000
952	-1000
953	-1000
954	-1000
955	-1000
956	-1000
957	-1000
958	-1000
959	-1000
960	-1000
961	-1000
962	-1000
963	-1000
964	-1000
965	-1000
966	-1000
967	-1000
968	-1000
969	-1000
970	-1000
971	-1000
972	-1000
973	-1000
974	-1000
975	-1000
976	-1000
977	-1000
978	-1000
979	-1000
980	-1000
981	-1000
982	-1000
983	-1000
984	-1000
985	-1000
986	-1000
987	-1000
988	-1000
989	-1000
990	-1000
991	-1000
992	-1000
993	-1000
994	-1000
995	-1000
996	-1000
997	-1000
998	-1000
999	-1000
1000	-1000
1001	-1000
1002	-1000
1003	-1000
1004	-1000
1005	-1000
1006	-1000
1007	-1000
1008	-1000
1009	-1000
1010	-1000
1011	-1000
1012	-1000
1013	-1000
1014	-1000
1015	-1000
1016	-1000
1017	-1000
1018	-1000
1019	-1000
1020	-1000
1021	-1000
1022	-1000
1023	-1000
1024	-1000
1025	-1000
1026	-1000
1027	-1000
1028	-1000
1029	-1000
1030	-1000
1031	-1000
1032	-1000
1033	-1000
1034	-1000
1035	-1000
1036	-1000
1037	-1000
1038	-1000
1039	-1000
1040	-1000
1041	-1000
1042	-1000
1043	-1000
1044	-1000
1045	-1000
1046	-1000
1047	-1000
1048	-1000
1049	-1000
1050	-1000
1051	-1000
1052	-1000
1053	-1000
1054	-1000
1055	-1000
1056	-1000
1057	-1000
1058	-1000
1059	-1000
1060	-1000
1061	-1000
1062	-1000
1063	-1000
1064	-1000
1065	-1000
1066	-1000
1067	-1000
1068	-1000
1069	-1000
1070	-1000
1071	-1000
1072	-1000
1073	-1000
1074	-1000
1075	-1000
1076	-1000
1077	-1000
1078	-1000
1079	-1000
1080	-1000
1081	-1000
1082	-1000
1083	-1000
1084	-1000
1085	-1000
1086	-1000
1087	-1000
1088	-1000
1089	-1000
1090	-1000
1091	-1000
1092	-1000
1093	-1000
1094	-1000
1095	-1000
1096	-1000
1097	-1000
1098	-1000
1099	-1000
1100	-1000
1101	-1000
1102	-1000
1103	-1000
1104	-1000
1105	-1000
1106	-1000
1107	-1000
1108	-1000
1109	-1000
1110	-1000
1111	-1000
1112	-1000
1113	-1000
1114	-1000
1115	-1000
1116	-1000
1117	-1000
1118	-1000
1119	-1000
1120	-1000
1121	-1000
1122	-1000
1123	-1000
1124	-1000
1125	-1000
1126	-1000
1127	-1000
1128	-1000
1129	-1000
1130	-1000
1131	-1000
1132	-1000
1133	-1000
1134	-1000
1135	-1000
1136	-1000
1137	-1000
1138	-1000
1139	-1000
1140	-1000
1141	-1000
1142	-1000
1143	-1000
1144	-1000
1145	-1000
1146	-1000
1147	-1000
1148	-1000
1149	-1000
1150	-1000
1151	-1000
1152	-1000
1153	-1000
1154	5
1155	5
1156	5
1157	5
1158	5
1159	5
1160	5
1161	5
1162	5
1163	5
1164	5
1165	5
1166	5
1167	5
1168	5
1169	5
1170	5
1171	5
1172	5
1173	5
1174	5
1175	5
1176	5
1177	5
1178	5
1179	5
1180	5
1181	5
1182	5
1183	5
1184	5
1185	5
1186	5
1187	5
1188	5
1189	5
1190	5
1191	5
1192	5
1193	5
1194	5
1195	5
1196	5
1197	5
1198	5
1199	5
1200	5
1201	5
1202	5
1203	5
1204	5
1205	5
1206	5
1207	5
1208	5
1209	5
1210	5
1211	5
1212	5
1213	5
1214	5
1215	5
1216	5
1217	5
1218	5
1219	5
1220	5
1221	5
1222	5
1223	5
1224	5
1225	5
1226	5
1227	5
1228	5
1229	5
1230	5
1231	5
1232	5
1233	5
1234	5
1235	5
1236	5
1237	5
1238	5
1239	5
1240	5
1241	5
1242	5
1243	5
1244	5
1245	5
1246	5
1247	5
1248	5
1249	5
1250	5
1251	5
1252	5
1253	5
1254	5
1255	5
1256	5
1257	5
1258	5
1259	5
1260	5
1261	5
1262	5
1263	5
1264	5
1265	5
1266	5
1267	5
1268	5
1269	5
1270	5
1271	5
1272	5
1273	5
1274	5
1275	5
1276	5
1277	5
1278	5
1279	5
1280	5
1281	5
1282	5
1283	5
1284	5
1285	5
1286	5
1287	5
1288	5
1289	5
1290	5
1291	5
1292	5
1293	5
1294	5
1295	5
1296	5
1297	5
1298	5
1299	5
1300	5
1301	5
1302	5
1303	5
1304	5
1305	5
1306	5
1307	5
1308	5
1309	5
1310	5
1311	5
1312	5
1313	5
1314	5
1315	5
1316	5
1317	5
1318	5
1319	5
1320	5
1321	5
1322	5
1323	5
1324	5
1325	5
1326	5
1327	5
1328	5
1329	5
1330	5
1331	5
1332	5
1333	5
1334	5
1335	5
1336	5
1337	5
1338	5
1339	5
1340	5
1341	5
1342	5
1343	5
1344	5
1345	5
1346	5
1347	5
1348	5
1349	5
1350	5
1351	5
1352	5
1353	5
1354	5
1355	5
1356	5
1357	5
1358	5
1359	5
1360	5
1361	5
1362	5
1363	5
1364	5
1365	5
1366	5
1367	5
1368	5
1369	5
1370	5
1371	5
1372	5
1373	5
1374	5
1375	5
1376	5
1377	5
1378	5
1379	5
1380	5
1381	5
1382	5
1383	5
1384	5
1385	5
1386	5
1387	5
1388	5
1389	5
1390	5
1391	5
1392	5
1393	5
1394	5
1395	5
1396	5
1397	5
1398	5
1399	5
1400	5
1401	5
1402	5
1403	5
1404	5
1405	5
1406	5
1407	5
1408	5
1409	5
1410	5
1411	5
1412	5
1413	5
1414	5
1415	5
1416	5
1417	5
1418	5
1419	5
1420	5
1421	5
1422	5
1423	5
1424	5
1425	5
1426	5
1427	5
1428	5
1429	5
1430	5
1431	5
1432	5
1433	5
1434	5
1435	5
1436	5
1437	5
1438	5
1439	5
1440	5
1441	5
1442	5
1443	5
1444	5
1445	5
1446	5
1447	5
1448	5
1449	5
1450	5
1451	5
1452	5
1453	5
1454	5
1455	5
1456	5
1457	5
1458	5
1459	5
1460	5
1461	5
1462	5
1463	5
1464	5
1465	5
1466	5
1467	5
1468	5
1469	5
1470	5
1471	5
1472	5
1473	5
1474	5
1475	5
1476	5
1477	5
1478	5
1479	5
1480	5
1481	5
1482	5
1483	5
1484	5
1485	5
1486	5
1487	5
1488	5
1489	5
1490	5
1491	5
1492	5
1493	5
1494	5
1495	5
1496	5
1497	5
1498	5
1499	5
1500	5
1501	5
1502	5
1503	5
1504	5
1505	5
1506	5
1507	5
1508	5
1509	5
1510	5
1511	5
1512	5
1513	5
1514	5
1515	5
1516	5
1517	5
1518	5
1519	5
1520	5
1521	5
1522	5
1523	5
1524	5
1525	5
1526	5
1527	5
1528	5
1529	5
1530	5
1531	5
1532	5
1533	5
1534	5
1535	5
1536	5
1537	5
1538	5
1539	5
1540	5
1541	5
1542	5
1543	5
1544	5
1545	5
1546	5
1547	5
1548	5
1549	5
1550	5
1551	5
1552	5
1553	5
1554	5
1555	5
1556	5
1557	5
1558	5
1559	5
1560	5
1561	5
1562	5
1563	5
1564	5
1565	5
1566	5
1567	5
1568	5
1569	5
1570	5
1571	5
1572	5
1573	5
1574	5
1575	5
1576	5
1577	5
1578	5
1579	5
1580	5
1581	5
1582	5
1583	5
1584	5
1585	5
1586	5
1587	5
1588	5
1589	5
1590	5
1591	5
1592	5
1593	5
1594	5
1595	5
1596	5
1597	5
1598	5
1599	5
1600	5
1601	5
1602	5
1603	5
1604	5
1605	5
1606	5
1607	5
1608	5
1609	5
1610	5
1611	5
1612	5
1613	5
1614	5
1615	5
1616	5
1617	5
1618	5
1619	5
1620	5
1621	5
1622	5
1623	5
1624	5
1625	5
1626	5
1627	5
1628	5
1629	5
1630	5
1631	5
1632	5
1633	5
1634	5
1635	5
1636	5
1637	5
1638	5
1639	5
1640	5
1641	5
1642	5
1643	5
1644	5
1645	5
1646	5
1647	5
1648	5
1649	5
1650	5
1651	5
1652	5
1653	5
1654	5
1655	5
1656	5
1657	5
1658	5
1659	5
1660	5
1661	5
1662	5
1663	5
1664	5
1665	5
1666	5
1667	5
1668	5
1669	5
1670	5
1671	5
1672	5
1673	5
1674	5
1675	5
1676	5
1677	5
1678	5
1679	5
1680	5
1681	5
1682	5
1683	5
1684	5
1685	5
1686	5
1687	5
1688	5
1689	5
1690	5
1691	5
1692	5
1693	5
1694	5
1695	5
1696	5
1697	5
1698	5
1699	5
1700	5
1701	5
1702	5
1703	5
1704	5
1705	5
1706	5
1707	5
1708	5
1709	5
1710	5
1711	5
1712	5
1713	5
1714	5
1715	5
1716	5
1717	5
1718	5
1719	5
1720	5
1721	5
1722	5
1723	5
1724	5
1725	5
1726	5
1727	5
1728	5
1729	5
1730	5
1731	5
1732	5
1733	5
1734	5
1735	5
1736	5
1737	5
1738	5
1739	5
1740	5
1741	5
1742	5
1743	5
1744	5
1745	5
1746	5
1747	5
1748	5
1749	5
1750	5
1751	5
1752	5
1753	5
1754	5
1755	5
1756	5
1757	5
1758	5
1759	5
1760	5
1761	5
1762	5
1763	5
1764	5
1765	5
1766	5
1767	5
1768	5
1769	5
1770	5
1771	5
1772	5
1773	5
1774	5
1775	5
1776	5
1777	5
1778	5
1779	5
1780	5
1781	5
1782	5
1783	5
1784	5
1785	5
1786	5
1787	5
1788	5
1789	5
1790	5
1791	5
1792	5
1793	5
1794	5
1795	5
1796	5
1797	5
1798	5
1799	5
1800	5
1801	5
1802	5
1803	5
1804	5
1805	5
1806	5
1807	5
1808	5
1809	5
1810	5
1811	5
1812	5
1813	5
1814	5
1815	5
1816	5
1817	5
1818	5
1819	5
1820	5
1821	5
1822	5
1823	5
1824	5
1825	5
1826	5
1827	5
1828	5
1829	5
1830	5
1831	5
1832	5
1833	5
1834	5
1835	5
1836	5
1837	5
1838	5
1839	5
1840	5
1841	5
1842	5
1843	5
1844	5
1845	5
1846	5
1847	5
1848	5
1849	5
1850	5
1851	5
1852	5
1853	5
1854	5
1855	5
1856	5
1857	5
1858	5
1859	5
1860	5
1861	5
1862	5
1863	5
1864	5
1865	5
1866	5
1867	5
1868	5
1869	5
1870	5
1871	5
1872	5
1873	5
1874	5
1875	5
1876	5
1877	5
1878	5
1879	5
1880	5
1881	5
1882	5
1883	5
1884	5
1885	5
1886	5
1887	5
1888	5
1889	5
1890	5
1891	5
1892	5
1893	5
1894	5
1895	5
1896	5
1897	5
1898	5
1899	5
1900	5
1901	5
1902	5
1903	-1000
1904	-1000
1905	-1000
1906	-1000
1907	-1000
1908	-1000
1909	-1000
1910	-1000
1911	-1000
1912	-1000
1913	-1000
1914	-1000
1915	-1000
1916	-1000
1917	-1000
1918	-1000
1919	-1000
1920	-1000
1921	-1000
1922	-1000
1923	-1000
1924	-1000
1925	-1000
1926	-1000
1927	-1000
1928	-1000
1929	-1000
1930	-1000
1931	-1000
1932	-1000
1933	-1000
1934	-1000
1935	-1000
1936	-1000
1937	-1000
1938	-1000
1939	-1000
1940	-1000
1941	-1000
1942	-1000
1943	-1000
1944	-1000
1945	-1000
1946	-1000
1947	-1000
1948	-1000
1949	-1000
1950	-1000
1951	-1000
1952	-1000
1953	-1000
1954	-1000
1955	-1000
1956	-1000
1957	-1000
1958	-1000
1959	-1000
1960	-1000
1961	-1000
1962	-1000
1963	-1000
1964	-1000
1965	-1000
1966	-1000
1967	-1000
1968	-1000
1969	-1000
1970	-1000
1971	-1000
1972	-1000
1973	-1000
1974	-1000
1975	-1000
1976	-1000
1977	-1000
1978	-1000
1979	-1000
1980	-1000
1981	-1000
1982	-1000
1983	-1000
1984	-1000
1985	-1000
1986	-1000
1987	-1000
1988	-1000
1989	-1000
1990	-1000
1991	-1000
1992	-1000
1993	-1000
1994	-1000
1995	-1000
1996	-1000
1997	-1000
1998	-1000
1999	-1000
2000	-1000
2001	-1000
2002	-1000
2003	-1000
2004	-1000
2005	-1000
2006	-1000
2007	-1000
2008	-1000
2009	-1000
2010	-1000
2011	-1000
2012	-1000
2013	-1000
2014	-1000
2015	-1000
2016	-1000
2017	-1000
2018	-1000
2019	-1000
2020	-1000
2021	-1000
2022	-1000
2023	-1000
2024	-1000
2025	-1000
2026	-1000
2027	-1000
2028	-1000
2029	-1000
2030	-1000
2031	-1000
2032	-1000
2033	-1000
2034	-1000
2035	-1000
2036	-1000
2037	-1000
2038	-1000
2039	-1000
2040	-1000
2041	-1000
2042	-1000
2043	-1000
2044	-1000
2045	-1000
2046	-1000
2047	-1000
2048	-1000
2049	-1000
2050	-1000
2051	-1000
2052	-1000
2053	-1000
2054	-1000
2055	-1000
2056	-1000
2057	-1000
2058	-1000
2059	-1000
2060	-1000
2061	-1000
2062	-1000
2063	-1000
2064	-1000
2065	-1000
2066	-1000
2067	-1000
2068	-1000
2069	-1000
2070	-1000
2071	-1000
2072	-1000
2073	-1000
2074	-1000
2075	-1000
2076	-1000
2077	-1000
2078	-1000
2079	-1000
2080	-1000
2081	-1000
2082	-1000
2083	-1000
2084	-1000
2085	-1000
2086	-1000
2087	-1000
2088	-1000
2089	-1000
2090	-1000
2091	-1000
2092	-1000
2093	-1000
2094	-1000
2095	-1000
2096	-1000
2097	-1000
2098	-1000
2099	-1000
2100	-1000
2101	-1000
2102	-1000
2103	-1000
2104	-1000
2105	-1000
2106	-1000
2107	-1000
2108	-1000
2109	-1000
2110	-1000
2111	-1000
2112	-1000
2113	-1000
2114	-1000
2115	-1000
2116	-1000
2117	-1000
2118	-1000
2119	-1000
2120	-1000
2121	-1000
2122	-1000
2123	-1000
2124	-1000
2125	-1000
2126	-1000
2127	-1000
2128	-1000
2129	-1000
2130	-1000
2131	-1000
2132	-1000
2133	-1000
2134	-1000
2135	-1000
2136	-1000
2137	-1000
2138	-1000
2139	-1000
2140	-1000
2141	-1000
2142	-1000
2143	-1000
2144	-1000
2145	-1000
2146	-1000
2147	-1000
2148	-1000
2149	-1000
2150	-1000
2151	-1000
2152	-1000
2153	-1000
2154	-1000
2155	-1000
2156	-1000
2157	-1000
2158	-1000
2159	-1000
2160	-1000
2161	-1000
2162	-1000
2163	-1000
2164	-1000
2165	-1000
2166	-1000
2167	-1000
2168	-1000
2169	-1000
2170	-1000
2171	-1000
2172	-1000
2173	-1000
2174	-1000
2175	-1000
2176	-1000
2177	-1000
2178	-1000
2179	-1000
2180	-1000
2181	-1000
2182	-1000
2183	-1000
2184	-1000
2185	-1000
2186	-1000
2187	-1000
2188	-1000
2189	-1000
2190	-1000
2191	-1000
2192	-1000
2193	-1000
2194	-1000
2195	-1000
2196	-1000
2197	-1000
2198	-1000
2199	-1000
2200	-1000
2201	-1000
2202	-1000
2203	-1000
2204	-1000
2205	-1000
2206	-1000
2207	-1000
2208	-1000
2209	-1000
2210	-1000
2211	-1000
2212	-1000
2213	-1000
2214	-1000
2215	-1000
2216	-1000
2217	-1000
2218	-1000
2219	-1000
2220	-1000
2221	-1000
2222	-1000
2223	-1000
2224	-1000
2225	-1000
2226	-1000
2227	-1000
2228	-1000
2229	-1000
2230	-1000
2231	-1000
2232	-1000
2233	-1000
2234	-1000
2235	-1000
2236	-1000
2237	-1000
2238	-1000
2239	-1000
2240	-1000
2241	-1000
2242	-1000
2243	-1000
2244	-1000
2245	-1000
2246	-1000
2247	-1000
2248	-1000
2249	-1000
2250	-1000
2251	-1000
2252	-1000
2253	-1000
2254	-1000
2255	-1000
2256	-1000
2257	-1000
2258	-1000
2259	-1000
2260	-1000
2261	-1000
2262	-1000
2263	-1000
2264	-1000
2265	-1000
2266	-1000
2267	-1000
2268	-1000
2269	-1000
2270	-1000
2271	-1000
2272	-1000
2273	-1000
2274	-1000
2275	-1000
2276	-1000
2277	-1000
2278	-1000
2279	-1000
2280	-1000
2281	-1000
2282	-1000
2283	-1000
2284	-1000
2285	-1000
2286	-1000
2287	-1000
2288	-1000
2289	-1000
2290	-1000
2291	-1000
2292	-1000
2293	-1000
2294	-1000
2295	-1000
2296	-1000
2297	-1000
2298	-1000
2299	-1000
2300	-1000
2301	-1000
2302	-1000
2303	-1000
2304	-1000
2305	-1000
2306	-1000
2307	-1000
2308	-1000
2309	-1000
2310	-1000
2311	-1000
2312	-1000
2313	-1000
2314	-1000
2315	-1000
2316	-1000
2317	-1000
2318	-1000
2319	-1000
2320	-1000
2321	-1000
2322	-1000
2323	-1000
2324	-1000
2325	-1000
2326	-1000
2327	-1000
2328	-1000
2329	-1000
2330	-1000
2331	-1000
2332	-1000
2333	-1000
2334	-1000
2335	-1000
2336	-1000
2337	-1000
2338	-1000
2339	-1000
2340	-1000
2341	-1000
2342	-1000
2343	-1000
2344	-1000
2345	-1000
2346	-1000
2347	-1000
2348	-1000
2349	-1000
2350	-1000
2351	-1000
2352	-1000
2353	-1000
2354	-1000
2355	-1000
2356	-1000
2357	-1000
2358	-1000
2359	-1000
2360	-1000
2361	-1000
2362	-1000
2363	-1000
2364	-1000
2365	-1000
2366	-1000
2367	-1000
2368	-1000
2369	-1000
2370	-1000
2371	-1000
2372	-1000
2373	-1000
2374	-1000
2375	-1000
2376	-1000
2377	-1000
2378	-1000
2379	-1000
2380	-1000
2381	-1000
2382	-1000
2383	-1000
2384	-1000
2385	-1000
2386	-1000
2387	-1000
2388	-1000
2389	-1000
2390	-1000
2391	-1000
2392	-1000
2393	3
2394	3
2395	3
2396	3
2397	3
2398	3
2399	3
2400	3
2401	3
2402	3
2403	3
2404	3
2405	3
2406	3
2407	3
2408	3
2409	3
2410	3
2411	3
2412	3
2413	3
2414	3
2415	3
2416	3
2417	3
2418	3
2419	3
2420	3
2421	3
2422	3
2423	3
2424	3
2425	3
2426	3
2427	3
2428	3
2429	3
2430	3
2431	3
2432	3
2433	3
2434	3
2435	3
2436	3
2437	3
2438	3
2439	3
2440	3
2441	3
2442	3
2443	3
2444	3
2445	3
2446	3
2447	3
2448	3
2449	3
2450	3
2451	3
2452	3
2453	3
2454	3
2455	3
2456	3
2457	3
2458	3
2459	3
2460	3
2461	3
2462	3
2463	3
2464	3
2465	3
2466	3
2467	3
2468	3
2469	3
2470	3
2471	3
2472	3
2473	3
2474	3
2475	3
2476	3
2477	3
2478	3
2479	3
2480	3
2481	3
2482	3
2483	3
2484	3
2485	3
2486	3
2487	3
2488	3
2489	3
2490	3
2491	3
2492	3
2493	3
2494	3
2495	3
2496	3
2497	3
2498	3
2499	3
2500	3
2501	3
2502	3
2503	3
2504	3
2505	3
2506	3
2507	3
2508	3
2509	3
2510	3
2511	3
2512	3
2513	3
2514	3
2515	3
2516	3
2517	3
2518	3
2519	3
2520	3
2521	3
2522	3
2523	3
2524	3
2525	3
2526	3
2527	3
2528	3
2529	3
2530	3
2531	3
2532	3
2533	3
2534	3
2535	3
2536	3
2537	3
2538	3
2539	3
2540	3
2541	3
2542	3
2543	3
2544	3
2545	3
2546	3
2547	3
2548	3
2549	3
2550	3
2551	3
2552	3
2553	3
2554	3
2555	3
2556	3
2557	3
2558	3
2559	3
2560	3
2561	3
2562	3
2563	3
2564	3
2565	3
2566	3
2567	3
2568	3
2569	3
2570	3
2571	3
2572	3
2573	3
2574	3
2575	3
2576	3
2577	3
2578	3
2579	3
2580	3
2581	3
2582	3
2583	3
2584	3
2585	3
2586	3
2587	3
2588	3
2589	3
2590	3
2591	3
2592	3
2593	3
2594	3
2595	3
2596	3
2597	3
2598	3
2599	3
2600	3
2601	3
2602	3
2603	3
2604	3
2605	3
2606	3
2607	3
2608	3
2609	3
2610	3
2611	3
2612	3
2613	3
2614	3
2615	3
2616	3
2617	3
2618	3
2619	3
2620	3
2621	3
2622	3
2623	3
2624	3
2625	3
2626	3
2627	3
2628	3
2629	3
2630	3
2631	3
2632	3
2633	3
2634	3
2635	3
2636	3
2637	3
2638	3
2639	3
2640	3
2641	3
2642	3
2643	3
2644	3
2645	3
2646	3
2647	3
2648	3
2649	3
2650	3
2651	3
2652	3
2653	3
2654	3
2655	3
2656	3
2657	3
2658	3
2659	3
2660	3
2661	3
2662	3
2663	3
2664	3
2665	3
2666	3
2667	3
2668	3
2669	3
2670	3
2671	3
2672	3
2673	3
2674	3
2675	3
2676	3
2677	3
2678	3
2679	3
2680	3
2681	3
2682	3
2683	3
2684	3
2685	3
2686	3
2687	3
2688	3
2689	3
2690	3
2691	3
2692	3
2693	3
2694	3
2695	3
2696	3
2697	3
2698	3
2699	3
2700	3
2701	3
2702	3
2703	3
2704	3
2705	3
2706	3
2707	3
2708	3
2709	3
2710	3
2711	3
2712	3
2713	3
2714	3
2715	3
2716	3
2717	3
2718	3
2719	3
2720	3
2721	3
2722	3
2723	3
2724	3
2725	3
2726	3
2727	3
2728	3
2729	3
2730	3
2731	3
2732	3
2733	3
2734	3
2735	3
2736	3
2737	3
2738	3
2739	3
2740	3
2741	3
2742	3
2743	3
2744	3
2745	3
2746	3
2747	3
2748	3
2749	3
2750	3
2751	3
2752	3
2753	3
2754	3
2755	3
2756	3
2757	3
2758	3
2759	3
2760	3
2761	3
2762	3
2763	3
2764	3
2765	3
2766	3
2767	3
2768	3
2769	3
2770	3
2771	3
2772	3
2773	3
2774	3
2775	3
2776	3
2777	3
2778	3
2779	3
2780	3
2781	3
2782	3
2783	3
2784	3
2785	3
2786	3
2787	3
2788	3
2789	3
2790	3
2791	3
2792	3
2793	3
2794	3
2795	3
2796	3
2797	3
2798	3
2799	3
2800	3
2801	3
2802	3
2803	2
2804	2
2805	2
2806	2
2807	2
2808	2
2809	2
2810	2
2811	2
2812	2
2813	2
2814	2
2815	2
2816	2
2817	2
2818	2
2819	2
2820	2
2821	2
2822	2
2823	2
2824	2
2825	2
2826	2
2827	2
2828	2
2829	2
2830	2
2831	2
2832	2
2833	2
2834	2
2835	2
2836	2
2837	2
2838	2
2839	2
2840	2
2841	2
2842	2
2843	2
2844	2
2845	2
2846	2
2847	2
2848	2
2849	2
2850	2
2851	2
2852	2
2853	2
2854	2
2855	2
2856	2
2857	2
2858	2
2859	2
2860	2
2861	2
2862	2
2863	2
2864	2
2865	2
2866	2
2867	2
2868	2
2869	2
2870	2
2871	2
2872	2
2873	2
2874	2
2875	2
2876	2
2877	2
2878	2
2879	2
2880	2
2881	2
2882	2
2883	2
2884	2
2885	2
2886	2
2887	2
2888	2
2889	2
2890	2
2891	2
2892	2
2893	2
2894	2
2895	2
2896	2
2897	2
2898	2
2899	2
2900	2
2901	2
2902	2
2903	2
2904	2
2905	2
2906	2
2907	2
2908	2
2909	2
2910	2
2911	2
2912	2
2913	2
2914	2
2915	2
2916	2
2917	2
2918	2
2919	2
2920	2
2921	2
2922	2
2923	2
2924	2
2925	2
2926	2
2927	2
2928	2
2929	2
2930	2
2931	2
2932	2
2933	2
2934	2
2935	2
2936	2
2937	2
2938	2
2939	2
2940	2
2941	2
2942	2
2943	2
2944	2
2945	2
2946	2
2947	2
2948	2
2949	2
2950	2
2951	2
2952	2
2953	2
2954	2
2955	2
2956	2
2957	2
2958	2
2959	2
2960	2
2961	2
2962	2
2963	2
2964	2
2965	2
2966	2
2967	2
2968	2
2969	2
2970	2
2971	2
2972	2
2973	2
2974	2
2975	2
2976	2
2977	2
2978	2
2979	2
2980	2
2981	2
2982	2
2983	2
2984	2
2985	2
2986	2
2987	2
2988	2
2989	2
2990	2
2991	2
2992	2
2993	2
2994	2
2995	2
2996	2
2997	2
2998	2
2999	2
3000	2
3001	2
3002	2
3003	2
3004	2
3005	2
3006	2
3007	2
3008	2
3009	2
3010	2
3011	2
3012	2
3013	2
3014	2
3015	2
3016	2
3017	2
3018	2
3019	2
3020	2
3021	2
3022	2
3023	2
3024	2
3025	2
3026	2
3027	2
3028	2
3029	2
3030	2
3031	2
3032	2
3033	2
3034	2
3035	2
3036	2
3037	2
3038	2
3039	2
3040	2
3041	2
3042	2
3043	2
3044	2
3045	2
3046	2
3047	2
3048	2
3049	2
3050	2
3051	2
3052	2
3053	2
3054	2
3055	2
3056	2
3057	2
3058	2
3059	2
3060	2
3061	2
3062	2
3063	2
3064	2
3065	2
3066	2
3067	2
3068	2
3069	2
3070	2
3071	2
3072	2
3073	2
3074	2
3075	2
3076	2
3077	2
3078	2
3079	2
3080	2
3081	2
3082	2
3083	2
3084	2
3085	2
3086	2
3087	2
3088	2
3089	2
3090	2
3091	2
3092	2
3093	2
3094	2
3095	2
3096	2
3097	2
3098	2
3099	2
3100	2
3101	2
3102	2
3103	2
3104	2
3105	2
3106	2
3107	2
3108	2
3109	2
3110	2
3111	2
3112	2
3113	2
3114	2
3115	2
3116	2
3117	2
3118	2
3119	2
3120	2
3121	2
3122	2
3123	2
3124	2
3125	2
3126	2
3127	2
3128	2
3129	2
3130	2
3131	2
3132	2
3133	2
3134	2
3135	2
3136	2
3137	2
3138	2
3139	2
3140	2
3141	2
3142	2
3143	2
3144	2
3145	2
3146	2
3147	2
3148	2
3149	2
3150	2
3151	2
3152	2
3153	2
3154	2
3155	2
3156	2
3157	2
3158	2
3159	2
3160	2
3161	2
3162	2
3163	2
3164	2
3165	2
3166	2
3167	2
3168	2
3169	2
3170	2
3171	2
3172	2
3173	2
3174	2
3175	2
3176	2
3177	2
3178	2
3179	2
3180	2
3181	2
3182	2
3183	2
3184	2
3185	2
3186	2
3187	2
3188	2
3189	2
3190	2
3191	2
3192	2
3193	2
3194	2
3195	2
3196	2
3197	2
3198	2
3199	2
3200	2
3201	2
3202	2
3203	2
3204	2
3205	2
3206	2
3207	2
3208	2
3209	2
3210	2
3211	2
3212	2
3213	2
3214	2
3215	2
3216	2
3217	2
3218	2
3219	2
3220	2
3221	2
3222	2
3223	2
3224	2
3225	2
3226	2
3227	2
3228	2
3229	2
3230	2
3231	2
3232	2
3233	2
3234	2
3235	2
3236	2
3237	2
3238	2
3239	2
3240	2
3241	2
3242	2
3243	2
3244	2
3245	2
3246	2
3247	2
3248	2
3249	2
3250	2
3251	2
3252	2
3253	2
3254	2
3255	2
3256	2
3257	2
3258	2
3259	2
3260	2
3261	2
3262	2
3263	2
3264	2
3265	2
3266	2
3267	2
3268	2
3269	2
3270	2
3271	2
3272	2
3273	2
3274	2
3275	2
3276	2
3277	2
3278	2
3279	2
3280	2
3281	2
3282	2
3283	2
3284	2
3285	2
3286	2
3287	2
3288	2
3289	2
3290	2
3291	2
3292	2
3293	2
3294	2
3295	2
3296	2
3297	2
3298	2
3299	2
3300	2
3301	2
3302	2
3303	2
3304	2
3305	2
3306	2
3307	2
3308	2
3309	2
3310	2
3311	2
3312	2
3313	2
3314	2
3315	2
3316	2
3317	2
3318	2
3319	2
3320	2
3321	2
3322	2
3323	2
3324	2
3325	2
3326	2
3327	2
3328	2
3329	2
3330	2
3331	2
3332	2
3333	2
3334	2
3335	2
3336	2
3337	2
3338	2
3339	2
3340	2
3341	2
3342	2
3343	2
3344	2
3345	2
3346	2
3347	2
3348	2
3349	2
3350	2
3351	2
3352	2
3353	2
3354	2
3355	2
3356	2
3357	2
3358	2
3359	2
3360	2
3361	2
3362	2
3363	2
3364	2
3365	2
3366	2
3367	2
3368	2
3369	2
3370	2
3371	2
3372	2
3373	2
3374	3
3375	3
3376	3
3377	3
3378	3
3379	3
3380	3
3381	3
3382	3
3383	3
3384	3
3385	3
3386	3
3387	3
3388	3
3389	3
3390	3
3391	3
3392	3
3393	3
3394	3
3395	3
3396	3
3397	3
3398	3
3399	3
3400	3
3401	3
3402	3
3403	3
3404	3
3405	3
3406	3
3407	3
3408	3
3409	3
3410	3
3411	3
3412	3
3413	3
3414	3
3415	3
3416	3
3417	3
3418	3
3419	3
3420	3
3421	3
3422	3
3423	3
3424	3
3425	3
3426	3
3427	3
3428	3
3429	3
3430	3
3431	3
3432	3
3433	3
3434	3
3435	3
3436	3
3437	3
3438	3
3439	3
3440	3
3441	3
3442	3
3443	3
3444	3
3445	3
3446	3
3447	3
3448	3
3449	3
3450	3
3451	3
3452	3
3453	3
3454	3
3455	3
3456	3
3457	3
3458	3
3459	3
3460	3
3461	3
3462	3
3463	3
3464	3
3465	3
3466	3
3467	3
3468	3
3469	3
3470	3
3471	3
3472	3
3473	3
3474	3
3475	3
3476	3
3477	3
3478	3
3479	3
3480	3
3481	3
3482	3
3483	3
3484	3
3485	3
3486	3
3487	3
3488	3
3489	3
3490	3
3491	3
3492	3
3493	3
3494	3
3495	3
3496	3
3497	3
3498	3
3499	3
3500	3
3501	3
3502	3
3503	3
3504	3
3505	3
3506	3
3507	3
3508	3
3509	3
3510	3
3511	3
3512	3
3513	3
3514	3
3515	3
3516	3
3517	3
3518	3
3519	3
3520	3
3521	3
3522	3
3523	3
3524	3
3525	3
3526	3
3527	3
3528	3
3529	3
3530	3
3531	3
3532	3
3533	3
3534	3
3535	3
3536	3
3537	3
3538	3
3539	3
3540	3
3541	3
3542	3
3543	3
3544	3
3545	3
3546	3
3547	3
3548	3
3549	3
3550	3
3551	3
3552	3
3553	3
3554	3
3555	3
3556	3
3557	3
3558	3
3559	3
3560	3
3561	3
3562	3
3563	3
3564	3
3565	3
3566	3
3567	3
3568	3
3569	3
3570	3
3571	3
3572	3
3573	3
3574	3
3575	3
3576	3
3577	3
3578	3
3579	3
3580	3
3581	3
3582	3
3583	3
3584	3
3585	3
3586	3
3587	3
3588	3
3589	3
3590	3
3591	3
3592	3
3593	3
3594	3
3595	3
3596	3
3597	3
3598	3
3599	3
3600	3
3601	3
3602	3
3603	3
3604	3
3605	3
3606	3
3607	3
3608	3
3609	3
3610	3
3611	3
3612	3
3613	3
3614	3
3615	3
3616	3
3617	3
3618	3
3619	3
3620	3
3621	3
3622	3
3623	3
3624	3
3625	3
3626	3
3627	3
3628	3
3629	3
3630	3
3631	3
3632	3
3633	3
3634	3
3635	3
3636	3
3637	3
3638	3
3639	3
3640	3
3641	3
3642	3
3643	3
3644	3
3645	3
3646	3
3647	3
3648	3
3649	3
3650	3
3651	3
3652	3
3653	3
3654	3
3655	3
3656	3
3657	3
3658	3
3659	3
3660	3
3661	3
3662	3
3663	3
3664	3
3665	3
3666	3
3667	3
3668	3
3669	3
3670	3
3671	3
3672	3
3673	3
3674	3
3675	3
3676	3
3677	3
3678	3
3679	3
3680	3
3681	3
3682	3
3683	3
3684	3
3685	3
3686	3
3687	3
3688	3
3689	3
3690	3
3691	3
3692	3
3693	3
3694	3
3695	3
3696	3
3697	3
3698	3
3699	3
3700	3
3701	3
3702	3
3703	3
3704	3
3705	3
3706	3
3707	3
3708	3
3709	3
3710	3
3711	3
3712	3
3713	3
3714	3
3715	3
3716	3
3717	3
3718	3
3719	3
3720	3
3721	3
3722	3
3723	3
3724	3
3725	3
3726	3
3727	3
3728	3
3729	3
3730	3
3731	3
3732	3
3733	3
3734	3
3735	3
3736	3
3737	3
3738	3
3739	3
3740	3
3741	3
3742	3
3743	3
3744	3
3745	3
3746	3
3747	3
3748	3
3749	3
3750	3
3751	3
3752	3
3753	3
3754	3
3755	3
3756	3
3757	3
3758	3
3759	3
3760	3
3761	3
3762	3
3763	3
3764	3
3765	3
3766	3
3767	3
3768	3
3769	3
3770	3
3771	3
3772	3
3773	3
3774	3
3775	3
3776	3
3777	3
3778	3
3779	3
3780	3
3781	3
3782	3
3783	3
3784	3
3785	3
3786	3
3787	3
3788	3
3789	3
3790	3
3791	3
3792	3
3793	3
3794	3
3795	3
3796	3
3797	3
3798	3
3799	3
3800	3
3801	3
3802	3
3803	3
3804	3
3805	3
3806	3
3807	3
3808	3
3809	3
3810	3
3811	3
3812	3
3813	3
3814	3
3815	3
3816	3
3817	3
3818	3
3819	3
3820	3
3821	3
3822	3
3823	3
3824	3
3825	3
3826	3
3827	3
3828	3
3829	3
3830	3
3831	3
3832	3
3833	3
3834	3
3835	3
3836	3
3837	3
3838	3
3839	3
3840	3
3841	3
3842	3
3843	3
3844	3
3845	3
3846	3
3847	3
3848	3
3849	3
3850	3
3851	3
3852	3
3853	3
3854	3
3855	3
3856	3
3857	3
3858	3
3859	3
3860	3
3861	3
3862	3
3863	3
3864	3
3865	3
3866	3
3867	3
3868	3
3869	3
3870	3
3871	3
3872	3
3873	3
3874	3
3875	3
3876	3
3877	3
3878	3
3879	3
3880	3
3881	3
3882	3
3883	3
3884	3
3885	3
3886	3
3887	3
3888	3
3889	3
3890	3
3891	3
3892	3
3893	3
3894	3
3895	3
3896	3
3897	3
3898	3
3899	3
3900	3
3901	3
3902	3
3903	3
3904	3
3905	3
3906	3
3907	3
3908	3
3909	3
3910	3
3911	3
3912	3
3913	3
3914	3
3915	3
3916	3
3917	3
3918	3
3919	3
3920	3
3921	3
3922	3
3923	3
3924	3
3925	3
3926	3
3927	3
3928	3
3929	3
3930	3
3931	3
3932	3
3933	3
3934	3
3935	3
3936	3
3937	3
3938	3
3939	3
3940	3
3941	3
3942	3
3943	3
3944	-1000
3945	7
3946	7
3947	7
3948	7
3949	7
3950	7
3951	7
3952	7
3953	7
3954	7
3955	7
3956	7
3957	7
3958	7
3959	7
3960	7
3961	7
3962	7
3963	7
3964	7
3965	7
3966	7
3967	7
3968	7
3969	7
3970	7
3971	7
3972	7
3973	7
3974	7
3975	7
3976	7
3977	7
3978	7
3979	7
3980	7
3981	7
3982	7
3983	7
3984	7
3985	7
3986	7
3987	7
3988	7
3989	7
3990	7
3991	7
3992	7
3993	7
3994	7
3995	7
3996	7
3997	7
3998	7
3999	7
4000	7
4001	7
4002	7
4003	7
4004	7
4005	7
4006	7
4007	7
4008	7
4009	7
4010	7
4011	7
4012	7
4013	7
4014	7
4015	7
4016	7
4017	7
4018	7
4019	7
4020	7
4021	7
4022	7
4023	7
4024	7
4025	7
4026	7
4027	7
4028	7
4029	7
4030	7
4031	7
4032	7
4033	7
4034	7
4035	7
4036	7
4037	7
4038	7
4039	7
4040	7
4041	7
4042	7
4043	7
4044	7
4045	7
4046	7
4047	7
4048	7
4049	7
4050	7
4051	7
4052	7
4053	7
4054	7
4055	7
4056	7
4057	7
4058	7
4059	7
4060	7
4061	7
4062	7
4063	7
4064	7
4065	7
4066	7
4067	7
4068	7
4069	7
4070	7
4071	7
4072	7
4073	7
4074	7
4075	7
4076	7
4077	7
4078	7
4079	7
4080	7
4081	7
4082	7
4083	7
4084	7
4085	7
4086	7
4087	7
4088	7
4089	7
4090	7
4091	7
4092	7
4093	7
4094	7
4095	7
4096	7
4097	7
4098	7
4099	7
4100	7
4101	7
4102	7
4103	7
4104	7
4105	7
4106	7
4107	7
4108	7
4109	7
4110	7
4111	7
4112	7
4113	7
4114	7
4115	7
4116	7
4117	7
4118	7
4119	7
4120	7
4121	7
4122	7
4123	7
4124	7
4125	7
4126	7
4127	7
4128	7
4129	7
4130	7
4131	7
4132	7
4133	7
4134	7
4135	7
4136	7
4137	7
4138	7
4139	7
4140	7
4141	7
4142	7
4143	7
4144	7
4145	7
4146	7
4147	7
4148	7
4149	7
4150	7
4151	7
4152	7
4153	7
4154	7
4155	7
4156	7
4157	7
4158	7
4159	7
4160	7
4161	7
4162	7
4163	7
4164	7
4165	7
4166	7
4167	7
4168	7
4169	7
4170	7
4171	7
4172	7
4173	7
4174	7
4175	7
4176	7
4177	7
4178	7
4179	7
4180	7
4181	7
4182	7
4183	7
4184	7
4185	7
4186	7
4187	7
4188	7
4189	7
4190	7
4191	7
4192	7
4193	7
4194	7
4195	7
4196	7
4197	7
4198	7
4199	7
4200	7
4201	7
4202	7
4203	7
4204	7
4205	7
4206	7
4207	7
4208	7
4209	7
4210	7
4211	7
4212	7
4213	7
4214	7
4215	7
4216	7
4217	7
4218	7
4219	7
4220	7
4221	7
4222	7
4223	7
4224	7
4225	7
4226	7
4227	7
4228	7
4229	7
4230	7
4231	7
4232	7
4233	7
4234	7
4235	7
4236	7
4237	7
4238	7
4239	7
4240	7
4241	7
4242	7
4243	7
4244	7
4245	7
4246	7
4247	7
4248	7
4249	7
4250	7
4251	7
4252	7
4253	7
4254	7
4255	7
4256	7
4257	7
4258	7
4259	7
4260	7
4261	7
4262	7
4263	7
4264	7
4265	7
4266	7
4267	7
4268	7
4269	7
4270	7
4271	7
4272	7
4273	7
4274	7
4275	7
4276	7
4277	7
4278	7
4279	7
4280	7
4281	7
4282	7
4283	7
4284	7
4285	7
4286	7
4287	7
4288	7
4289	7
4290	7
4291	7
4292	7
4293	7
4294	7
4295	7
4296	7
4297	7
4298	7
4299	7
4300	7
4301	7
4302	7
4303	7
4304	7
4305	7
4306	7
4307	7
4308	7
4309	7
4310	7
4311	7
4312	7
4313	7
4314	7
4315	7
4316	7
4317	7
4318	7
4319	7
4320	7
4321	7
4322	7
4323	7
4324	7
4325	7
4326	7
4327	7
4328	7
4329	7
4330	7
4331	7
4332	7
4333	7
4334	7
4335	7
4336	7
4337	7
4338	7
4339	7
4340	7
4341	7
4342	7
4343	7
4344	7
4345	7
4346	7
4347	7
4348	7
4349	7
4350	7
4351	7
4352	7
4353	7
4354	7
4355	7
4356	7
4357	7
4358	7
4359	7
4360	7
4361	7
4362	7
4363	7
4364	7
4365	7
4366	7
4367	7
4368	7
4369	7
4370	7
4371	7
4372	7
4373	7
4374	3
4375	3
4376	3
4377	3
4378	3
4379	3
4380	3
4381	3
4382	3
4383	3
4384	3
4385	3
4386	3
4387	3
4388	3
4389	3
4390	3
4391	3
4392	3
4393	3
4394	3
4395	3
4396	3
4397	3
4398	3
4399	3
4400	3
4401	3
4402	3
4403	3
4404	3
4405	3
4406	3
4407	3
4408	3
4409	3
4410	3
4411	3
4412	3
4413	3
4414	3
4415	3
4416	3
4417	3
4418	3
4419	3
4420	3
4421	3
4422	3
4423	3
4424	3
4425	3
4426	3
4427	3
4428	3
4429	3
4430	3
4431	3
4432	3
4433	3
4434	3
4435	3
4436	3
4437	3
4438	3
4439	3
4440	3
4441	3
4442	3
4443	3
4444	3
4445	3
4446	3
4447	3
4448	3
4449	3
4450	3
4451	3
4452	3
4453	3
4454	3
4455	3
4456	3
4457	3
4458	3
4459	3
4460	3
4461	3
4462	3
4463	3
4464	3
4465	3
4466	3
4467	3
4468	3
4469	3
4470	3
4471	3
4472	3
4473	3
4474	3
4475	3
4476	3
4477	3
4478	3
4479	3
4480	3
4481	3
4482	3
4483	3
4484	3
4485	3
4486	3
4487	3
4488	3
4489	3
4490	3
4491	3
4492	3
4493	3
4494	3
4495	3
4496	3
4497	3
4498	3
4499	3
4500	3
4501	3
4502	3
4503	3
4504	3
4505	3
4506	3
4507	3
4508	3
4509	3
4510	3
4511	3
4512	3
4513	3
4514	3
4515	3
4516	3
4517	3
4518	3
4519	3
4520	3
4521	3
4522	3
4523	3
4524	3
4525	3
4526	3
4527	3
4528	3
4529	3
4530	3
4531	3
4532	3
4533	3
4534	3
4535	3
4536	3
4537	3
4538	3
4539	3
4540	3
4541	3
4542	3
4543	3
4544	3
4545	3
4546	3
4547	3
4548	3
4549	3
4550	3
4551	3
4552	3
4553	3
4554	3
4555	3
4556	3
4557	3
4558	3
4559	3
4560	3
4561	3
4562	3
4563	3
4564	3
4565	3
4566	3
4567	3
4568	3
4569	3
4570	3
4571	3
4572	3
4573	3
4574	3
4575	3
4576	3
4577	3
4578	3
4579	3
4580	3
4581	3
4582	3
4583	3
4584	3
4585	3
4586	3
4587	3
4588	3
4589	3
4590	3
4591	3
4592	3
4593	3
4594	3
4595	3
4596	3
4597	3
4598	3
4599	3
4600	3
4601	3
4602	3
4603	3
4604	3
4605	3
4606	3
4607	3
4608	3
4609	3
4610	3
4611	3
4612	3
4613	3
4614	3
4615	3
4616	3
4617	3
4618	3
4619	3
4620	3
4621	3
4622	3
4623	3
4624	3
4625	3
4626	3
4627	3
4628	3
4629	3
4630	3
4631	3
4632	3
4633	3
4634	3
4635	3
4636	3
4637	3
4638	3
4639	3
4640	3
4641	3
4642	3
4643	3
4644	3
4645	3
4646	3
4647	3
4648	3
4649	3
4650	3
4651	3
4652	3
4653	3
4654	3
4655	3
4656	3
4657	3
4658	3
4659	3
4660	3
4661	3
4662	3
4663	3
4664	3
4665	3
4666	3
4667	3
4668	3
4669	3
4670	3
4671	3
4672	3
4673	3
4674	3
4675	3
4676	3
4677	3
4678	3
4679	3
4680	3
4681	3
4682	3
4683	3
4684	3
4685	3
4686	3
4687	3
4688	3
4689	3
4690	3
4691	3
4692	3
4693	3
4694	3
4695	3
4696	3
4697	3
4698	3
4699	3
4700	3
4701	3
4702	3
4703	3
4704	3
4705	3
4706	3
4707	3
4708	3
4709	3
4710	3
4711	3
4712	3
4713	3
4714	3
4715	3
4716	3
4717	3
4718	3
4719	3
4720	3
4721	3
4722	3
4723	3
4724	3
4725	3
4726	3
4727	3
4728	3
4729	3
4730	3
4731	3
4732	3
4733	3
4734	3
4735	3
4736	3
4737	3
4738	3
4739	3
4740	3
4741	3
4742	3
4743	3
4744	3
4745	3
4746	3
4747	3
4748	3
4749	3
4750	3
4751	3
4752	3
4753	3
4754	3
4755	3
4756	3
4757	3
4758	3
4759	3
4760	3
4761	3
4762	3
4763	3
4764	3
4765	3
4766	3
4767	3
4768	3
4769	3
4770	3
4771	3
4772	3
4773	3
4774	3
4775	3
4776	3
4777	3
4778	3
4779	3
4780	3
4781	3
4782	3
4783	3
4784	3
4785	3
4786	3
4787	3
4788	3
4789	3
4790	3
4791	3
4792	3
4793	3
4794	3
4795	3
4796	3
4797	3
4798	3
4799	3
4800	3
4801	3
4802	3
4803	3
4804	3
4805	3
4806	3
4807	3
4808	3
4809	3
4810	3
4811	3
4812	3
4813	3
4814	3
4815	3
4816	3
4817	3
4818	3
4819	3
4820	3
4821	3
4822	3
4823	3
4824	3
4825	3
4826	3
4827	3
4828	3
4829	3
4830	3
4831	3
4832	3
4833	3
4834	3
4835	3
4836	3
4837	3
4838	3
4839	3
4840	3
4841	3
4842	3
4843	3
4844	3
4845	3
4846	3
4847	3
4848	3
4849	3
4850	3
4851	3
4852	3
4853	3
4854	3
4855	3
4856	3
4857	3
4858	3
4859	3
4860	3
4861	3
4862	3
4863	3
4864	3
4865	3
4866	3
4867	3
4868	3
4869	3
4870	3
4871	3
4872	3
4873	3
4874	3
4875	3
4876	3
4877	3
4878	3
4879	3
4880	3
4881	3
4882	3
4883	3
4884	3
4885	3
4886	3
4887	3
4888	3
4889	3
4890	3
4891	3
4892	3
4893	3
4894	3
4895	3
4896	3
4897	3
4898	3
4899	3
4900	3
4901	3
4902	3
4903	3
4904	3
4905	3
4906	3
4907	3
4908	3
4909	3
4910	3
4911	3
4912	3
4913	3
4914	3
4915	3
4916	3
4917	3
4918	3
4919	3
4920	3
4921	3
4922	3
4923	3
4924	3
4925	3
4926	3
4927	3
4928	3
4929	3
4930	3
4931	3
4932	3
4933	3
4934	3
4935	3
4936	3
4937	3
4938	3
4939	3
4940	3
4941	3
4942	3
4943	3
4944	3
4945	3
4946	3
4947	3
4948	3
4949	3
4950	3
4951	3
4952	3
4953	3
4954	3
4955	3
4956	3
4957	3
4958	3
4959	3
4960	3
4961	3
4962	3
4963	3
4964	3
4965	3
4966	3
4967	3
4968	3
4969	3
4970	3
4971	3
4972	3
4973	3
4974	3
4975	3
4976	3
4977	3
4978	3
4979	3
4980	3
4981	3
4982	3
4983	3
4984	3
4985	3
4986	3
4987	3
4988	3
4989	3
4990	3
4991	3
4992	3
4993	3
4994	3
4995	3
4996	3
4997	3
4998	3
4999	3
5000	3
5001	3
5002	3
5003	3
5004	3
5005	3
5006	3
5007	3
5008	3
5009	3
5010	3
5011	3
5012	3
5013	3
5014	3
5015	3
5016	3
5017	3
5018	3
5019	3
5020	3
5021	3
5022	3
5023	3
5024	3
5025	3
5026	3
5027	3
5028	3
5029	3
5030	3
5031	3
5032	3
5033	3
5034	3
5035	3
5036	3
5037	3
5038	3
5039	3
5040	3
5041	3
5042	3
5043	3
5044	3
5045	3
5046	3
5047	3
5048	3
5049	3
5050	3
5051	3
5052	3
5053	3
5054	3
5055	3
5056	3
5057	3
5058	3
5059	3
5060	3
5061	3
5062	3
5063	3
5064	3
5065	3
5066	3
5067	3
5068	4
5069	4
5070	4
5071	4
5072	4
5073	4
5074	4
5075	4
5076	4
5077	4
5078	4
5079	4
5080	4
5081	4
5082	4
5083	4
5084	4
5085	4
5086	4
5087	4
5088	4
5089	4
5090	4
5091	4
5092	4
5093	4
5094	4
5095	4
5096	4
5097	4
5098	4
5099	4
5100	4
5101	4
5102	4
5103	4
5104	4
5105	4
5106	4
5107	4
5108	4
5109	4
5110	4
5111	4
5112	4
5113	4
5114	4
5115	4
5116	4
5117	4
5118	4
5119	4
5120	4
5121	4
5122	4
5123	4
5124	4
5125	4
5126	4
5127	4
5128	4
5129	4
5130	4
5131	4
5132	4
5133	4
5134	4
5135	4
5136	4
5137	4
5138	4
5139	4
5140	4
5141	4
5142	4
5143	4
5144	4
5145	4
5146	4
5147	4
5148	4
5149	4
5150	4
5151	4
5152	4
5153	4
5154	4
5155	4
5156	4
5157	4
5158	4
5159	4
5160	4
5161	4
5162	4
5163	4
5164	4
5165	4
5166	4
5167	4
5168	4
5169	4
5170	4
5171	4
5172	4
5173	4
5174	4
5175	4
5176	4
5177	4
5178	4
5179	4
5180	4
5181	4
5182	4
5183	4
5184	4
5185	4
5186	4
5187	4
5188	4
5189	4
5190	4
5191	4
5192	4
5193	4
5194	4
5195	4
5196	4
5197	4
5198	4
5199	4
5200	4
5201	4
5202	4
5203	4
5204	4
5205	4
5206	4
5207	4
5208	4
5209	4
5210	4
5211	4
5212	4
5213	4
5214	4
5215	4
5216	4
5217	4
5218	4
5219	4
5220	4
5221	4
5222	4
5223	4
5224	4
5225	4
5226	4
5227	4
5228	4
5229	4
5230	4
5231	4
5232	4
5233	4
5234	4
5235	4
5236	4
5237	4
5238	4
5239	4
5240	4
5241	4
5242	4
5243	4
5244	4
5245	4
5246	4
5247	4
5248	4
5249	4
5250	4
5251	4
5252	4
5253	4
5254	4
5255	4
5256	4
5257	4
5258	4
5259	4
5260	4
5261	4
5262	4
5263	4
5264	4
5265	4
5266	4
5267	4
5268	4
5269	4
5270	4
5271	4
5272	4
5273	4
5274	4
5275	4
5276	4
5277	4
5278	4
5279	4
5280	4
5281	4
5282	4
5283	4
5284	4
5285	4
5286	4
5287	4
5288	4
5289	4
5290	4
5291	4
5292	4
5293	4
5294	4
5295	4
5296	4
5297	4
5298	4
5299	4
5300	4
5301	4
5302	4
5303	4
5304	4
5305	4
5306	4
5307	4
5308	4
5309	4
5310	4
5311	4
5312	4
5313	4
5314	4
5315	4
5316	4
5317	4
5318	4
5319	4
5320	4
5321	4
5322	4
5323	4
5324	4
5325	4
5326	4
5327	4
5328	4
5329	4
5330	4
5331	4
5332	4
5333	4
5334	4
5335	4
5336	4
5337	4
5338	4
5339	4
5340	4
5341	4
5342	3
5343	3
5344	3
5345	3
5346	3
5347	3
5348	3
5349	3
5350	3
5351	3
5352	3
5353	3
5354	3
5355	3
5356	3
5357	3
5358	3
5359	3
5360	3
5361	3
5362	3
5363	3
5364	3
5365	3
5366	3
5367	3
5368	3
5369	3
5370	3
5371	3
5372	3
5373	3
5374	3
5375	3
5376	3
5377	3
5378	3
5379	3
5380	3
5381	3
5382	3
5383	3
5384	3
5385	3
5386	3
5387	3
5388	3
5389	3
5390	3
5391	3
5392	3
5393	3
5394	3
5395	3
5396	3
5397	3
5398	3
5399	3
5400	3
5401	3
5402	3
5403	3
5404	3
5405	3
5406	3
5407	3
5408	3
5409	3
5410	3
5411	3
5412	3
5413	3
5414	3
5415	3
5416	3
5417	3
5418	3
5419	3
5420	3
5421	3
5422	3
5423	3
5424	3
5425	3
5426	3
5427	3
5428	3
5429	3
5430	3
5431	3
5432	3
5433	3
5434	3
5435	3
5436	3
5437	3
5438	3
5439	3
5440	3
5441	3
5442	3
5443	3
5444	3
5445	3
5446	3
5447	3
5448	3
5449	3
5450	3
5451	3
5452	3
5453	3
5454	3
5455	3
5456	3
5457	3
5458	3
5459	3
5460	3
5461	3
5462	3
5463	3
5464	3
5465	3
5466	3
5467	3
5468	3
5469	3
5470	3
5471	3
5472	3
5473	3
5474	3
5475	3
5476	3
5477	3
5478	3
5479	3
5480	3
5481	3
5482	3
5483	3
5484	3
5485	3
5486	3
5487	3
5488	3
5489	3
5490	3
5491	3
5492	3
5493	3
5494	3
5495	3
5496	3
5497	3
5498	3
5499	3
5500	3
5501	3
5502	3
5503	3
5504	3
5505	3
5506	3
5507	3
5508	3
5509	3
5510	3
5511	3
5512	3
5513	3
5514	3
5515	3
5516	3
5517	3
5518	3
5519	3
5520	3
5521	3
5522	3
5523	3
5524	3
5525	3
5526	3
5527	3
5528	3
5529	3
5530	3
5531	3
5532	3
5533	3
5534	3
5535	3
5536	3
5537	3
5538	3
5539	3
5540	3
5541	3
5542	3
5543	3
5544	3
5545	3
5546	3
5547	3
5548	3
5549	3
5550	3
5551	3
5552	3
5553	3
5554	3
5555	3
5556	3
5557	3
5558	3
5559	3
5560	3
5561	3
5562	3
5563	3
5564	3
5565	3
5566	3
5567	3
5568	3
5569	3
5570	3
5571	3
5572	3
5573	3
5574	3
5575	3
5576	3
5577	3
5578	3
5579	3
5580	3
5581	3
5582	3
5583	3
5584	3
5585	3
5586	3
5587	3
5588	3
5589	3
5590	3
5591	3
5592	3
5593	3
5594	3
5595	3
5596	3
5597	3
5598	3
5599	3
5600	3
5601	3
5602	3
5603	3
5604	3
5605	3
5606	3
5607	3
5608	3
5609	3
5610	3
5611	3
5612	3
5613	3
5614	3
5615	3
5616	3
5617	3
5618	3
5619	3
5620	3
5621	3
5622	3
5623	3
5624	3
5625	3
5626	3
5627	3
5628	3
5629	3
5630	3
5631	3
5632	3
5633	3
5634	3
5635	3
5636	3
5637	3
5638	3
5639	3
5640	3
5641	3
5642	3
5643	3
5644	3
5645	3
5646	3
5647	3
5648	3
5649	3
5650	3
5651	3
5652	3
5653	3
5654	3
5655	3
5656	3
5657	3
5658	3
5659	3
5660	3
5661	3
5662	3
5663	3
5664	3
5665	3
5666	3
5667	3
5668	3
5669	3
5670	3
5671	3
5672	3
5673	3
5674	3
5675	3
5676	3
5677	3
5678	3
5679	3
5680	3
5681	3
5682	3
5683	3
5684	3
5685	3
5686	3
5687	3
5688	3
5689	3
5690	3
5691	3
5692	3
5693	3
5694	3
5695	3
5696	3
5697	3
5698	3
5699	3
5700	3
5701	3
5702	3
5703	3
5704	3
5705	3
5706	3
5707	3
5708	3
5709	3
5710	3
5711	3
5712	3
5713	3
5714	3
5715	3
5716	3
5717	3
5718	3
5719	3
5720	3
5721	3
5722	3
5723	3
5724	3
5725	3
5726	3
5727	3
5728	3
5729	3
5730	3
5731	3
5732	3
5733	3
5734	3
5735	3
5736	3
5737	3
5738	3
5739	3
5740	3
5741	3
5742	3
5743	3
5744	3
5745	3
5746	3
5747	3
5748	3
5749	3
5750	3
5751	3
5752	3
5753	3
5754	3
5755	3
5756	3
5757	3
5758	3
5759	3
5760	3
5761	3
5762	3
5763	3
5764	3
5765	3
5766	3
5767	3
5768	3
5769	3
5770	3
5771	3
5772	3
5773	3
5774	3
5775	3
5776	3
5777	3
5778	3
5779	3
5780	3
5781	3
5782	3
5783	3
5784	3
5785	3
5786	3
5787	3
5788	3
5789	3
5790	3
5791	3
5792	3
5793	3
5794	3
5795	3
5796	3
5797	3
5798	3
5799	3
5800	3
5801	3
5802	3
5803	3
5804	3
5805	3
5806	3
5807	3
5808	3
5809	3
5810	3
5811	3
5812	3
5813	3
5814	3
5815	3
5816	3
5817	3
5818	3
5819	3
5820	3
5821	3
5822	3
5823	3
5824	3
5825	3
5826	3
5827	3
5828	3
5829	3
5830	3
5831	3
5832	3
5833	3
5834	3
5835	3
5836	3
5837	3
5838	3
5839	3
5840	3
5841	3
5842	3
5843	3
5844	3
5845	3
5846	3
5847	3
5848	3
5849	3
5850	3
5851	3
5852	3
5853	3
5854	3
5855	3
5856	3
5857	3
5858	3
5859	3
5860	3
5861	3
5862	3
5863	3
5864	3
5865	3
5866	3
5867	3
5868	3
5869	3
5870	3
5871	3
5872	3
5873	3
5874	3
5875	3
5876	3
5877	3
5878	3
5879	3
5880	3
5881	3
5882	3
5883	3
5884	3
5885	3
5886	3
5887	3
5888	3
5889	3
5890	3
5891	3
5892	3
5893	3
5894	3
5895	3
5896	3
5897	3
5898	3
5899	3
5900	3
5901	3
5902	3
5903	3
5904	3
5905	3
5906	3
5907	3
5908	3
5909	3
5910	3
5911	3
5912	3
5913	3
5914	3
5915	3
5916	3
5917	3
5918	3
5919	3
5920	3
5921	3
5922	3
5923	3
5924	3
5925	3
5926	3
5927	3
5928	3
5929	3
5930	3
5931	3
5932	3
5933	3
5934	3
5935	3
5936	3
5937	3
5938	3
5939	3
5940	3
5941	3
5942	3
5943	3
5944	3
5945	3
5946	3
5947	3
5948	3
5949	3
5950	3
5951	3
5952	3
5953	3
5954	3
5955	3
5956	3
5957	3
5958	3
5959	3
5960	3
5961	3
5962	3
5963	3
5964	3
5965	3
5966	3
5967	3
5968	3
5969	3
5970	3
5971	3
5972	3
5973	3
5974	3
5975	3
5976	3
5977	3
5978	3
5979	3
5980	3
5981	3
5982	3
5983	3
5984	3
5985	3
5986	3
5987	3
5988	3
5989	3
5990	3
5991	3
5992	3
5993	3
5994	3
5995	3
5996	3
5997	3
5998	3
5999	3
6000	3
6001	3
6002	3
6003	3
6004	3
6005	3
6006	3
6007	3
6008	3
6009	3
6010	3
6011	3
6012	3
6013	3
6014	3
6015	3
6016	3
6017	3
6018	3
6019	3
6020	3
6021	3
6022	3
6023	3
6024	3
6025	3
6026	3
6027	3
6028	3
6029	3
6030	3
6031	3
6032	3
6033	3
6034	3
6035	3
6036	3
6037	3
6038	3
6039	3
6040	3
6041	3
6042	3
6043	3
6044	3
6045	3
6046	3
6047	3
6048	3
6049	3
6050	3
6051	3
6052	3
6053	3
6054	3
6055	3
6056	3
6057	3
6058	3
6059	3
6060	3
6061	3
6062	3
6063	3
6064	3
6065	3
6066	3
6067	3
6068	3
6069	3
6070	3
6071	3
6072	3
6073	3
6074	3
6075	3
6076	3
6077	3
6078	3
6079	3
6080	3
6081	3
6082	3
6083	3
6084	3
6085	3
6086	3
6087	3
6088	3
6089	3
6090	3
6091	3
6092	3
6093	3
6094	3
6095	3
6096	3
6097	3
6098	3
6099	3
6100	3
6101	3
6102	3
6103	3
6104	3
6105	3
6106	3
6107	3
6108	3
6109	3
6110	3
6111	3
6112	3
6113	3
6114	3
6115	3
6116	3
6117	3
6118	3
6119	3
6120	3
6121	3
6122	3
6123	3
6124	3
6125	3
6126	3
6127	3
6128	3
6129	3
6130	3
6131	3
6132	3
6133	3
6134	3
6135	3
6136	3
6137	3
6138	3
6139	3
6140	3
6141	3
6142	3
6143	3
6144	3
6145	3
6146	3
6147	3
6148	3
6149	3
6150	3
6151	3
6152	3
6153	3
6154	3
6155	3
6156	3
6157	3
6158	3
6159	3
6160	3
6161	3
6162	3
6163	3
6164	3
6165	3
6166	3
6167	3
6168	3
6169	3
6170	3
6171	3
6172	3
6173	3
6174	3
6175	3
6176	3
6177	3
6178	3
6179	3
6180	3
6181	3
6182	3
6183	3
6184	3
6185	3
6186	3
6187	3
6188	3
6189	3
6190	3
6191	3
6192	3
6193	3
6194	-1000
6195	-1000
6196	-1000
6197	-1000
6198	-1000
6199	-1000
6200	-1000
6201	-1000
6202	-1000
6203	-1000
6204	-1000
6205	-1000
6206	-1000
6207	-1000
6208	-1000
6209	-1000
6210	-1000
6211	-1000
6212	-1000
6213	-1000
6214	-1000
6215	-1000
6216	-1000
6217	-1000
6218	-1000
6219	-1000
6220	-1000
6221	-1000
6222	-1000
6223	-1000
6224	-1000
6225	-1000
6226	-1000
6227	-1000
6228	-1000
6229	-1000
6230	-1000
6231	-1000
6232	-1000
6233	-1000
6234	-1000
6235	-1000
6236	-1000
6237	-1000
6238	-1000
6239	-1000
6240	-1000
6241	-1000
6242	-1000
6243	-1000
6244	-1000
6245	-1000
6246	-1000
6247	-1000
6248	-1000
6249	-1000
6250	-1000
6251	-1000
6252	-1000
6253	-1000
6254	-1000
6255	-1000
6256	-1000
6257	-1000
6258	-1000
6259	-1000
6260	-1000
6261	-1000
6262	-1000
6263	-1000
6264	-1000
6265	-1000
6266	-1000
6267	-1000
6268	-1000
6269	-1000
6270	-1000
6271	-1000
6272	-1000
6273	-1000
6274	-1000
6275	-1000
6276	-1000
6277	-1000
6278	-1000
6279	-1000
6280	-1000
6281	-1000
6282	-1000
6283	-1000
6284	-1000
6285	-1000
6286	-1000
6287	-1000
6288	-1000
6289	-1000
6290	-1000
6291	-1000
6292	-1000
6293	-1000
6294	-1000
6295	-1000
6296	-1000
6297	-1000
6298	-1000
6299	-1000
6300	-1000
6301	-1000
6302	-1000
6303	-1000
6304	-1000
6305	-1000
6306	-1000
6307	-1000
6308	-1000
6309	-1000
6310	-1000
6311	-1000
6312	-1000
6313	-1000
6314	-1000
6315	-1000
6316	-1000
6317	-1000
6318	-1000
6319	-1000
6320	-1000
6321	-1000
6322	-1000
6323	-1000
6324	-1000
6325	-1000
6326	-1000
6327	-1000
6328	-1000
6329	-1000
6330	-1000
6331	-1000
6332	-1000
6333	-1000
6334	-1000
6335	-1000
6336	-1000
6337	-1000
6338	-1000
6339	-1000
6340	-1000
6341	-1000
6342	-1000
6343	-1000
6344	-1000
6345	-1000
6346	-1000
6347	-1000
6348	-1000
6349	-1000
6350	-1000
6351	-1000
6352	-1000
6353	-1000
6354	-1000
6355	-1000
6356	-1000
6357	-1000
6358	-1000
6359	-1000
6360	-1000
6361	-1000
6362	-1000
6363	-1000
6364	-1000
6365	-1000
6366	-1000
6367	-1000
6368	-1000
6369	-1000
6370	-1000
6371	-1000
6372	-1000
6373	-1000
6374	-1000
6375	-1000
6376	-1000
6377	-1000
6378	-1000
6379	-1000
6380	-1000
6381	-1000
6382	-1000
6383	-1000
6384	-1000
6385	-1000
6386	-1000
6387	-1000
6388	-1000
6389	-1000
6390	-1000
6391	-1000
6392	-1000
6393	-1000
6394	-1000
6395	-1000
6396	-1000
6397	-1000
6398	-1000
6399	-1000
6400	-1000
6401	-1000
6402	-1000
6403	-1000
6404	-1000
6405	-1000
6406	-1000
6407	-1000
6408	-1000
6409	-1000
6410	-1000
6411	-1000
6412	-1000
6413	-1000
6414	-1000
6415	-1000
6416	-1000
6417	-1000
6418	-1000
6419	-1000
6420	-1000
6421	-1000
6422	-1000
6423	-1000
6424	-1000
6425	-1000
6426	-1000
6427	-1000
6428	-1000
6429	-1000
6430	-1000
6431	-1000
6432	-1000
6433	-1000
6434	-1000
6435	-1000
6436	-1000
6437	-1000
6438	-1000
6439	-1000
6440	-1000
6441	-1000
6442	-1000
6443	-1000
6444	-1000
6445	-1000
6446	-1000
6447	-1000
6448	-1000
6449	-1000
6450	-1000
6451	-1000
6452	-1000
6453	-1000
6454	-1000
6455	-1000
6456	-1000
6457	-1000
6458	-1000
6459	-1000
6460	-1000
6461	-1000
6462	-1000
6463	-1000
6464	-1000
6465	-1000
6466	-1000
6467	-1000
6468	-1000
6469	-1000
6470	-1000
6471	-1000
6472	-1000
6473	-1000
6474	-1000
6475	-1000
6476	-1000
6477	-1000
6478	-1000
6479	-1000
6480	-1000
6481	-1000
6482	-1000
6483	-1000
6484	-1000
6485	-1000
6486	-1000
6487	-1000
6488	-1000
6489	-1000
6490	-1000
6491	-1000
6492	-1000
6493	-1000
6494	-1000
6495	-1000
6496	-1000
6497	-1000
6498	-1000
6499	-1000
6500	-1000
6501	-1000
6502	-1000
6503	-1000
6504	-1000
6505	-1000
6506	-1000
6507	-1000
6508	-1000
6509	-1000
6510	-1000
6511	-1000
6512	-1000
6513	-1000
6514	-1000
6515	-1000
6516	-1000
6517	-1000
6518	-1000
6519	-1000
6520	-1000
6521	-1000
6522	-1000
6523	-1000
6524	-1000
6525	-1000
6526	-1000
6527	-1000
6528	-1000
6529	-1000
6530	-1000
6531	-1000
6532	-1000
6533	-1000
6534	-1000
6535	-1000
6536	-1000
6537	-1000
6538	-1000
6539	-1000
6540	-1000
6541	-1000
6542	-1000
6543	-1000
6544	-1000
6545	-1000
6546	-1000
6547	-1000
6548	-1000
6549	-1000
6550	-1000
6551	-1000
6552	-1000
6553	-1000
6554	-1000
6555	-1000
6556	-1000
6557	-1000
6558	-1000
6559	-1000
6560	-1000
6561	-1000
6562	-1000
6563	-1000
6564	-1000
6565	-1000
6566	-1000
6567	-1000
6568	-1000
6569	-1000
6570	-1000
6571	-1000
6572	-1000
6573	-1000
6574	-1000
6575	-1000
6576	-1000
6577	-1000
6578	-1000
6579	-1000
6580	-1000
6581	-1000
6582	-1000
6583	-1000
6584	-1000
6585	-1000
6586	-1000
6587	-1000
6588	-1000
6589	-1000
6590	-1000
6591	-1000
6592	-1000
6593	-1000
6594	-1000
6595	-1000
6596	-1000
6597	-1000
6598	-1000
6599	-1000
6600	-1000
6601	-1000
6602	-1000
6603	-1000
6604	-1000
6605	-1000
6606	-1000
6607	-1000
6608	-1000
6609	-1000
6610	-1000
6611	-1000
6612	-1000
6613	-1000
6614	-1000
6615	-1000
6616	-1000
6617	-1000
6618	-1000
6619	-1000
6620	-1000
6621	-1000
6622	-1000
6623	-1000
6624	-1000
6625	-1000
6626	-1000
6627	-1000
6628	-1000
6629	-1000
6630	-1000
6631	-1000
6632	-1000
6633	-1000
6634	-1000
6635	-1000
6636	-1000
6637	-1000
6638	-1000
6639	-1000
6640	-1000
