0	-1000
1	-1000
2	-1000
3	-1000
4	-1000
5	-1000
6	-1000
7	-1000
8	-1000
9	-1000
10	-1000
11	-1000
12	-1000
13	-1000
14	-1000
15	-1000
16	-1000
17	-1000
18	-1000
19	-1000
20	-1000
21	-1000
22	-1000
23	-1000
24	-1000
25	-1000
26	-1000
27	-1000
28	-1000
29	-1000
30	-1000
31	-1000
32	-1000
33	-1000
34	-1000
35	-1000
36	-1000
37	-1000
38	-1000
39	-1000
40	-1000
41	-1000
42	-1000
43	-1000
44	-1000
45	-1000
46	-1000
47	-1000
48	-1000
49	-1000
50	-1000
51	-1000
52	-1000
53	-1000
54	-1000
55	-1000
56	-1000
57	-1000
58	-1000
59	-1000
60	-1000
61	-1000
62	-1000
63	-1000
64	-1000
65	-1000
66	-1000
67	-1000
68	-1000
69	-1000
70	-1000
71	-1000
72	-1000
73	-1000
74	-1000
75	-1000
76	-1000
77	-1000
78	-1000
79	-1000
80	-1000
81	-1000
82	-1000
83	-1000
84	-1000
85	-1000
86	-1000
87	-1000
88	-1000
89	-1000
90	-1000
91	-1000
92	-1000
93	-1000
94	-1000
95	-1000
96	-1000
97	-1000
98	-1000
99	-1000
100	-1000
101	-1000
102	-1000
103	-1000
104	-1000
105	-1000
106	-1000
107	-1000
108	-1000
109	-1000
110	-1000
111	-1000
112	-1000
113	-1000
114	-1000
115	-1000
116	-1000
117	-1000
118	-1000
119	-1000
120	-1000
121	-1000
122	-1000
123	-1000
124	-1000
125	-1000
126	-1000
127	-1000
128	-1000
129	-1000
130	-1000
131	-1000
132	-1000
133	-1000
134	-1000
135	-1000
136	-1000
137	-1000
138	-1000
139	-1000
140	-1000
141	-1000
142	-1000
143	-1000
144	-1000
145	-1000
146	-1000
147	-1000
148	-1000
149	-1000
150	-1000
151	-1000
152	-1000
153	-1000
154	-1000
155	-1000
156	-1000
157	-1000
158	-1000
159	-1000
160	-1000
161	-1000
162	-1000
163	-1000
164	-1000
165	-1000
166	-1000
167	-1000
168	-1000
169	-1000
170	-1000
171	-1000
172	-1000
173	-1000
174	-1000
175	-1000
176	-1000
177	-1000
178	-1000
179	-1000
180	-1000
181	1
182	1
183	1
184	1
185	1
186	1
187	1
188	1
189	1
190	1
191	1
192	1
193	1
194	1
195	1
196	1
197	1
198	1
199	1
200	1
201	1
202	1
203	1
204	1
205	1
206	1
207	1
208	1
209	1
210	1
211	1
212	1
213	1
214	1
215	1
216	1
217	1
218	1
219	1
220	1
221	1
222	1
223	1
224	1
225	1
226	1
227	1
228	1
229	1
230	1
231	1
232	1
233	1
234	1
235	1
236	1
237	1
238	1
239	1
240	1
241	1
242	1
243	1
244	1
245	1
246	1
247	1
248	1
249	1
250	1
251	1
252	1
253	1
254	1
255	1
256	1
257	1
258	1
259	1
260	1
261	1
262	1
263	1
264	1
265	1
266	1
267	1
268	1
269	1
270	1
271	1
272	1
273	1
274	1
275	1
276	1
277	1
278	1
279	1
280	1
281	1
282	1
283	1
284	1
285	1
286	1
287	1
288	1
289	1
290	1
291	1
292	1
293	1
294	1
295	1
296	1
297	1
298	1
299	1
300	1
301	1
302	1
303	1
304	1
305	1
306	1
307	1
308	1
309	1
310	1
311	1
312	1
313	1
314	1
315	1
316	1
317	1
318	1
319	1
320	1
321	1
322	1
323	1
324	1
325	1
326	1
327	1
328	1
329	1
330	1
331	1
332	1
333	1
334	1
335	1
336	1
337	1
338	1
339	1
340	1
341	1
342	1
343	1
344	1
345	1
346	1
347	1
348	1
349	1
350	1
351	1
352	1
353	1
354	1
355	1
356	1
357	1
358	1
359	1
360	1
361	1
362	1
363	1
364	1
365	1
366	1
367	1
368	1
369	1
370	1
371	1
372	1
373	1
374	1
375	1
376	1
377	1
378	1
379	1
380	1
381	1
382	1
383	1
384	1
385	1
386	1
387	1
388	1
389	1
390	1
391	1
392	1
393	1
394	1
395	1
396	1
397	1
398	-1000
399	-1000
400	-1000
401	-1000
402	-1000
403	-1000
404	-1000
405	-1000
406	-1000
407	-1000
408	-1000
409	-1000
410	-1000
411	-1000
412	-1000
413	-1000
414	-1000
415	-1000
416	-1000
417	-1000
418	-1000
419	-1000
420	-1000
421	-1000
422	-1000
423	-1000
424	-1000
425	-1000
426	-1000
427	-1000
428	-1000
429	-1000
430	-1000
431	-1000
432	-1000
433	-1000
434	-1000
435	-1000
436	-1000
437	-1000
438	-1000
439	-1000
440	-1000
441	-1000
442	-1000
443	-1000
444	-1000
445	-1000
446	-1000
447	-1000
448	-1000
449	-1000
450	-1000
451	-1000
452	-1000
453	-1000
454	-1000
455	-1000
456	-1000
457	-1000
458	-1000
459	-1000
460	-1000
461	-1000
462	-1000
463	-1000
464	-1000
465	-1000
466	-1000
467	-1000
468	-1000
469	-1000
470	-1000
471	-1000
472	-1000
473	-1000
474	-1000
475	-1000
476	-1000
477	-1000
478	-1000
479	-1000
480	-1000
481	-1000
482	-1000
483	-1000
484	-1000
485	-1000
486	-1000
487	-1000
488	-1000
489	-1000
490	-1000
491	-1000
492	-1000
493	-1000
494	-1000
495	-1000
496	-1000
497	-1000
498	-1000
499	-1000
500	-1000
501	-1000
502	-1000
503	-1000
504	-1000
505	-1000
506	-1000
507	-1000
508	-1000
509	-1000
510	-1000
511	-1000
512	-1000
513	-1000
514	-1000
515	-1000
516	-1000
517	-1000
518	-1000
519	-1000
520	-1000
521	-1000
522	-1000
523	-1000
524	-1000
525	-1000
526	-1000
527	-1000
528	-1000
529	-1000
530	-1000
531	-1000
532	-1000
533	-1000
534	-1000
535	-1000
536	-1000
537	-1000
538	-1000
539	-1000
540	-1000
541	-1000
542	-1000
543	-1000
544	-1000
545	-1000
546	-1000
547	-1000
548	-1000
549	-1000
550	-1000
551	-1000
552	-1000
553	-1000
554	-1000
555	-1000
556	-1000
557	-1000
558	-1000
559	-1000
560	-1000
561	-1000
562	-1000
563	2
564	2
565	2
566	2
567	2
568	2
569	2
570	2
571	2
572	2
573	2
574	2
575	2
576	2
577	2
578	2
579	2
580	2
581	2
582	2
583	2
584	2
585	2
586	2
587	2
588	2
589	2
590	2
591	2
592	2
593	2
594	2
595	2
596	2
597	2
598	2
599	2
600	2
601	2
602	2
603	2
604	2
605	2
606	2
607	2
608	2
609	2
610	2
611	2
612	2
613	2
614	2
615	2
616	2
617	2
618	2
619	2
620	2
621	2
622	2
623	2
624	2
625	2
626	2
627	2
628	2
629	2
630	2
631	2
632	2
633	2
634	2
635	2
636	2
637	2
638	2
639	2
640	2
641	2
642	2
643	2
644	2
645	2
646	2
647	2
648	2
649	2
650	2
651	2
652	2
653	2
654	2
655	2
656	2
657	2
658	2
659	2
660	2
661	2
662	2
663	2
664	2
665	2
666	2
667	2
668	2
669	2
670	2
671	2
672	2
673	2
674	2
675	2
676	2
677	2
678	2
679	2
680	2
681	2
682	2
683	2
684	2
685	2
686	2
687	2
688	2
689	2
690	2
691	2
692	2
693	2
694	2
695	2
696	2
697	2
698	2
699	2
700	2
701	2
702	2
703	2
704	2
705	2
706	2
707	2
708	2
709	2
710	2
711	2
712	2
713	2
714	2
715	2
716	2
717	2
718	2
719	2
720	2
721	2
722	2
723	2
724	2
725	2
726	2
727	2
728	2
729	2
730	2
731	2
732	2
733	2
734	2
735	2
736	2
737	2
738	2
739	2
740	2
741	2
742	2
743	2
744	2
745	2
746	2
747	2
748	2
749	2
750	2
751	2
752	2
753	2
754	2
755	2
756	2
757	2
758	2
759	2
760	2
761	2
762	2
763	2
764	2
765	2
766	2
767	2
768	2
769	2
770	2
771	2
772	2
773	2
774	2
775	2
776	2
777	2
778	2
779	2
780	2
781	2
782	2
783	2
784	2
785	2
786	2
787	2
788	2
789	2
790	2
791	2
792	2
793	2
794	2
795	2
796	2
797	2
798	2
799	2
800	2
801	2
802	2
803	2
804	2
805	2
806	2
807	2
808	2
809	2
810	2
811	2
812	2
813	2
814	2
815	2
816	2
817	2
818	2
819	2
820	2
821	2
822	2
823	2
824	2
825	2
826	2
827	2
828	-1000
829	-1000
830	-1000
831	-1000
832	-1000
833	-1000
834	-1000
835	-1000
836	-1000
837	-1000
838	-1000
839	-1000
840	-1000
841	-1000
842	-1000
843	-1000
844	-1000
845	-1000
846	-1000
847	-1000
848	-1000
849	-1000
850	-1000
851	-1000
852	-1000
853	-1000
854	-1000
855	-1000
856	-1000
857	-1000
858	-1000
859	-1000
860	-1000
861	-1000
862	-1000
863	-1000
864	-1000
865	-1000
866	-1000
867	-1000
868	-1000
869	-1000
870	-1000
871	-1000
872	-1000
873	-1000
874	-1000
875	-1000
876	-1000
877	-1000
878	-1000
879	-1000
880	-1000
881	-1000
882	-1000
883	-1000
884	-1000
885	-1000
886	-1000
887	-1000
888	-1000
889	-1000
890	-1000
891	-1000
892	-1000
893	-1000
894	-1000
895	-1000
896	-1000
897	-1000
898	-1000
899	-1000
900	-1000
901	-1000
902	-1000
903	-1000
904	-1000
905	-1000
906	-1000
907	-1000
908	-1000
909	-1000
910	-1000
911	-1000
912	-1000
913	-1000
914	-1000
915	-1000
916	-1000
917	-1000
918	-1000
919	-1000
920	-1000
921	-1000
922	-1000
923	-1000
924	-1000
925	-1000
926	-1000
927	-1000
928	-1000
929	-1000
930	-1000
931	-1000
932	-1000
933	-1000
934	-1000
935	-1000
936	-1000
937	-1000
938	-1000
939	-1000
940	-1000
941	-1000
942	-1000
943	-1000
944	-1000
945	-1000
946	-1000
947	-1000
948	-1000
949	-1000
950	-1000
951	-1000
952	-1000
953	-1000
954	-1000
955	-1000
956	-1000
957	-1000
958	-1000
959	-1000
960	-1000
961	-1000
962	-1000
963	-1000
964	-1000
965	-1000
966	-1000
967	-1000
968	-1000
969	-1000
970	-1000
971	-1000
972	-1000
973	-1000
974	-1000
975	-1000
976	-1000
977	-1000
978	-1000
979	-1000
980	-1000
981	-1000
982	-1000
983	-1000
984	-1000
985	-1000
986	-1000
987	-1000
988	-1000
989	-1000
990	-1000
991	-1000
992	-1000
993	-1000
994	-1000
995	-1000
996	-1000
997	-1000
998	-1000
999	-1000
1000	-1000
1001	-1000
1002	-1000
1003	-1000
1004	-1000
1005	-1000
1006	-1000
1007	-1000
1008	-1000
1009	-1000
1010	-1000
1011	-1000
1012	-1000
1013	-1000
1014	-1000
1015	-1000
1016	-1000
1017	-1000
1018	-1000
1019	-1000
1020	-1000
1021	-1000
1022	-1000
1023	-1000
1024	-1000
1025	-1000
1026	-1000
1027	-1000
1028	-1000
1029	-1000
1030	-1000
1031	-1000
1032	-1000
1033	-1000
1034	-1000
1035	-1000
1036	-1000
1037	-1000
1038	-1000
1039	-1000
1040	-1000
1041	-1000
1042	-1000
1043	-1000
1044	-1000
1045	-1000
1046	-1000
1047	-1000
1048	-1000
1049	-1000
1050	-1000
1051	-1000
1052	-1000
1053	-1000
1054	-1000
1055	-1000
1056	-1000
1057	-1000
1058	-1000
1059	-1000
1060	-1000
1061	-1000
1062	-1000
1063	-1000
1064	-1000
1065	-1000
1066	-1000
1067	-1000
1068	-1000
1069	-1000
1070	-1000
1071	-1000
1072	-1000
1073	-1000
1074	-1000
1075	-1000
1076	-1000
1077	-1000
1078	-1000
1079	-1000
1080	-1000
1081	-1000
1082	-1000
1083	-1000
1084	-1000
1085	-1000
1086	-1000
1087	-1000
1088	-1000
1089	-1000
1090	-1000
1091	-1000
1092	-1000
1093	-1000
1094	-1000
1095	-1000
1096	-1000
1097	-1000
1098	-1000
1099	-1000
1100	-1000
1101	-1000
1102	-1000
1103	-1000
1104	-1000
1105	-1000
1106	-1000
1107	-1000
1108	-1000
1109	-1000
1110	-1000
1111	-1000
1112	-1000
1113	-1000
1114	-1000
1115	-1000
1116	-1000
1117	-1000
1118	-1000
1119	-1000
1120	-1000
1121	-1000
1122	-1000
1123	-1000
1124	-1000
1125	-1000
1126	-1000
1127	-1000
1128	-1000
1129	-1000
1130	-1000
1131	-1000
1132	-1000
1133	-1000
1134	-1000
1135	-1000
1136	-1000
1137	-1000
1138	-1000
1139	-1000
1140	-1000
1141	-1000
1142	-1000
1143	-1000
1144	-1000
1145	-1000
1146	-1000
1147	-1000
1148	-1000
1149	-1000
1150	-1000
1151	-1000
1152	-1000
1153	-1000
1154	-1000
1155	-1000
1156	-1000
1157	-1000
1158	-1000
1159	-1000
1160	-1000
1161	-1000
1162	-1000
1163	-1000
1164	-1000
1165	-1000
1166	-1000
1167	-1000
1168	-1000
1169	-1000
1170	-1000
1171	-1000
1172	-1000
1173	-1000
1174	-1000
1175	-1000
1176	-1000
1177	-1000
1178	-1000
1179	-1000
1180	-1000
1181	-1000
1182	-1000
1183	-1000
1184	-1000
1185	-1000
1186	-1000
1187	-1000
1188	-1000
1189	-1000
1190	-1000
1191	-1000
1192	-1000
1193	-1000
1194	-1000
1195	-1000
1196	-1000
1197	-1000
1198	-1000
1199	-1000
1200	-1000
1201	-1000
1202	-1000
1203	-1000
1204	-1000
1205	-1000
1206	-1000
1207	-1000
1208	-1000
1209	-1000
1210	-1000
1211	-1000
1212	-1000
1213	-1000
1214	-1000
1215	-1000
1216	-1000
1217	-1000
1218	-1000
1219	-1000
1220	-1000
1221	-1000
1222	-1000
1223	-1000
1224	-1000
1225	-1000
1226	-1000
1227	-1000
1228	-1000
1229	-1000
1230	-1000
1231	-1000
1232	-1000
1233	-1000
1234	-1000
1235	-1000
1236	-1000
1237	-1000
1238	-1000
1239	-1000
1240	-1000
1241	-1000
1242	-1000
1243	-1000
1244	-1000
1245	-1000
1246	-1000
1247	-1000
1248	-1000
1249	-1000
1250	-1000
1251	-1000
1252	-1000
1253	-1000
1254	-1000
1255	-1000
1256	-1000
1257	-1000
1258	-1000
1259	-1000
1260	-1000
1261	-1000
1262	-1000
1263	-1000
1264	-1000
1265	-1000
1266	-1000
1267	-1000
1268	-1000
1269	-1000
1270	-1000
1271	-1000
1272	-1000
1273	-1000
1274	-1000
1275	-1000
1276	-1000
1277	-1000
1278	-1000
1279	-1000
1280	-1000
1281	-1000
1282	-1000
1283	-1000
1284	-1000
1285	-1000
1286	-1000
1287	-1000
1288	-1000
1289	-1000
1290	-1000
1291	-1000
1292	-1000
1293	-1000
1294	-1000
1295	-1000
1296	-1000
1297	-1000
1298	-1000
1299	-1000
1300	-1000
1301	-1000
1302	-1000
1303	-1000
1304	-1000
1305	-1000
1306	-1000
1307	-1000
1308	-1000
1309	-1000
1310	-1000
1311	-1000
1312	-1000
1313	-1000
1314	-1000
1315	-1000
1316	-1000
1317	-1000
1318	-1000
1319	-1000
1320	-1000
1321	-1000
1322	-1000
1323	-1000
1324	-1000
1325	-1000
1326	-1000
1327	-1000
1328	-1000
1329	-1000
1330	-1000
1331	-1000
1332	-1000
1333	-1000
1334	-1000
1335	-1000
1336	-1000
1337	-1000
1338	-1000
1339	-1000
1340	-1000
1341	-1000
1342	-1000
1343	-1000
1344	-1000
1345	-1000
1346	-1000
1347	-1000
1348	-1000
1349	-1000
1350	-1000
1351	-1000
1352	-1000
1353	-1000
1354	-1000
1355	-1000
1356	-1000
1357	-1000
1358	-1000
1359	-1000
1360	-1000
1361	-1000
1362	-1000
1363	-1000
1364	-1000
1365	-1000
1366	-1000
1367	-1000
1368	-1000
1369	-1000
1370	-1000
1371	-1000
1372	-1000
1373	-1000
1374	-1000
1375	-1000
1376	-1000
1377	-1000
1378	-1000
1379	-1000
1380	-1000
1381	-1000
1382	-1000
1383	-1000
1384	-1000
1385	-1000
1386	-1000
1387	-1000
1388	-1000
1389	-1000
1390	-1000
1391	-1000
1392	-1000
1393	-1000
1394	-1000
1395	-1000
1396	-1000
1397	-1000
1398	-1000
1399	-1000
1400	-1000
1401	-1000
1402	-1000
1403	-1000
1404	-1000
1405	-1000
1406	-1000
1407	-1000
1408	-1000
1409	-1000
1410	-1000
1411	-1000
1412	-1000
1413	-1000
1414	-1000
1415	-1000
1416	-1000
1417	-1000
1418	-1000
1419	-1000
1420	-1000
1421	-1000
1422	-1000
1423	-1000
1424	-1000
1425	-1000
1426	-1000
1427	-1000
1428	-1000
1429	-1000
1430	-1000
1431	-1000
1432	-1000
1433	-1000
1434	-1000
1435	-1000
1436	-1000
1437	-1000
1438	-1000
1439	-1000
1440	-1000
1441	-1000
1442	-1000
1443	-1000
1444	-1000
1445	-1000
1446	-1000
1447	-1000
1448	-1000
1449	-1000
1450	-1000
1451	-1000
1452	-1000
1453	-1000
1454	-1000
1455	-1000
1456	-1000
1457	-1000
1458	-1000
1459	-1000
1460	-1000
1461	-1000
1462	-1000
1463	-1000
1464	-1000
1465	-1000
1466	-1000
1467	-1000
1468	-1000
1469	-1000
1470	-1000
1471	-1000
1472	-1000
1473	-1000
1474	-1000
1475	-1000
1476	-1000
1477	-1000
1478	-1000
1479	-1000
1480	-1000
1481	-1000
1482	-1000
1483	-1000
1484	-1000
1485	-1000
1486	-1000
1487	-1000
1488	-1000
1489	-1000
1490	-1000
1491	-1000
1492	-1000
1493	-1000
1494	-1000
1495	-1000
1496	-1000
1497	-1000
1498	-1000
1499	-1000
1500	-1000
1501	-1000
1502	-1000
1503	-1000
1504	-1000
1505	-1000
1506	-1000
1507	-1000
1508	-1000
1509	-1000
1510	-1000
1511	-1000
1512	-1000
1513	-1000
1514	-1000
1515	-1000
1516	-1000
1517	-1000
1518	-1000
1519	-1000
1520	-1000
1521	-1000
1522	-1000
1523	-1000
1524	-1000
1525	-1000
1526	-1000
1527	-1000
1528	-1000
1529	-1000
1530	-1000
1531	-1000
1532	-1000
1533	-1000
1534	-1000
1535	-1000
1536	-1000
1537	-1000
1538	-1000
1539	-1000
1540	-1000
1541	-1000
1542	-1000
1543	-1000
1544	-1000
1545	-1000
1546	-1000
1547	-1000
1548	-1000
1549	-1000
1550	-1000
1551	-1000
1552	-1000
1553	-1000
1554	-1000
1555	-1000
1556	-1000
1557	-1000
1558	-1000
1559	-1000
1560	-1000
1561	-1000
1562	-1000
1563	-1000
1564	-1000
1565	-1000
1566	-1000
1567	-1000
1568	-1000
1569	-1000
1570	-1000
1571	-1000
1572	-1000
1573	-1000
1574	-1000
1575	-1000
1576	-1000
1577	-1000
1578	-1000
1579	-1000
1580	-1000
1581	-1000
1582	-1000
1583	-1000
1584	-1000
1585	-1000
1586	-1000
1587	-1000
1588	-1000
1589	-1000
1590	-1000
1591	-1000
1592	-1000
1593	-1000
1594	-1000
1595	-1000
1596	-1000
1597	-1000
1598	-1000
1599	-1000
1600	-1000
1601	-1000
1602	-1000
1603	-1000
1604	-1000
1605	-1000
1606	-1000
1607	-1000
1608	-1000
1609	-1000
1610	-1000
1611	-1000
1612	-1000
1613	-1000
1614	-1000
1615	-1000
1616	-1000
1617	-1000
1618	-1000
1619	-1000
1620	-1000
1621	-1000
1622	-1000
1623	-1000
1624	-1000
1625	-1000
1626	-1000
1627	-1000
1628	-1000
1629	-1000
1630	-1000
1631	-1000
1632	-1000
1633	-1000
1634	-1000
1635	-1000
1636	-1000
1637	-1000
1638	-1000
1639	-1000
1640	-1000
1641	-1000
1642	-1000
1643	-1000
1644	-1000
1645	-1000
1646	-1000
1647	-1000
1648	-1000
1649	-1000
1650	-1000
1651	-1000
1652	-1000
1653	-1000
1654	-1000
1655	-1000
1656	-1000
1657	-1000
1658	-1000
1659	-1000
1660	-1000
1661	-1000
1662	-1000
1663	-1000
1664	-1000
1665	-1000
1666	-1000
1667	-1000
1668	-1000
1669	-1000
1670	-1000
1671	-1000
1672	-1000
1673	-1000
1674	-1000
1675	-1000
1676	-1000
1677	-1000
1678	-1000
1679	-1000
1680	-1000
1681	-1000
1682	-1000
1683	-1000
1684	-1000
1685	-1000
1686	-1000
1687	-1000
1688	-1000
1689	-1000
1690	-1000
1691	-1000
1692	-1000
1693	-1000
1694	-1000
1695	-1000
1696	-1000
1697	-1000
1698	-1000
1699	-1000
1700	-1000
1701	-1000
1702	-1000
1703	-1000
1704	-1000
1705	-1000
1706	-1000
1707	-1000
1708	-1000
1709	-1000
1710	-1000
1711	-1000
1712	-1000
1713	-1000
1714	-1000
1715	-1000
1716	-1000
1717	-1000
1718	-1000
1719	-1000
1720	-1000
1721	-1000
1722	-1000
1723	-1000
1724	-1000
1725	-1000
1726	-1000
1727	-1000
1728	-1000
1729	-1000
1730	-1000
1731	-1000
1732	-1000
1733	-1000
1734	-1000
1735	-1000
1736	-1000
1737	-1000
1738	-1000
1739	-1000
1740	-1000
1741	-1000
1742	-1000
1743	-1000
1744	-1000
1745	-1000
1746	-1000
1747	-1000
1748	-1000
1749	-1000
1750	-1000
1751	-1000
1752	-1000
1753	-1000
1754	-1000
1755	-1000
1756	-1000
1757	-1000
1758	-1000
1759	-1000
1760	-1000
1761	-1000
1762	-1000
1763	-1000
1764	-1000
1765	-1000
1766	-1000
1767	-1000
1768	-1000
1769	-1000
1770	-1000
1771	-1000
1772	-1000
1773	-1000
1774	-1000
1775	-1000
1776	-1000
1777	-1000
1778	-1000
1779	-1000
1780	-1000
1781	-1000
1782	-1000
1783	-1000
1784	-1000
1785	-1000
1786	-1000
1787	-1000
1788	-1000
1789	-1000
1790	-1000
1791	-1000
1792	-1000
1793	-1000
1794	-1000
1795	-1000
1796	-1000
1797	-1000
1798	-1000
1799	-1000
1800	-1000
1801	-1000
1802	-1000
1803	-1000
1804	-1000
1805	-1000
1806	-1000
1807	-1000
1808	-1000
1809	-1000
1810	-1000
1811	-1000
1812	-1000
1813	-1000
1814	-1000
1815	-1000
1816	-1000
1817	3
1818	3
1819	3
1820	3
1821	3
1822	3
1823	3
1824	3
1825	3
1826	3
1827	3
1828	3
1829	3
1830	3
1831	3
1832	3
1833	3
1834	3
1835	3
1836	3
1837	3
1838	3
1839	3
1840	3
1841	3
1842	3
1843	3
1844	3
1845	3
1846	3
1847	3
1848	3
1849	3
1850	3
1851	3
1852	3
1853	3
1854	3
1855	3
1856	3
1857	3
1858	3
1859	3
1860	3
1861	3
1862	3
1863	3
1864	3
1865	3
1866	3
1867	3
1868	3
1869	3
1870	3
1871	3
1872	3
1873	3
1874	3
1875	3
1876	3
1877	3
1878	3
1879	3
1880	3
1881	3
1882	3
1883	3
1884	3
1885	3
1886	3
1887	3
1888	3
1889	3
1890	3
1891	3
1892	3
1893	3
1894	3
1895	3
1896	3
1897	3
1898	3
1899	3
1900	3
1901	3
1902	3
1903	3
1904	3
1905	3
1906	3
1907	3
1908	3
1909	3
1910	3
1911	3
1912	3
1913	3
1914	3
1915	3
1916	3
1917	3
1918	3
1919	3
1920	3
1921	3
1922	3
1923	3
1924	3
1925	3
1926	3
1927	3
1928	3
1929	3
1930	3
1931	3
1932	3
1933	3
1934	3
1935	3
1936	3
1937	3
1938	3
1939	3
1940	3
1941	3
1942	3
1943	3
1944	3
1945	3
1946	3
1947	3
1948	3
1949	3
1950	3
1951	3
1952	3
1953	3
1954	3
1955	3
1956	3
1957	3
1958	3
1959	3
1960	3
1961	3
1962	3
1963	3
1964	3
1965	3
1966	3
1967	3
1968	3
1969	3
1970	3
1971	3
1972	3
1973	3
1974	3
1975	3
1976	3
1977	3
1978	3
1979	3
1980	3
1981	3
1982	3
1983	3
1984	3
1985	3
1986	3
1987	3
1988	3
1989	3
1990	3
1991	3
1992	3
1993	3
1994	3
1995	3
1996	3
1997	3
1998	3
1999	3
2000	3
2001	3
2002	3
2003	3
2004	3
2005	3
2006	3
2007	3
2008	3
2009	3
2010	3
2011	3
2012	3
2013	3
2014	3
2015	3
2016	3
2017	3
2018	3
2019	3
2020	3
2021	3
2022	3
2023	3
2024	3
2025	3
2026	3
2027	3
2028	3
2029	3
2030	3
2031	3
2032	3
2033	3
2034	3
2035	3
2036	3
2037	3
2038	3
2039	3
2040	3
2041	3
2042	3
2043	3
2044	3
2045	3
2046	3
2047	3
2048	3
2049	3
2050	3
2051	3
2052	3
2053	3
2054	3
2055	3
2056	3
2057	3
2058	3
2059	3
2060	3
2061	3
2062	3
2063	3
2064	3
2065	3
2066	3
2067	3
2068	3
2069	3
2070	3
2071	3
2072	3
2073	3
2074	3
2075	3
2076	3
2077	3
2078	3
2079	3
2080	3
2081	3
2082	3
2083	3
2084	3
2085	3
2086	3
2087	3
2088	3
2089	3
2090	3
2091	3
2092	3
2093	3
2094	3
2095	3
2096	3
2097	3
2098	3
2099	3
2100	3
2101	3
2102	3
2103	3
2104	3
2105	3
2106	3
2107	3
2108	3
2109	3
2110	3
2111	3
2112	3
2113	3
2114	3
2115	3
2116	3
2117	3
2118	3
2119	3
2120	3
2121	3
2122	3
2123	3
2124	3
2125	3
2126	3
2127	3
2128	3
2129	3
2130	3
2131	3
2132	3
2133	3
2134	3
2135	3
2136	3
2137	3
2138	3
2139	3
2140	3
2141	3
2142	3
2143	3
2144	3
2145	3
2146	3
2147	3
2148	3
2149	3
2150	3
2151	3
2152	3
2153	3
2154	3
2155	3
2156	3
2157	3
2158	3
2159	3
2160	3
2161	3
2162	3
2163	3
2164	3
2165	3
2166	3
2167	3
2168	3
2169	3
2170	3
2171	3
2172	3
2173	3
2174	3
2175	3
2176	3
2177	3
2178	3
2179	3
2180	3
2181	3
2182	3
2183	3
2184	3
2185	3
2186	3
2187	3
2188	3
2189	3
2190	3
2191	3
2192	3
2193	3
2194	3
2195	3
2196	3
2197	3
2198	3
2199	3
2200	3
2201	3
2202	3
2203	3
2204	3
2205	3
2206	3
2207	3
2208	3
2209	3
2210	3
2211	3
2212	3
2213	3
2214	3
2215	3
2216	3
2217	3
2218	3
2219	3
2220	3
2221	3
2222	3
2223	3
2224	3
2225	3
2226	3
2227	3
2228	3
2229	3
2230	3
2231	3
2232	3
2233	3
2234	3
2235	3
2236	3
2237	3
2238	3
2239	3
2240	3
2241	3
2242	3
2243	3
2244	3
2245	3
2246	3
2247	3
2248	3
2249	3
2250	3
2251	3
2252	3
2253	3
2254	3
2255	3
2256	3
2257	3
2258	3
2259	3
2260	3
2261	3
2262	3
2263	3
2264	3
2265	3
2266	3
2267	3
2268	3
2269	3
2270	3
2271	3
2272	3
2273	3
2274	3
2275	3
2276	3
2277	3
2278	3
2279	3
2280	3
2281	3
2282	3
2283	3
2284	3
2285	3
2286	3
2287	3
2288	3
2289	3
2290	3
2291	3
2292	3
2293	3
2294	3
2295	3
2296	3
2297	3
2298	3
2299	3
2300	3
2301	3
2302	3
2303	3
2304	3
2305	3
2306	3
2307	3
2308	3
2309	3
2310	3
2311	3
2312	3
2313	3
2314	3
2315	3
2316	3
2317	3
2318	3
2319	3
2320	3
2321	3
2322	3
2323	3
2324	3
2325	3
2326	3
2327	3
2328	3
2329	3
2330	3
2331	3
2332	3
2333	3
2334	3
2335	3
2336	3
2337	3
2338	3
2339	3
2340	3
2341	3
2342	3
2343	3
2344	3
2345	3
2346	3
2347	3
2348	3
2349	3
2350	3
2351	3
2352	3
2353	3
2354	3
2355	3
2356	3
2357	3
2358	3
2359	3
2360	3
2361	3
2362	3
2363	3
2364	3
2365	3
2366	3
2367	3
2368	3
2369	3
2370	3
2371	3
2372	3
2373	3
2374	3
2375	3
2376	3
2377	3
2378	3
2379	3
2380	3
2381	3
2382	3
2383	3
2384	3
2385	3
2386	3
2387	3
2388	3
2389	3
2390	3
2391	3
2392	3
2393	3
2394	3
2395	3
2396	3
2397	3
2398	3
2399	3
2400	3
2401	3
2402	3
2403	3
2404	3
2405	3
2406	3
2407	3
2408	3
2409	3
2410	3
2411	3
2412	3
2413	3
2414	3
2415	3
2416	3
2417	3
2418	3
2419	3
2420	3
2421	3
2422	3
2423	3
2424	3
2425	3
2426	3
2427	3
2428	3
2429	3
2430	3
2431	3
2432	3
2433	3
2434	3
2435	3
2436	3
2437	3
2438	3
2439	3
2440	3
2441	3
2442	3
2443	3
2444	3
2445	3
2446	3
2447	3
2448	3
2449	3
2450	3
2451	3
2452	3
2453	3
2454	3
2455	3
2456	3
2457	3
2458	3
2459	3
2460	3
2461	3
2462	3
2463	3
2464	3
2465	3
2466	3
2467	3
2468	3
2469	3
2470	3
2471	3
2472	3
2473	3
2474	3
2475	3
2476	3
2477	3
2478	3
2479	3
2480	3
2481	3
2482	3
2483	3
2484	3
2485	3
2486	3
2487	3
2488	3
2489	3
2490	3
2491	3
2492	3
2493	3
2494	3
2495	3
2496	3
2497	3
2498	3
2499	3
2500	3
2501	3
2502	3
2503	3
2504	3
2505	3
2506	3
2507	3
2508	3
2509	3
2510	3
2511	3
2512	3
2513	3
2514	3
2515	3
2516	3
2517	3
2518	3
2519	3
2520	3
2521	3
2522	3
2523	3
2524	3
2525	3
2526	3
2527	3
2528	3
2529	3
2530	3
2531	3
2532	3
2533	3
2534	3
2535	3
2536	3
2537	3
2538	3
2539	3
2540	3
2541	3
2542	3
2543	3
2544	3
2545	3
2546	3
2547	3
2548	3
2549	3
2550	3
2551	3
2552	3
2553	3
2554	3
2555	3
2556	3
2557	3
2558	3
2559	3
2560	3
2561	3
2562	3
2563	3
2564	3
2565	3
2566	3
2567	3
2568	3
2569	3
2570	3
2571	3
2572	3
2573	3
2574	3
2575	3
2576	3
2577	3
2578	3
2579	3
2580	3
2581	3
2582	3
2583	3
2584	3
2585	3
2586	3
2587	3
2588	3
2589	3
2590	3
2591	3
2592	3
2593	3
2594	3
2595	3
2596	3
2597	3
2598	3
2599	3
2600	3
2601	3
2602	3
2603	3
2604	3
2605	3
2606	3
2607	3
2608	3
2609	3
2610	3
2611	3
2612	3
2613	3
2614	3
2615	3
2616	3
2617	3
2618	3
2619	3
2620	3
2621	3
2622	3
2623	3
2624	3
2625	3
2626	3
2627	3
2628	3
2629	3
2630	3
2631	3
2632	3
2633	3
2634	3
2635	3
2636	3
2637	3
2638	3
2639	3
2640	3
2641	3
2642	3
2643	3
2644	3
2645	3
2646	3
2647	3
2648	3
2649	3
2650	3
2651	3
2652	3
2653	3
2654	3
2655	3
2656	3
2657	3
2658	3
2659	3
2660	3
2661	3
2662	3
2663	3
2664	3
2665	3
2666	3
2667	3
2668	3
2669	3
2670	3
2671	3
2672	3
2673	3
2674	3
2675	3
2676	3
2677	3
2678	3
2679	3
2680	3
2681	3
2682	3
2683	3
2684	3
2685	3
2686	3
2687	3
2688	3
2689	3
2690	3
2691	3
2692	3
2693	3
2694	3
2695	3
2696	3
2697	3
2698	3
2699	3
2700	3
2701	3
2702	3
2703	3
2704	3
2705	3
2706	3
2707	3
2708	3
2709	3
2710	3
2711	3
2712	3
2713	3
2714	3
2715	3
2716	3
2717	3
2718	3
2719	3
2720	3
2721	3
2722	3
2723	3
2724	3
2725	3
2726	3
2727	3
2728	3
2729	3
2730	3
2731	3
2732	3
2733	3
2734	3
2735	3
2736	3
2737	3
2738	3
2739	3
2740	3
2741	3
2742	3
2743	3
2744	3
2745	3
2746	3
2747	3
2748	3
2749	3
2750	3
2751	3
2752	3
2753	3
2754	3
2755	3
2756	3
2757	3
2758	3
2759	3
2760	3
2761	3
2762	3
2763	3
2764	3
2765	3
2766	3
2767	3
2768	3
2769	3
2770	3
2771	3
2772	3
2773	3
2774	3
2775	3
2776	3
2777	3
2778	3
2779	3
2780	3
2781	3
2782	3
2783	3
2784	3
2785	3
2786	3
2787	3
2788	3
2789	3
2790	3
2791	3
2792	3
2793	3
2794	3
2795	3
2796	3
2797	3
2798	3
2799	3
2800	3
2801	3
2802	3
2803	3
2804	3
2805	3
2806	3
2807	3
2808	3
2809	3
2810	3
2811	3
2812	3
2813	3
2814	3
2815	3
2816	3
2817	3
2818	3
2819	3
2820	3
2821	3
2822	3
2823	3
2824	3
2825	3
2826	3
2827	3
2828	3
2829	3
2830	3
2831	3
2832	3
2833	3
2834	3
2835	3
2836	3
2837	3
2838	3
2839	3
2840	3
2841	3
2842	3
2843	3
2844	3
2845	3
2846	3
2847	3
2848	3
2849	3
2850	3
2851	3
2852	3
2853	3
2854	3
2855	3
2856	3
2857	3
2858	3
2859	3
2860	3
2861	3
2862	3
2863	3
2864	3
2865	3
2866	3
2867	3
2868	3
2869	3
2870	3
2871	3
2872	3
2873	3
2874	3
2875	3
2876	3
2877	3
2878	3
2879	3
2880	3
2881	3
2882	3
2883	3
2884	3
2885	3
2886	3
2887	3
2888	3
2889	3
2890	3
2891	3
2892	3
2893	3
2894	3
2895	3
2896	3
2897	3
2898	3
2899	3
2900	3
2901	3
2902	3
2903	3
2904	3
2905	3
2906	3
2907	3
2908	3
2909	3
2910	3
2911	3
2912	3
2913	3
2914	3
2915	3
2916	3
2917	3
2918	3
2919	3
2920	3
2921	3
2922	3
2923	3
2924	3
2925	3
2926	3
2927	3
2928	3
2929	3
2930	3
2931	3
2932	3
2933	3
2934	3
2935	3
2936	3
2937	3
2938	3
2939	3
2940	3
2941	3
2942	3
2943	3
2944	3
2945	3
2946	3
2947	3
2948	3
2949	3
2950	3
2951	3
2952	3
2953	3
2954	3
2955	3
2956	3
2957	3
2958	3
2959	3
2960	3
2961	3
2962	3
2963	3
2964	3
2965	3
2966	3
2967	3
2968	3
2969	3
2970	3
2971	3
2972	3
2973	3
2974	3
2975	3
2976	3
2977	3
2978	3
2979	3
2980	3
2981	3
2982	3
2983	3
2984	3
2985	3
2986	3
2987	3
2988	3
2989	3
2990	3
2991	3
2992	3
2993	3
2994	3
2995	3
2996	3
2997	3
2998	3
2999	3
3000	3
3001	3
3002	3
3003	3
3004	3
3005	3
3006	3
3007	3
3008	3
3009	3
3010	3
3011	3
3012	3
3013	3
3014	3
3015	3
3016	3
3017	3
3018	3
3019	3
3020	3
3021	3
3022	3
3023	3
3024	3
3025	3
3026	3
3027	3
3028	3
3029	3
3030	3
3031	3
3032	3
3033	3
3034	3
3035	3
3036	3
3037	3
3038	3
3039	3
3040	3
3041	3
3042	3
3043	3
3044	3
3045	3
3046	3
3047	3
3048	3
3049	3
3050	3
3051	3
3052	3
3053	3
3054	3
3055	3
3056	3
3057	3
3058	3
3059	3
3060	3
3061	3
3062	3
3063	3
3064	3
3065	3
3066	3
3067	3
3068	3
3069	3
3070	3
3071	3
3072	3
3073	3
3074	3
3075	3
3076	3
3077	3
3078	3
3079	3
3080	3
3081	3
3082	3
3083	3
3084	3
3085	3
3086	3
3087	3
3088	3
3089	3
3090	3
3091	3
3092	3
3093	3
3094	3
3095	3
3096	3
3097	3
3098	3
3099	3
3100	3
3101	3
3102	3
3103	3
3104	3
3105	3
3106	3
3107	3
3108	3
3109	3
3110	3
3111	3
3112	3
3113	3
3114	3
3115	3
3116	3
3117	3
3118	3
3119	3
3120	3
3121	3
3122	3
3123	3
3124	3
3125	3
3126	3
3127	3
3128	3
3129	3
3130	3
3131	3
3132	3
3133	3
3134	3
3135	3
3136	3
3137	3
3138	3
3139	3
3140	3
3141	3
3142	3
3143	3
3144	3
3145	3
3146	3
3147	3
3148	3
3149	3
3150	3
3151	3
3152	3
3153	3
3154	3
3155	3
3156	3
3157	3
3158	3
3159	3
3160	3
3161	3
3162	3
3163	3
3164	3
3165	3
3166	3
3167	3
3168	3
3169	3
3170	3
3171	3
3172	3
3173	3
3174	3
3175	3
3176	3
3177	3
3178	3
3179	3
3180	3
3181	3
3182	3
3183	3
3184	3
3185	3
3186	3
3187	3
3188	3
3189	3
3190	3
3191	3
3192	3
3193	3
3194	3
3195	3
3196	3
3197	3
3198	3
3199	3
3200	3
3201	3
3202	3
3203	3
3204	3
3205	3
3206	3
3207	3
3208	3
3209	3
3210	3
3211	3
3212	3
3213	3
3214	3
3215	3
3216	3
3217	3
3218	3
3219	3
3220	3
3221	3
3222	3
3223	3
3224	3
3225	3
3226	3
3227	3
3228	3
3229	3
3230	3
3231	3
3232	3
3233	3
3234	3
3235	3
3236	3
3237	3
3238	3
3239	3
3240	3
3241	3
3242	-1000
3243	-1000
3244	-1000
3245	-1000
3246	-1000
3247	-1000
3248	-1000
3249	-1000
3250	-1000
3251	-1000
3252	-1000
3253	-1000
3254	-1000
3255	-1000
3256	-1000
3257	-1000
3258	-1000
3259	-1000
3260	-1000
3261	-1000
3262	-1000
3263	-1000
3264	-1000
3265	-1000
3266	-1000
3267	-1000
3268	-1000
3269	-1000
3270	-1000
3271	-1000
3272	-1000
3273	-1000
3274	-1000
3275	-1000
3276	-1000
3277	-1000
3278	-1000
3279	-1000
3280	-1000
3281	-1000
3282	-1000
3283	-1000
3284	-1000
3285	-1000
3286	-1000
3287	-1000
3288	-1000
3289	-1000
3290	-1000
3291	-1000
3292	-1000
3293	-1000
3294	-1000
3295	-1000
3296	-1000
3297	-1000
3298	-1000
3299	-1000
3300	-1000
3301	-1000
3302	-1000
3303	-1000
3304	-1000
3305	-1000
3306	-1000
3307	-1000
3308	-1000
3309	-1000
3310	-1000
3311	-1000
3312	-1000
3313	-1000
3314	-1000
3315	-1000
3316	-1000
3317	-1000
3318	-1000
3319	-1000
3320	-1000
3321	-1000
3322	-1000
3323	-1000
3324	-1000
3325	-1000
3326	-1000
3327	-1000
3328	-1000
3329	-1000
3330	-1000
3331	-1000
3332	-1000
3333	-1000
3334	-1000
3335	-1000
3336	-1000
3337	-1000
3338	-1000
3339	-1000
3340	-1000
3341	-1000
3342	-1000
3343	-1000
3344	-1000
3345	-1000
3346	-1000
3347	-1000
3348	-1000
3349	-1000
3350	-1000
3351	-1000
3352	-1000
3353	-1000
3354	-1000
3355	-1000
3356	-1000
3357	-1000
3358	-1000
3359	-1000
3360	-1000
3361	-1000
3362	-1000
3363	-1000
3364	-1000
3365	-1000
3366	-1000
3367	-1000
3368	-1000
3369	-1000
3370	-1000
3371	-1000
3372	-1000
3373	-1000
3374	-1000
3375	-1000
3376	-1000
3377	-1000
3378	-1000
3379	-1000
3380	-1000
3381	-1000
3382	-1000
3383	-1000
3384	-1000
3385	-1000
3386	-1000
3387	-1000
3388	-1000
3389	-1000
3390	-1000
3391	-1000
3392	-1000
3393	-1000
3394	-1000
3395	-1000
3396	-1000
3397	-1000
3398	-1000
3399	-1000
3400	-1000
3401	-1000
3402	-1000
3403	-1000
3404	-1000
3405	-1000
3406	-1000
3407	-1000
3408	-1000
3409	-1000
3410	-1000
3411	-1000
3412	-1000
3413	-1000
3414	-1000
3415	-1000
3416	-1000
3417	-1000
3418	-1000
3419	-1000
3420	-1000
3421	-1000
3422	-1000
3423	-1000
3424	-1000
3425	-1000
3426	-1000
3427	-1000
3428	-1000
3429	-1000
3430	-1000
3431	-1000
3432	-1000
3433	-1000
3434	-1000
3435	-1000
3436	-1000
3437	-1000
3438	-1000
3439	-1000
3440	-1000
3441	-1000
3442	-1000
3443	-1000
3444	-1000
3445	-1000
3446	-1000
3447	-1000
3448	-1000
3449	-1000
3450	-1000
3451	-1000
3452	-1000
3453	-1000
3454	-1000
3455	-1000
3456	-1000
3457	-1000
3458	-1000
3459	-1000
3460	-1000
3461	-1000
3462	-1000
3463	-1000
3464	-1000
3465	-1000
3466	-1000
3467	-1000
3468	-1000
3469	-1000
3470	-1000
3471	-1000
3472	-1000
3473	-1000
3474	-1000
3475	-1000
3476	-1000
3477	-1000
3478	-1000
3479	-1000
3480	-1000
3481	-1000
3482	-1000
3483	-1000
3484	-1000
3485	-1000
3486	-1000
3487	-1000
3488	-1000
3489	-1000
3490	-1000
3491	-1000
3492	-1000
3493	-1000
3494	-1000
3495	-1000
3496	-1000
3497	-1000
3498	5
3499	5
3500	5
3501	5
3502	5
3503	5
3504	5
3505	5
3506	5
3507	5
3508	5
3509	5
3510	5
3511	5
3512	5
3513	5
3514	5
3515	5
3516	5
3517	5
3518	5
3519	5
3520	5
3521	5
3522	5
3523	5
3524	5
3525	5
3526	5
3527	5
3528	5
3529	5
3530	5
3531	5
3532	5
3533	5
3534	5
3535	5
3536	5
3537	5
3538	5
3539	5
3540	5
3541	5
3542	5
3543	5
3544	5
3545	5
3546	5
3547	5
3548	5
3549	5
3550	5
3551	5
3552	5
3553	5
3554	5
3555	5
3556	5
3557	5
3558	5
3559	5
3560	5
3561	5
3562	5
3563	5
3564	5
3565	5
3566	5
3567	5
3568	5
3569	5
3570	5
3571	5
3572	5
3573	5
3574	5
3575	5
3576	5
3577	5
3578	5
3579	5
3580	5
3581	5
3582	5
3583	5
3584	5
3585	5
3586	5
3587	5
3588	5
3589	5
3590	5
3591	5
3592	5
3593	5
3594	5
3595	5
3596	5
3597	5
3598	5
3599	5
3600	5
3601	5
3602	5
3603	5
3604	5
3605	5
3606	5
3607	5
3608	5
3609	5
3610	5
3611	5
3612	5
3613	5
3614	5
3615	5
3616	5
3617	5
3618	5
3619	5
3620	5
3621	5
3622	5
3623	5
3624	5
3625	5
3626	5
3627	5
3628	5
3629	5
3630	5
3631	5
3632	5
3633	5
3634	5
3635	5
3636	5
3637	5
3638	5
3639	5
3640	5
3641	5
3642	5
3643	5
3644	5
3645	5
3646	5
3647	5
3648	5
3649	5
3650	5
3651	5
3652	5
3653	5
3654	5
3655	5
3656	5
3657	5
3658	5
3659	5
3660	5
3661	5
3662	5
3663	5
3664	5
3665	5
3666	5
3667	5
3668	5
3669	5
3670	5
3671	5
3672	5
3673	5
3674	5
3675	5
3676	5
3677	5
3678	5
3679	5
3680	5
3681	5
3682	5
3683	5
3684	5
3685	5
3686	5
3687	5
3688	5
3689	5
3690	5
3691	5
3692	5
3693	5
3694	5
3695	5
3696	5
3697	5
3698	5
3699	5
3700	5
3701	5
3702	5
3703	5
3704	5
3705	5
3706	5
3707	5
3708	5
3709	5
3710	5
3711	5
3712	5
3713	5
3714	5
3715	5
3716	5
3717	5
3718	5
3719	5
3720	5
3721	5
3722	5
3723	5
3724	5
3725	5
3726	5
3727	5
3728	5
3729	5
3730	5
3731	5
3732	5
3733	5
3734	5
3735	5
3736	5
3737	5
3738	5
3739	5
3740	5
3741	5
3742	5
3743	5
3744	5
3745	5
3746	5
3747	5
3748	5
3749	5
3750	5
3751	5
3752	5
3753	5
3754	5
3755	5
3756	5
3757	5
3758	5
3759	5
3760	5
3761	5
3762	5
3763	5
3764	5
3765	5
3766	5
3767	5
3768	5
3769	5
3770	5
3771	5
3772	5
3773	5
3774	5
3775	5
3776	5
3777	5
3778	5
3779	5
3780	5
3781	5
3782	5
3783	5
3784	5
3785	5
3786	5
3787	5
3788	5
3789	5
3790	5
3791	5
3792	5
3793	5
3794	5
3795	5
3796	5
3797	5
3798	5
3799	5
3800	5
3801	5
3802	5
3803	5
3804	5
3805	5
3806	5
3807	5
3808	5
3809	5
3810	5
3811	5
3812	5
3813	5
3814	5
3815	5
3816	5
3817	5
3818	5
3819	5
3820	5
3821	5
3822	5
3823	5
3824	5
3825	5
3826	5
3827	5
3828	5
3829	5
3830	5
3831	5
3832	5
3833	5
3834	5
3835	5
3836	5
3837	5
3838	5
3839	5
3840	5
3841	5
3842	5
3843	5
3844	5
3845	5
3846	5
3847	5
3848	5
3849	5
3850	5
3851	5
3852	5
3853	5
3854	5
3855	5
3856	5
3857	5
3858	5
3859	5
3860	5
3861	5
3862	5
3863	5
3864	5
3865	5
3866	5
3867	5
3868	5
3869	5
3870	5
3871	5
3872	5
3873	5
3874	5
3875	5
3876	5
3877	5
3878	5
3879	5
3880	5
3881	5
3882	5
3883	5
3884	5
3885	5
3886	5
3887	5
3888	5
3889	5
3890	5
3891	5
3892	5
3893	5
3894	5
3895	5
3896	5
3897	5
3898	5
3899	5
3900	5
3901	5
3902	5
3903	5
3904	5
3905	5
3906	5
3907	5
3908	5
3909	5
3910	5
3911	5
3912	5
3913	5
3914	5
3915	5
3916	5
3917	5
3918	5
3919	5
3920	5
3921	5
3922	5
3923	5
3924	5
3925	5
3926	5
3927	5
3928	5
3929	5
3930	5
3931	5
3932	5
3933	5
3934	5
3935	5
3936	5
3937	5
3938	5
3939	5
3940	5
3941	5
3942	5
3943	5
3944	5
3945	5
3946	5
3947	5
3948	5
3949	5
3950	5
3951	5
3952	5
3953	5
3954	5
3955	5
3956	5
3957	5
3958	5
3959	5
3960	5
3961	5
3962	5
3963	5
3964	5
3965	5
3966	5
3967	5
3968	5
3969	5
3970	5
3971	5
3972	5
3973	5
3974	5
3975	5
3976	5
3977	5
3978	5
3979	5
3980	5
3981	5
3982	5
3983	5
3984	5
3985	5
3986	5
3987	5
3988	5
3989	5
3990	5
3991	5
3992	5
3993	5
3994	5
3995	5
3996	5
3997	5
3998	5
3999	5
4000	5
4001	5
4002	5
4003	5
4004	5
4005	5
4006	5
4007	5
4008	5
4009	5
4010	5
4011	5
4012	5
4013	5
4014	5
4015	5
4016	5
4017	5
4018	5
4019	5
4020	5
4021	5
4022	5
4023	5
4024	5
4025	5
4026	5
4027	5
4028	5
4029	5
4030	5
4031	5
4032	5
4033	5
4034	5
4035	5
4036	5
4037	5
4038	5
4039	5
4040	5
4041	5
4042	5
4043	5
4044	5
4045	5
4046	5
4047	5
4048	5
4049	5
4050	5
4051	5
4052	5
4053	5
4054	5
4055	5
4056	5
4057	5
4058	5
4059	5
4060	5
4061	5
4062	5
4063	5
4064	5
4065	5
4066	5
4067	5
4068	5
4069	5
4070	5
4071	5
4072	5
4073	5
4074	5
4075	5
4076	5
4077	5
4078	5
4079	5
4080	5
4081	5
4082	5
4083	5
4084	5
4085	5
4086	5
4087	5
4088	5
4089	5
4090	5
4091	5
4092	5
4093	5
4094	5
4095	5
4096	5
4097	5
4098	5
4099	5
4100	5
4101	5
4102	5
4103	5
4104	5
4105	5
4106	5
4107	5
4108	5
4109	5
4110	5
4111	5
4112	5
4113	5
4114	5
4115	5
4116	5
4117	5
4118	5
4119	5
4120	5
4121	5
4122	5
4123	5
4124	5
4125	5
4126	5
4127	5
4128	5
4129	5
4130	5
4131	5
4132	5
4133	5
4134	5
4135	5
4136	5
4137	5
4138	5
4139	5
4140	5
4141	5
4142	5
4143	5
4144	5
4145	5
4146	5
4147	5
4148	5
4149	5
4150	5
4151	5
4152	5
4153	5
4154	5
4155	5
4156	5
4157	5
4158	5
4159	5
4160	5
4161	5
4162	5
4163	5
4164	5
4165	5
4166	5
4167	5
4168	5
4169	5
4170	5
4171	5
4172	5
4173	5
4174	5
4175	5
4176	5
4177	5
4178	5
4179	5
4180	5
4181	5
4182	5
4183	5
4184	5
4185	5
4186	5
4187	5
4188	5
4189	5
4190	5
4191	5
4192	5
4193	5
4194	5
4195	5
4196	5
4197	5
4198	5
4199	5
4200	5
4201	5
4202	5
4203	5
4204	5
4205	5
4206	5
4207	5
4208	5
4209	5
4210	5
4211	5
4212	5
4213	5
4214	5
4215	5
4216	5
4217	5
4218	5
4219	5
4220	5
4221	5
4222	5
4223	5
4224	5
4225	5
4226	5
4227	5
4228	5
4229	5
4230	5
4231	5
4232	5
4233	5
4234	5
4235	5
4236	5
4237	5
4238	5
4239	5
4240	5
4241	5
4242	5
4243	5
4244	5
4245	5
4246	5
4247	5
4248	5
4249	5
4250	5
4251	5
4252	5
4253	5
4254	5
4255	5
4256	5
4257	5
4258	5
4259	5
4260	5
4261	5
4262	5
4263	5
4264	5
4265	5
4266	5
4267	5
4268	5
4269	5
4270	5
4271	5
4272	5
4273	5
4274	5
4275	5
4276	5
4277	5
4278	5
4279	5
4280	5
4281	5
4282	5
4283	5
4284	5
4285	5
4286	5
4287	5
4288	5
4289	5
4290	5
4291	5
4292	5
4293	5
4294	5
4295	5
4296	5
4297	5
4298	5
4299	5
4300	5
4301	5
4302	5
4303	5
4304	5
4305	5
4306	5
4307	5
4308	5
4309	5
4310	5
4311	5
4312	5
4313	5
4314	5
4315	5
4316	5
4317	5
4318	5
4319	5
4320	5
4321	5
4322	5
4323	5
4324	5
4325	5
4326	5
4327	5
4328	5
4329	5
4330	5
4331	5
4332	5
4333	5
4334	5
4335	5
4336	5
4337	5
4338	5
4339	5
4340	5
4341	5
4342	5
4343	5
4344	5
4345	5
4346	5
4347	5
4348	5
4349	5
4350	5
4351	5
4352	5
4353	5
4354	5
4355	5
4356	5
4357	5
4358	5
4359	5
4360	5
4361	5
4362	5
4363	5
4364	5
4365	5
4366	5
4367	5
4368	5
4369	5
4370	5
4371	5
4372	5
4373	5
4374	5
4375	5
4376	5
4377	5
4378	5
4379	5
4380	5
4381	5
4382	5
4383	5
4384	5
4385	5
4386	5
4387	5
4388	5
4389	5
4390	5
4391	5
4392	5
4393	5
4394	5
4395	5
4396	5
4397	5
4398	5
4399	5
4400	5
4401	5
4402	5
4403	5
4404	5
4405	5
4406	5
4407	5
4408	5
4409	5
4410	5
4411	5
4412	5
4413	5
4414	5
4415	5
4416	5
4417	5
4418	5
4419	5
4420	5
4421	5
4422	5
4423	5
4424	5
4425	5
4426	5
4427	5
4428	5
4429	5
4430	5
4431	5
4432	5
4433	5
4434	5
4435	5
4436	5
4437	5
4438	5
4439	5
4440	5
4441	5
4442	5
4443	5
4444	5
4445	5
4446	5
4447	5
4448	5
4449	5
4450	5
4451	5
4452	5
4453	5
4454	5
4455	5
4456	5
4457	5
4458	5
4459	5
4460	5
4461	5
4462	5
4463	5
4464	5
4465	5
4466	5
4467	5
4468	5
4469	5
4470	5
4471	5
4472	5
4473	5
4474	5
4475	5
4476	5
4477	5
4478	5
4479	5
4480	5
4481	5
4482	5
4483	5
4484	5
4485	5
4486	5
4487	5
4488	5
4489	5
4490	5
4491	5
4492	5
4493	5
4494	5
4495	5
4496	5
4497	5
4498	5
4499	5
4500	5
4501	5
4502	5
4503	5
4504	5
4505	5
4506	5
4507	5
4508	5
4509	5
4510	5
4511	5
4512	5
4513	5
4514	5
4515	5
4516	5
4517	5
4518	5
4519	5
4520	5
4521	5
4522	5
4523	5
4524	5
4525	5
4526	5
4527	5
4528	5
4529	5
4530	5
4531	5
4532	5
4533	5
4534	5
4535	5
4536	5
4537	5
4538	5
4539	5
4540	5
4541	5
4542	5
4543	5
4544	5
4545	5
4546	5
4547	5
4548	5
4549	5
4550	5
4551	5
4552	5
4553	5
4554	5
4555	5
4556	5
4557	5
4558	5
4559	5
4560	5
4561	5
4562	5
4563	5
4564	5
4565	5
4566	5
4567	5
4568	5
4569	5
4570	5
4571	5
4572	5
4573	5
4574	5
4575	5
4576	5
4577	5
4578	5
4579	5
4580	5
4581	5
4582	5
4583	5
4584	5
4585	5
4586	5
4587	5
4588	5
4589	5
4590	5
4591	5
4592	5
4593	5
4594	5
4595	5
4596	5
4597	5
4598	5
4599	5
4600	5
4601	5
4602	5
4603	5
4604	5
4605	5
4606	5
4607	5
4608	5
4609	5
4610	5
4611	5
4612	5
4613	5
4614	5
4615	5
4616	5
4617	5
4618	5
4619	5
4620	5
4621	5
4622	5
4623	5
4624	5
4625	5
4626	5
4627	5
4628	5
4629	5
4630	5
4631	5
4632	5
4633	5
4634	5
4635	5
4636	5
4637	5
4638	5
4639	5
4640	5
4641	5
4642	5
4643	5
4644	5
4645	5
4646	5
4647	5
4648	5
4649	5
4650	5
4651	5
4652	5
4653	5
4654	5
4655	5
4656	5
4657	5
4658	5
4659	5
4660	5
4661	5
4662	5
4663	5
4664	5
4665	5
4666	5
4667	5
4668	5
4669	5
4670	5
4671	5
4672	5
4673	5
4674	5
4675	5
4676	5
4677	5
4678	5
4679	5
4680	5
4681	5
4682	5
4683	5
4684	5
4685	5
4686	5
4687	5
4688	5
4689	5
4690	5
4691	5
4692	5
4693	5
4694	5
4695	5
4696	5
4697	5
4698	5
4699	5
4700	5
4701	5
4702	5
4703	5
4704	5
4705	5
4706	5
4707	5
4708	5
4709	5
4710	5
4711	5
4712	5
4713	5
4714	5
4715	5
4716	5
4717	5
4718	5
4719	5
4720	5
4721	5
4722	5
4723	5
4724	5
4725	5
4726	5
4727	5
4728	5
4729	5
4730	5
4731	5
4732	5
4733	5
4734	5
4735	5
4736	5
4737	5
4738	5
4739	5
4740	5
4741	5
4742	5
4743	5
4744	5
4745	5
4746	5
4747	5
4748	5
4749	5
4750	5
4751	5
4752	5
4753	5
4754	5
4755	5
4756	5
4757	5
4758	5
4759	5
4760	5
4761	5
4762	5
4763	5
4764	5
4765	5
4766	5
4767	5
4768	5
4769	5
4770	5
4771	5
4772	5
4773	5
4774	5
4775	5
4776	5
4777	5
4778	5
4779	5
4780	5
4781	5
4782	5
4783	5
4784	5
4785	5
4786	5
4787	5
4788	5
4789	5
4790	5
4791	5
4792	5
4793	5
4794	5
4795	5
4796	5
4797	5
4798	5
4799	5
4800	5
4801	5
4802	5
4803	5
4804	5
4805	5
4806	5
4807	5
4808	5
4809	5
4810	5
4811	5
4812	5
4813	5
4814	5
4815	5
4816	5
4817	5
4818	5
4819	5
4820	5
4821	5
4822	5
4823	5
4824	5
4825	5
4826	5
4827	5
4828	5
4829	5
4830	5
4831	5
4832	5
4833	5
4834	5
4835	5
4836	5
4837	5
4838	5
4839	5
4840	5
4841	5
4842	5
4843	5
4844	5
4845	5
4846	5
4847	5
4848	5
4849	5
4850	5
4851	5
4852	5
4853	5
4854	5
4855	5
4856	5
4857	5
4858	5
4859	5
4860	5
4861	5
4862	5
4863	5
4864	5
4865	5
4866	5
4867	5
4868	5
4869	5
4870	5
4871	5
4872	5
4873	5
4874	5
4875	5
4876	5
4877	5
4878	5
4879	5
4880	5
4881	5
4882	5
4883	5
4884	5
4885	5
4886	5
4887	5
4888	5
4889	5
4890	5
4891	5
4892	5
4893	5
4894	5
4895	5
4896	5
4897	5
4898	5
4899	5
4900	5
4901	5
4902	5
4903	5
4904	5
4905	5
4906	5
4907	5
4908	5
4909	5
4910	5
4911	5
4912	5
4913	5
4914	5
4915	5
4916	5
4917	5
4918	5
4919	5
4920	5
4921	5
4922	5
4923	5
4924	5
4925	5
4926	5
4927	5
4928	5
4929	5
4930	5
4931	5
4932	5
4933	5
4934	5
4935	5
4936	5
4937	5
4938	5
4939	5
4940	5
4941	5
4942	5
4943	5
4944	5
4945	5
4946	5
4947	5
4948	5
4949	5
4950	5
4951	5
4952	5
4953	5
4954	5
4955	5
4956	5
4957	5
4958	5
4959	5
4960	5
4961	5
4962	5
4963	5
4964	5
4965	5
4966	5
4967	5
4968	5
4969	5
4970	5
4971	5
4972	5
4973	5
4974	5
4975	5
4976	5
4977	5
4978	5
4979	5
4980	5
4981	5
4982	5
4983	5
4984	5
4985	5
4986	5
4987	5
4988	5
4989	5
4990	5
4991	5
4992	5
4993	5
4994	5
4995	5
4996	5
4997	5
4998	5
4999	5
5000	5
5001	5
5002	5
5003	5
5004	5
5005	5
5006	5
5007	5
5008	5
5009	5
5010	5
5011	5
5012	5
5013	5
5014	5
5015	5
5016	5
5017	5
5018	5
5019	5
5020	5
5021	5
5022	5
5023	5
5024	5
5025	5
5026	5
5027	5
5028	5
5029	5
5030	5
5031	5
5032	5
5033	5
5034	5
5035	5
5036	5
5037	5
5038	5
5039	5
5040	5
5041	5
5042	5
5043	5
5044	5
5045	5
5046	5
5047	5
5048	5
5049	5
5050	5
5051	5
5052	5
5053	5
5054	5
5055	5
5056	5
5057	5
5058	5
5059	5
5060	5
5061	5
5062	5
5063	5
5064	5
5065	5
5066	5
5067	5
5068	5
5069	5
5070	5
5071	5
5072	5
5073	5
5074	5
5075	5
5076	5
5077	5
5078	5
5079	5
5080	5
5081	5
5082	5
5083	5
5084	5
5085	5
5086	5
5087	5
5088	5
5089	5
5090	5
5091	5
5092	5
5093	5
5094	5
5095	5
5096	5
5097	5
5098	5
5099	5
5100	5
5101	5
5102	5
5103	5
5104	5
5105	5
5106	5
5107	5
5108	5
5109	5
5110	5
5111	5
5112	5
5113	5
5114	5
5115	5
5116	5
5117	5
5118	5
5119	5
5120	5
5121	5
5122	5
5123	5
5124	5
5125	5
5126	5
5127	5
5128	5
5129	5
5130	5
5131	5
5132	5
5133	5
5134	5
5135	5
5136	5
5137	5
5138	5
5139	5
5140	5
5141	5
5142	5
5143	5
5144	5
5145	5
5146	5
5147	5
5148	5
5149	5
5150	5
5151	5
5152	5
5153	5
5154	5
5155	5
5156	5
5157	5
5158	5
5159	5
5160	5
5161	5
5162	5
5163	5
5164	5
5165	5
5166	5
5167	5
5168	5
5169	5
5170	5
5171	5
5172	5
5173	5
5174	5
5175	5
5176	5
5177	5
5178	5
5179	5
5180	5
5181	5
5182	5
5183	5
5184	5
5185	5
5186	5
5187	5
5188	5
5189	5
5190	5
5191	5
5192	5
5193	5
5194	5
5195	5
5196	5
5197	5
5198	5
5199	5
5200	5
5201	5
5202	5
5203	5
5204	5
5205	5
5206	5
5207	5
5208	5
5209	5
5210	5
5211	5
5212	5
5213	5
5214	5
5215	5
5216	5
5217	5
5218	5
5219	5
5220	5
5221	5
5222	5
5223	5
5224	5
5225	5
5226	5
5227	5
5228	5
5229	5
5230	5
5231	5
5232	5
5233	5
5234	5
5235	5
5236	5
5237	5
5238	5
5239	5
5240	5
5241	5
5242	5
5243	5
5244	5
5245	5
5246	5
5247	5
5248	5
5249	5
5250	5
5251	5
5252	5
5253	5
5254	5
5255	5
5256	5
5257	5
5258	5
5259	5
5260	5
5261	5
5262	5
5263	5
5264	5
5265	5
5266	5
5267	5
5268	5
5269	5
5270	5
5271	5
5272	5
5273	5
5274	5
5275	5
5276	5
5277	5
5278	5
5279	5
5280	5
5281	5
5282	5
5283	5
5284	5
5285	5
5286	5
5287	5
5288	5
5289	5
5290	5
5291	5
5292	5
5293	5
5294	5
5295	5
5296	5
5297	5
5298	5
5299	5
5300	5
5301	5
5302	5
5303	5
5304	5
5305	5
5306	5
5307	5
5308	5
5309	5
5310	5
5311	5
5312	5
5313	5
5314	5
5315	5
5316	5
5317	5
5318	5
5319	5
5320	5
5321	5
5322	5
5323	5
5324	5
5325	5
5326	5
5327	5
5328	5
5329	5
5330	5
5331	5
5332	5
5333	5
5334	5
5335	5
5336	5
5337	5
5338	5
5339	5
5340	5
5341	5
5342	5
5343	5
5344	5
5345	5
5346	5
5347	5
5348	5
5349	5
5350	5
5351	5
5352	5
5353	5
5354	5
5355	5
5356	5
5357	5
5358	5
5359	5
5360	5
5361	5
5362	5
5363	5
5364	5
5365	5
5366	5
5367	5
5368	5
5369	5
5370	5
5371	5
5372	5
5373	5
5374	5
5375	5
5376	5
5377	5
5378	5
5379	5
5380	5
5381	5
5382	5
5383	5
5384	5
5385	5
5386	5
5387	5
5388	5
5389	5
5390	5
5391	5
5392	5
5393	5
5394	5
5395	5
5396	5
5397	5
5398	5
5399	5
5400	5
5401	5
5402	5
5403	5
5404	5
5405	5
5406	5
5407	5
5408	5
5409	5
5410	5
5411	5
5412	5
5413	5
5414	5
5415	5
5416	5
5417	5
5418	5
5419	5
5420	5
5421	5
5422	5
5423	5
5424	5
5425	5
5426	5
5427	5
5428	5
5429	5
5430	5
5431	5
5432	5
5433	5
5434	5
5435	5
5436	5
5437	5
5438	5
5439	5
5440	5
5441	5
5442	5
5443	5
5444	5
5445	5
5446	5
5447	5
5448	5
5449	5
5450	5
5451	5
5452	5
5453	5
5454	5
5455	5
5456	5
5457	5
5458	5
5459	5
5460	5
5461	5
5462	5
5463	5
5464	5
5465	5
5466	5
5467	5
5468	5
5469	5
5470	5
5471	5
5472	5
5473	5
5474	5
5475	5
5476	5
5477	5
5478	5
5479	5
5480	5
5481	5
5482	5
5483	5
5484	5
5485	5
5486	5
5487	5
5488	5
5489	5
5490	5
5491	5
5492	5
5493	5
5494	5
5495	5
5496	5
5497	5
5498	5
5499	5
5500	5
5501	5
5502	5
5503	5
5504	5
5505	5
5506	5
5507	5
5508	5
5509	5
5510	5
5511	5
5512	5
5513	5
5514	5
5515	5
5516	5
5517	5
5518	5
5519	5
5520	5
5521	5
5522	5
5523	5
5524	5
5525	5
5526	5
5527	5
5528	5
5529	5
5530	5
5531	5
5532	5
5533	5
5534	5
5535	5
5536	5
5537	5
5538	5
5539	5
5540	5
5541	5
5542	5
5543	5
5544	5
5545	5
5546	5
5547	5
5548	5
5549	5
5550	5
5551	5
5552	5
5553	5
5554	5
5555	5
5556	5
5557	5
5558	5
5559	5
5560	5
5561	5
5562	5
5563	5
5564	5
5565	5
5566	5
5567	5
5568	5
5569	5
5570	5
5571	5
5572	5
5573	5
5574	5
5575	5
5576	5
5577	5
5578	5
5579	5
5580	5
5581	5
5582	5
5583	5
5584	5
5585	5
5586	5
5587	5
5588	5
5589	5
5590	5
5591	5
5592	5
5593	5
5594	5
5595	5
5596	5
5597	5
5598	5
5599	5
5600	5
5601	5
5602	5
5603	5
5604	5
5605	5
5606	5
5607	5
5608	5
5609	5
5610	5
5611	5
5612	5
5613	5
5614	5
5615	5
5616	5
5617	5
5618	5
5619	5
5620	5
5621	5
5622	5
5623	5
5624	5
5625	5
5626	5
5627	5
5628	5
5629	5
5630	5
5631	5
5632	5
5633	5
5634	5
5635	5
5636	5
5637	5
5638	5
5639	5
5640	5
5641	5
5642	5
5643	5
5644	5
5645	5
5646	5
5647	5
5648	5
5649	5
5650	5
5651	5
5652	5
5653	5
5654	5
5655	5
5656	5
5657	5
5658	5
5659	5
5660	5
5661	5
5662	5
5663	5
5664	5
5665	5
5666	5
5667	5
5668	5
5669	5
5670	5
5671	5
5672	5
5673	5
5674	5
5675	5
5676	5
5677	5
5678	5
5679	5
5680	5
5681	5
5682	5
5683	5
5684	5
5685	5
5686	5
5687	5
5688	5
5689	5
5690	5
5691	5
5692	5
5693	5
5694	5
5695	5
5696	5
5697	5
5698	5
5699	5
5700	5
5701	5
5702	5
5703	5
5704	5
5705	5
5706	5
5707	5
5708	5
5709	5
5710	5
5711	5
5712	5
5713	5
5714	5
5715	5
5716	5
5717	5
5718	5
5719	5
5720	5
5721	5
5722	5
5723	5
5724	5
5725	5
5726	5
5727	5
5728	5
5729	5
5730	5
5731	5
5732	5
5733	5
5734	5
5735	5
5736	5
5737	5
5738	5
5739	5
5740	5
5741	5
5742	5
5743	5
5744	5
5745	5
5746	5
5747	5
5748	5
5749	5
5750	5
5751	5
5752	5
5753	5
5754	5
5755	5
5756	5
5757	5
5758	5
5759	5
5760	5
5761	5
5762	5
5763	5
5764	5
5765	5
5766	5
5767	5
5768	5
5769	5
5770	5
5771	5
5772	5
5773	5
5774	5
5775	5
5776	5
5777	5
5778	5
5779	5
5780	5
5781	5
5782	5
5783	5
5784	5
5785	5
5786	5
5787	5
5788	5
5789	5
5790	5
5791	5
5792	5
5793	5
5794	5
5795	5
5796	5
5797	5
5798	5
5799	5
5800	5
5801	5
5802	5
5803	5
5804	5
5805	5
5806	5
5807	5
5808	5
5809	5
5810	5
5811	5
5812	5
5813	5
5814	5
5815	5
5816	5
5817	5
5818	5
5819	5
5820	5
5821	5
5822	5
5823	5
5824	5
5825	5
5826	5
5827	5
5828	5
5829	5
5830	5
5831	5
5832	5
5833	5
5834	5
5835	5
5836	5
5837	5
5838	5
5839	5
5840	5
5841	5
5842	5
5843	5
5844	5
5845	5
5846	5
5847	5
5848	5
5849	5
5850	5
5851	5
5852	5
5853	5
5854	5
5855	5
5856	5
5857	5
5858	5
5859	5
5860	5
5861	5
5862	5
5863	5
5864	5
5865	5
5866	5
5867	5
5868	5
5869	5
5870	5
5871	5
5872	5
5873	5
5874	5
5875	5
5876	5
5877	5
5878	5
5879	5
5880	5
5881	5
5882	5
5883	5
5884	5
5885	5
5886	5
5887	5
5888	5
5889	5
5890	5
5891	5
5892	5
5893	5
5894	5
5895	5
5896	5
5897	5
5898	5
5899	5
5900	5
5901	5
5902	5
5903	5
5904	5
5905	5
5906	5
5907	5
5908	5
5909	5
5910	5
5911	5
5912	5
5913	5
5914	5
5915	5
5916	5
5917	5
5918	5
5919	5
5920	5
5921	5
5922	5
5923	5
5924	5
5925	5
5926	5
5927	5
5928	5
5929	5
5930	5
5931	5
5932	5
5933	5
5934	5
5935	5
5936	5
5937	5
5938	5
5939	5
5940	5
5941	-1000
5942	-1000
5943	-1000
5944	-1000
5945	-1000
5946	-1000
5947	-1000
5948	-1000
5949	-1000
5950	-1000
5951	-1000
5952	-1000
5953	-1000
5954	-1000
5955	-1000
5956	-1000
5957	-1000
5958	-1000
5959	-1000
5960	-1000
5961	-1000
5962	-1000
5963	-1000
5964	-1000
5965	-1000
5966	-1000
5967	-1000
5968	-1000
5969	-1000
5970	-1000
5971	-1000
5972	-1000
5973	-1000
5974	-1000
5975	-1000
5976	-1000
5977	-1000
5978	-1000
5979	-1000
5980	-1000
5981	-1000
5982	-1000
5983	-1000
5984	-1000
5985	-1000
5986	-1000
5987	-1000
5988	-1000
5989	-1000
5990	-1000
5991	-1000
5992	-1000
5993	-1000
5994	-1000
5995	-1000
5996	-1000
5997	-1000
5998	-1000
5999	-1000
6000	-1000
6001	-1000
6002	-1000
6003	-1000
6004	-1000
6005	-1000
6006	-1000
6007	-1000
6008	-1000
6009	-1000
6010	-1000
6011	-1000
6012	-1000
6013	-1000
6014	-1000
6015	-1000
6016	-1000
6017	-1000
6018	-1000
6019	-1000
6020	-1000
6021	-1000
6022	-1000
6023	-1000
6024	-1000
6025	-1000
6026	-1000
6027	-1000
6028	-1000
6029	-1000
6030	-1000
6031	-1000
6032	-1000
6033	-1000
6034	-1000
6035	-1000
6036	-1000
6037	-1000
6038	-1000
6039	-1000
6040	-1000
6041	-1000
6042	-1000
6043	-1000
6044	-1000
6045	-1000
6046	-1000
6047	-1000
6048	-1000
6049	-1000
6050	-1000
6051	-1000
6052	-1000
6053	-1000
6054	-1000
6055	-1000
6056	-1000
6057	-1000
6058	-1000
6059	-1000
6060	-1000
6061	-1000
6062	-1000
6063	-1000
6064	-1000
6065	-1000
6066	-1000
6067	-1000
6068	-1000
6069	-1000
6070	-1000
6071	-1000
6072	-1000
6073	-1000
6074	-1000
6075	-1000
6076	-1000
6077	-1000
6078	-1000
6079	-1000
6080	-1000
6081	-1000
6082	-1000
6083	-1000
6084	-1000
6085	-1000
6086	-1000
6087	-1000
6088	-1000
6089	-1000
6090	-1000
6091	-1000
6092	-1000
6093	-1000
6094	-1000
6095	-1000
6096	-1000
6097	-1000
6098	-1000
6099	-1000
6100	-1000
6101	-1000
6102	-1000
6103	-1000
6104	-1000
6105	-1000
6106	-1000
6107	-1000
6108	-1000
6109	-1000
6110	-1000
6111	-1000
6112	-1000
6113	-1000
6114	-1000
6115	-1000
6116	-1000
6117	-1000
6118	-1000
6119	-1000
6120	-1000
6121	-1000
6122	-1000
6123	-1000
6124	-1000
6125	-1000
6126	-1000
6127	-1000
6128	-1000
6129	-1000
6130	-1000
6131	-1000
6132	-1000
6133	-1000
6134	-1000
6135	-1000
6136	-1000
6137	-1000
6138	-1000
6139	-1000
6140	-1000
6141	-1000
6142	-1000
6143	-1000
6144	-1000
6145	-1000
6146	-1000
6147	-1000
6148	-1000
6149	-1000
6150	-1000
6151	-1000
6152	-1000
6153	-1000
6154	-1000
6155	-1000
6156	-1000
6157	-1000
6158	-1000
6159	-1000
6160	-1000
6161	-1000
6162	-1000
6163	-1000
6164	-1000
6165	-1000
6166	-1000
6167	-1000
6168	-1000
6169	-1000
6170	-1000
6171	-1000
6172	-1000
6173	-1000
6174	-1000
6175	-1000
6176	-1000
6177	-1000
6178	-1000
6179	-1000
6180	-1000
6181	-1000
6182	-1000
6183	-1000
6184	-1000
6185	-1000
6186	-1000
6187	-1000
6188	-1000
6189	-1000
6190	-1000
6191	-1000
6192	-1000
6193	-1000
6194	-1000
6195	-1000
6196	-1000
6197	-1000
6198	-1000
6199	-1000
6200	-1000
6201	-1000
6202	-1000
6203	-1000
6204	-1000
6205	-1000
6206	-1000
6207	-1000
6208	-1000
6209	-1000
6210	-1000
6211	-1000
6212	-1000
6213	-1000
6214	-1000
6215	-1000
6216	-1000
6217	-1000
6218	-1000
6219	-1000
6220	-1000
6221	-1000
6222	-1000
6223	-1000
6224	-1000
6225	-1000
6226	-1000
6227	-1000
6228	-1000
6229	-1000
6230	-1000
6231	-1000
6232	-1000
6233	-1000
6234	-1000
6235	-1000
6236	-1000
6237	-1000
6238	-1000
6239	-1000
6240	-1000
6241	-1000
6242	-1000
6243	-1000
6244	-1000
6245	-1000
6246	-1000
6247	-1000
6248	-1000
6249	-1000
6250	-1000
6251	-1000
6252	-1000
6253	-1000
6254	-1000
6255	-1000
6256	-1000
6257	-1000
6258	-1000
6259	-1000
6260	-1000
6261	-1000
6262	-1000
6263	-1000
6264	-1000
6265	-1000
6266	-1000
6267	-1000
6268	-1000
6269	-1000
6270	-1000
6271	-1000
6272	-1000
6273	-1000
6274	-1000
6275	-1000
6276	-1000
6277	-1000
6278	-1000
6279	-1000
6280	-1000
6281	-1000
6282	-1000
6283	-1000
6284	-1000
6285	-1000
6286	-1000
6287	-1000
6288	-1000
6289	-1000
6290	-1000
6291	-1000
6292	-1000
6293	-1000
6294	-1000
6295	-1000
6296	-1000
6297	-1000
6298	-1000
6299	-1000
6300	-1000
6301	-1000
6302	-1000
6303	-1000
6304	-1000
6305	-1000
6306	-1000
6307	-1000
6308	-1000
6309	-1000
6310	-1000
6311	-1000
6312	-1000
6313	-1000
6314	-1000
6315	-1000
6316	-1000
6317	-1000
6318	-1000
6319	-1000
6320	-1000
6321	-1000
6322	-1000
6323	-1000
6324	-1000
6325	-1000
6326	-1000
6327	-1000
6328	-1000
6329	-1000
6330	-1000
6331	-1000
6332	-1000
6333	-1000
6334	-1000
6335	-1000
6336	-1000
6337	-1000
6338	-1000
6339	-1000
6340	-1000
6341	-1000
6342	-1000
6343	-1000
6344	-1000
6345	-1000
6346	-1000
6347	-1000
6348	-1000
6349	-1000
6350	-1000
6351	-1000
6352	-1000
6353	-1000
6354	-1000
6355	-1000
6356	-1000
6357	-1000
6358	-1000
6359	-1000
6360	-1000
6361	-1000
6362	-1000
6363	-1000
6364	-1000
6365	-1000
6366	-1000
6367	-1000
6368	-1000
6369	-1000
6370	-1000
6371	-1000
6372	-1000
6373	-1000
6374	-1000
6375	-1000
6376	-1000
6377	-1000
6378	-1000
6379	-1000
6380	-1000
6381	-1000
6382	-1000
6383	-1000
6384	-1000
6385	-1000
6386	-1000
6387	-1000
6388	-1000
6389	-1000
6390	-1000
6391	-1000
6392	-1000
6393	-1000
6394	-1000
6395	-1000
6396	-1000
6397	-1000
6398	-1000
6399	-1000
6400	-1000
6401	-1000
6402	-1000
6403	-1000
6404	-1000
6405	-1000
6406	-1000
6407	-1000
6408	-1000
6409	-1000
6410	-1000
6411	-1000
6412	-1000
6413	-1000
6414	-1000
6415	-1000
6416	-1000
6417	-1000
6418	-1000
6419	-1000
6420	-1000
6421	-1000
6422	-1000
6423	-1000
6424	-1000
6425	-1000
6426	-1000
6427	-1000
6428	-1000
6429	-1000
6430	-1000
6431	-1000
6432	-1000
6433	-1000
6434	-1000
6435	-1000
6436	-1000
6437	-1000
6438	-1000
6439	-1000
6440	-1000
6441	-1000
6442	-1000
6443	-1000
6444	-1000
6445	-1000
6446	-1000
6447	-1000
6448	-1000
6449	-1000
6450	-1000
6451	-1000
6452	-1000
6453	-1000
6454	-1000
6455	-1000
6456	-1000
6457	-1000
6458	-1000
6459	-1000
6460	-1000
6461	-1000
6462	-1000
6463	-1000
6464	-1000
6465	-1000
6466	-1000
6467	-1000
6468	-1000
6469	-1000
6470	-1000
6471	-1000
6472	-1000
6473	-1000
6474	-1000
6475	-1000
6476	-1000
6477	-1000
6478	-1000
6479	-1000
6480	-1000
6481	-1000
6482	-1000
6483	-1000
6484	-1000
6485	-1000
6486	-1000
6487	-1000
6488	-1000
6489	-1000
6490	-1000
6491	-1000
6492	-1000
6493	-1000
6494	-1000
6495	-1000
6496	-1000
6497	-1000
6498	-1000
6499	-1000
6500	-1000
6501	-1000
6502	-1000
6503	-1000
6504	-1000
6505	-1000
6506	-1000
6507	-1000
6508	-1000
6509	-1000
6510	-1000
6511	-1000
6512	-1000
6513	-1000
6514	-1000
6515	-1000
6516	-1000
6517	-1000
6518	-1000
6519	-1000
6520	-1000
6521	-1000
6522	-1000
6523	-1000
6524	-1000
6525	-1000
6526	-1000
6527	-1000
6528	-1000
6529	-1000
6530	-1000
6531	-1000
6532	-1000
6533	-1000
6534	-1000
6535	-1000
6536	-1000
6537	-1000
6538	-1000
6539	-1000
6540	-1000
6541	-1000
6542	-1000
6543	-1000
6544	-1000
6545	-1000
6546	-1000
6547	-1000
6548	-1000
6549	-1000
6550	-1000
6551	-1000
6552	-1000
6553	-1000
6554	-1000
6555	-1000
6556	-1000
6557	-1000
6558	-1000
6559	-1000
6560	-1000
6561	-1000
6562	-1000
6563	-1000
6564	-1000
6565	-1000
6566	-1000
6567	-1000
6568	-1000
6569	-1000
6570	-1000
6571	-1000
6572	-1000
6573	-1000
6574	-1000
6575	-1000
6576	-1000
6577	-1000
6578	-1000
6579	-1000
6580	-1000
6581	-1000
6582	-1000
6583	-1000
6584	-1000
6585	-1000
6586	-1000
6587	-1000
6588	-1000
6589	-1000
6590	-1000
6591	-1000
6592	-1000
6593	-1000
6594	-1000
6595	-1000
6596	-1000
6597	-1000
6598	-1000
6599	-1000
6600	-1000
6601	-1000
6602	-1000
6603	-1000
6604	-1000
6605	-1000
6606	-1000
6607	-1000
6608	-1000
6609	-1000
6610	-1000
6611	-1000
6612	-1000
6613	-1000
6614	-1000
6615	-1000
6616	-1000
6617	-1000
6618	-1000
6619	-1000
6620	-1000
6621	-1000
6622	-1000
6623	-1000
6624	-1000
6625	-1000
6626	-1000
6627	-1000
6628	-1000
6629	-1000
6630	-1000
6631	-1000
6632	-1000
6633	-1000
6634	-1000
6635	-1000
6636	-1000
6637	-1000
6638	-1000
6639	-1000
6640	-1000
6641	-1000
6642	-1000
6643	-1000
6644	-1000
6645	-1000
6646	-1000
6647	-1000
6648	-1000
6649	-1000
6650	-1000
6651	-1000
6652	-1000
6653	-1000
6654	-1000
6655	-1000
6656	-1000
6657	-1000
6658	-1000
6659	-1000
6660	-1000
6661	-1000
6662	-1000
6663	-1000
6664	-1000
6665	-1000
6666	-1000
6667	-1000
6668	-1000
6669	-1000
6670	-1000
6671	-1000
6672	-1000
6673	-1000
6674	-1000
6675	-1000
6676	-1000
6677	-1000
6678	-1000
6679	-1000
6680	-1000
6681	-1000
6682	-1000
6683	-1000
6684	-1000
6685	-1000
6686	-1000
6687	-1000
6688	-1000
6689	-1000
6690	-1000
6691	-1000
6692	-1000
6693	-1000
6694	-1000
6695	-1000
6696	-1000
6697	-1000
6698	-1000
6699	-1000
6700	-1000
6701	-1000
6702	-1000
6703	-1000
6704	-1000
6705	-1000
6706	-1000
6707	-1000
6708	-1000
6709	-1000
6710	-1000
6711	-1000
6712	-1000
6713	-1000
6714	-1000
6715	-1000
6716	-1000
6717	-1000
6718	-1000
6719	-1000
6720	-1000
6721	-1000
6722	-1000
6723	-1000
6724	-1000
6725	-1000
6726	-1000
6727	-1000
6728	-1000
6729	-1000
6730	-1000
6731	-1000
6732	-1000
6733	-1000
6734	-1000
6735	-1000
6736	-1000
6737	-1000
6738	-1000
6739	-1000
6740	-1000
6741	-1000
6742	-1000
6743	-1000
6744	-1000
6745	-1000
6746	-1000
6747	-1000
6748	-1000
6749	-1000
6750	-1000
6751	-1000
6752	-1000
6753	-1000
6754	-1000
6755	-1000
6756	-1000
6757	-1000
6758	-1000
6759	-1000
6760	-1000
6761	-1000
6762	-1000
6763	-1000
6764	-1000
6765	-1000
6766	-1000
6767	-1000
6768	-1000
6769	-1000
6770	-1000
6771	-1000
6772	-1000
6773	-1000
6774	-1000
6775	-1000
6776	-1000
6777	-1000
6778	-1000
6779	-1000
6780	-1000
6781	-1000
6782	-1000
6783	-1000
6784	-1000
6785	-1000
6786	-1000
6787	-1000
6788	-1000
6789	-1000
6790	-1000
6791	-1000
6792	-1000
6793	-1000
6794	-1000
6795	-1000
6796	-1000
6797	-1000
6798	-1000
6799	-1000
6800	-1000
6801	-1000
6802	-1000
6803	-1000
6804	-1000
6805	-1000
6806	-1000
6807	-1000
6808	-1000
6809	-1000
6810	-1000
6811	-1000
6812	-1000
6813	-1000
6814	-1000
6815	-1000
6816	-1000
6817	-1000
6818	-1000
6819	-1000
6820	-1000
6821	-1000
6822	-1000
6823	-1000
6824	-1000
6825	-1000
6826	-1000
6827	-1000
6828	-1000
6829	-1000
6830	-1000
6831	-1000
6832	-1000
6833	-1000
6834	-1000
6835	-1000
6836	-1000
6837	-1000
6838	-1000
6839	-1000
6840	-1000
6841	-1000
6842	-1000
6843	-1000
6844	-1000
6845	-1000
6846	-1000
6847	-1000
6848	-1000
6849	-1000
6850	-1000
6851	-1000
6852	-1000
6853	-1000
6854	-1000
6855	-1000
6856	-1000
6857	-1000
6858	-1000
6859	-1000
6860	-1000
6861	-1000
6862	-1000
6863	-1000
6864	-1000
6865	-1000
6866	-1000
6867	-1000
6868	-1000
6869	-1000
6870	-1000
6871	-1000
6872	-1000
6873	-1000
6874	-1000
6875	-1000
6876	-1000
6877	-1000
6878	-1000
6879	-1000
6880	-1000
6881	-1000
6882	-1000
6883	-1000
6884	-1000
6885	-1000
6886	-1000
6887	-1000
6888	-1000
6889	-1000
6890	-1000
6891	-1000
6892	-1000
6893	-1000
6894	-1000
6895	-1000
6896	-1000
6897	-1000
6898	-1000
6899	-1000
6900	-1000
6901	-1000
