0	-1000
1	-1000
2	-1000
3	-1000
4	-1000
5	-1000
6	-1000
7	-1000
8	-1000
9	-1000
10	-1000
11	-1000
12	-1000
13	-1000
14	-1000
15	-1000
16	-1000
17	-1000
18	-1000
19	-1000
20	-1000
21	-1000
22	-1000
23	-1000
24	-1000
25	-1000
26	-1000
27	-1000
28	-1000
29	-1000
30	-1000
31	-1000
32	-1000
33	-1000
34	-1000
35	-1000
36	-1000
37	-1000
38	-1000
39	-1000
40	-1000
41	-1000
42	-1000
43	-1000
44	-1000
45	-1000
46	-1000
47	-1000
48	-1000
49	-1000
50	-1000
51	-1000
52	-1000
53	-1000
54	-1000
55	-1000
56	-1000
57	-1000
58	-1000
59	-1000
60	-1000
61	-1000
62	-1000
63	-1000
64	-1000
65	-1000
66	-1000
67	-1000
68	-1000
69	-1000
70	-1000
71	-1000
72	-1000
73	-1000
74	-1000
75	-1000
76	-1000
77	-1000
78	-1000
79	-1000
80	-1000
81	-1000
82	-1000
83	-1000
84	-1000
85	-1000
86	-1000
87	-1000
88	-1000
89	-1000
90	-1000
91	-1000
92	-1000
93	-1000
94	-1000
95	-1000
96	-1000
97	-1000
98	-1000
99	-1000
100	-1000
101	-1000
102	-1000
103	-1000
104	-1000
105	-1000
106	-1000
107	-1000
108	-1000
109	-1000
110	-1000
111	-1000
112	-1000
113	-1000
114	-1000
115	-1000
116	-1000
117	-1000
118	-1000
119	-1000
120	-1000
121	-1000
122	-1000
123	-1000
124	-1000
125	-1000
126	-1000
127	-1000
128	-1000
129	-1000
130	-1000
131	-1000
132	-1000
133	-1000
134	-1000
135	-1000
136	-1000
137	-1000
138	-1000
139	-1000
140	-1000
141	-1000
142	-1000
143	-1000
144	-1000
145	-1000
146	-1000
147	-1000
148	-1000
149	-1000
150	-1000
151	-1000
152	-1000
153	-1000
154	-1000
155	-1000
156	-1000
157	-1000
158	-1000
159	-1000
160	-1000
161	-1000
162	-1000
163	-1000
164	-1000
165	-1000
166	-1000
167	-1000
168	-1000
169	-1000
170	-1000
171	-1000
172	-1000
173	-1000
174	-1000
175	-1000
176	-1000
177	-1000
178	-1000
179	-1000
180	-1000
181	-1000
182	-1000
183	-1000
184	-1000
185	-1000
186	-1000
187	-1000
188	-1000
189	-1000
190	-1000
191	-1000
192	-1000
193	-1000
194	-1000
195	-1000
196	-1000
197	-1000
198	-1000
199	-1000
200	-1000
201	-1000
202	-1000
203	-1000
204	-1000
205	-1000
206	-1000
207	-1000
208	-1000
209	-1000
210	-1000
211	-1000
212	-1000
213	-1000
214	-1000
215	-1000
216	-1000
217	-1000
218	-1000
219	-1000
220	-1000
221	-1000
222	-1000
223	-1000
224	-1000
225	-1000
226	-1000
227	-1000
228	-1000
229	-1000
230	-1000
231	-1000
232	-1000
233	-1000
234	-1000
235	-1000
236	-1000
237	-1000
238	-1000
239	-1000
240	-1000
241	-1000
242	-1000
243	-1000
244	-1000
245	-1000
246	-1000
247	-1000
248	-1000
249	-1000
250	-1000
251	-1000
252	-1000
253	-1000
254	-1000
255	-1000
256	-1000
257	-1000
258	-1000
259	-1000
260	-1000
261	-1000
262	-1000
263	-1000
264	-1000
265	-1000
266	-1000
267	-1000
268	-1000
269	-1000
270	-1000
271	-1000
272	-1000
273	-1000
274	-1000
275	-1000
276	-1000
277	1
278	1
279	1
280	1
281	1
282	1
283	1
284	1
285	1
286	1
287	1
288	1
289	1
290	1
291	1
292	1
293	1
294	1
295	1
296	1
297	1
298	1
299	1
300	1
301	1
302	1
303	1
304	1
305	1
306	1
307	1
308	1
309	1
310	1
311	1
312	1
313	1
314	1
315	1
316	1
317	1
318	1
319	1
320	1
321	1
322	1
323	1
324	1
325	1
326	1
327	1
328	1
329	1
330	1
331	1
332	1
333	1
334	1
335	1
336	1
337	1
338	1
339	1
340	1
341	1
342	1
343	1
344	1
345	1
346	1
347	1
348	1
349	1
350	1
351	1
352	1
353	1
354	1
355	1
356	1
357	1
358	1
359	1
360	1
361	1
362	1
363	1
364	1
365	1
366	1
367	1
368	1
369	1
370	1
371	1
372	1
373	1
374	1
375	1
376	1
377	1
378	1
379	1
380	1
381	1
382	1
383	1
384	1
385	1
386	1
387	1
388	1
389	1
390	1
391	1
392	1
393	1
394	1
395	1
396	1
397	1
398	1
399	1
400	1
401	1
402	1
403	1
404	1
405	1
406	1
407	1
408	1
409	1
410	1
411	1
412	1
413	1
414	1
415	1
416	1
417	1
418	1
419	1
420	1
421	1
422	1
423	1
424	1
425	1
426	1
427	1
428	1
429	1
430	1
431	1
432	1
433	1
434	1
435	1
436	1
437	1
438	1
439	1
440	1
441	1
442	1
443	1
444	1
445	1
446	1
447	1
448	1
449	1
450	1
451	1
452	1
453	1
454	1
455	1
456	1
457	1
458	1
459	1
460	1
461	1
462	1
463	1
464	1
465	1
466	1
467	1
468	1
469	1
470	1
471	1
472	1
473	1
474	1
475	1
476	1
477	1
478	1
479	1
480	1
481	1
482	1
483	1
484	1
485	1
486	1
487	1
488	1
489	1
490	1
491	1
492	1
493	1
494	1
495	1
496	1
497	-1000
498	-1000
499	-1000
500	-1000
501	-1000
502	-1000
503	-1000
504	-1000
505	-1000
506	-1000
507	-1000
508	-1000
509	-1000
510	-1000
511	-1000
512	-1000
513	-1000
514	-1000
515	-1000
516	-1000
517	-1000
518	-1000
519	-1000
520	-1000
521	-1000
522	-1000
523	-1000
524	-1000
525	-1000
526	-1000
527	-1000
528	-1000
529	-1000
530	-1000
531	-1000
532	-1000
533	-1000
534	-1000
535	-1000
536	-1000
537	-1000
538	-1000
539	-1000
540	-1000
541	-1000
542	-1000
543	-1000
544	-1000
545	-1000
546	-1000
547	-1000
548	-1000
549	-1000
550	-1000
551	-1000
552	-1000
553	-1000
554	-1000
555	-1000
556	-1000
557	-1000
558	-1000
559	-1000
560	-1000
561	-1000
562	-1000
563	-1000
564	-1000
565	-1000
566	-1000
567	-1000
568	-1000
569	-1000
570	-1000
571	-1000
572	-1000
573	-1000
574	-1000
575	-1000
576	-1000
577	-1000
578	-1000
579	-1000
580	-1000
581	-1000
582	-1000
583	-1000
584	-1000
585	-1000
586	-1000
587	-1000
588	-1000
589	-1000
590	-1000
591	-1000
592	-1000
593	-1000
594	-1000
595	-1000
596	-1000
597	-1000
598	-1000
599	-1000
600	-1000
601	-1000
602	-1000
603	-1000
604	-1000
605	-1000
606	-1000
607	-1000
608	-1000
609	-1000
610	-1000
611	-1000
612	-1000
613	-1000
614	-1000
615	-1000
616	-1000
617	-1000
618	-1000
619	-1000
620	-1000
621	-1000
622	-1000
623	-1000
624	-1000
625	-1000
626	-1000
627	-1000
628	-1000
629	-1000
630	-1000
631	-1000
632	-1000
633	-1000
634	-1000
635	-1000
636	-1000
637	-1000
638	-1000
639	-1000
640	-1000
641	-1000
642	-1000
643	-1000
644	-1000
645	-1000
646	-1000
647	-1000
648	-1000
649	-1000
650	-1000
651	-1000
652	-1000
653	-1000
654	-1000
655	-1000
656	-1000
657	-1000
658	-1000
659	-1000
660	-1000
661	-1000
662	-1000
663	-1000
664	-1000
665	-1000
666	-1000
667	-1000
668	-1000
669	-1000
670	-1000
671	-1000
672	-1000
673	-1000
674	-1000
675	-1000
676	-1000
677	-1000
678	-1000
679	-1000
680	-1000
681	-1000
682	-1000
683	-1000
684	-1000
685	-1000
686	-1000
687	-1000
688	-1000
689	-1000
690	-1000
691	-1000
692	-1000
693	-1000
694	-1000
695	-1000
696	-1000
697	-1000
698	-1000
699	-1000
700	-1000
701	-1000
702	-1000
703	-1000
704	-1000
705	-1000
706	-1000
707	-1000
708	-1000
709	-1000
710	-1000
711	-1000
712	-1000
713	-1000
714	-1000
715	-1000
716	-1000
717	-1000
718	-1000
719	-1000
720	-1000
721	-1000
722	-1000
723	-1000
724	-1000
725	-1000
726	-1000
727	-1000
728	-1000
729	-1000
730	-1000
731	-1000
732	-1000
733	-1000
734	-1000
735	-1000
736	-1000
737	-1000
738	-1000
739	-1000
740	-1000
741	-1000
742	-1000
743	-1000
744	-1000
745	-1000
746	-1000
747	-1000
748	-1000
749	-1000
750	-1000
751	-1000
752	-1000
753	-1000
754	-1000
755	-1000
756	-1000
757	-1000
758	-1000
759	-1000
760	-1000
761	-1000
762	-1000
763	-1000
764	-1000
765	-1000
766	-1000
767	-1000
768	-1000
769	-1000
770	-1000
771	-1000
772	-1000
773	-1000
774	-1000
775	-1000
776	-1000
777	-1000
778	-1000
779	-1000
780	-1000
781	-1000
782	-1000
783	-1000
784	-1000
785	-1000
786	-1000
787	-1000
788	-1000
789	-1000
790	-1000
791	-1000
792	-1000
793	-1000
794	-1000
795	-1000
796	-1000
797	-1000
798	-1000
799	-1000
800	-1000
801	-1000
802	-1000
803	-1000
804	-1000
805	-1000
806	-1000
807	-1000
808	-1000
809	-1000
810	-1000
811	-1000
812	-1000
813	-1000
814	-1000
815	-1000
816	-1000
817	-1000
818	-1000
819	-1000
820	-1000
821	-1000
822	-1000
823	-1000
824	-1000
825	-1000
826	-1000
827	-1000
828	-1000
829	-1000
830	-1000
831	-1000
832	-1000
833	-1000
834	-1000
835	-1000
836	-1000
837	-1000
838	-1000
839	-1000
840	-1000
841	-1000
842	-1000
843	-1000
844	-1000
845	-1000
846	-1000
847	-1000
848	-1000
849	-1000
850	-1000
851	-1000
852	-1000
853	-1000
854	-1000
855	-1000
856	-1000
857	-1000
858	-1000
859	-1000
860	-1000
861	-1000
862	-1000
863	-1000
864	-1000
865	-1000
866	-1000
867	-1000
868	-1000
869	-1000
870	-1000
871	-1000
872	-1000
873	-1000
874	-1000
875	-1000
876	-1000
877	-1000
878	-1000
879	-1000
880	-1000
881	-1000
882	-1000
883	-1000
884	-1000
885	-1000
886	-1000
887	-1000
888	-1000
889	-1000
890	-1000
891	-1000
892	-1000
893	-1000
894	-1000
895	-1000
896	-1000
897	-1000
898	-1000
899	-1000
900	-1000
901	-1000
902	-1000
903	-1000
904	-1000
905	-1000
906	-1000
907	-1000
908	-1000
909	-1000
910	-1000
911	-1000
912	-1000
913	-1000
914	-1000
915	-1000
916	-1000
917	-1000
918	-1000
919	-1000
920	-1000
921	-1000
922	-1000
923	-1000
924	-1000
925	-1000
926	-1000
927	-1000
928	-1000
929	-1000
930	-1000
931	-1000
932	-1000
933	-1000
934	-1000
935	-1000
936	-1000
937	-1000
938	-1000
939	-1000
940	-1000
941	-1000
942	-1000
943	-1000
944	-1000
945	-1000
946	-1000
947	-1000
948	-1000
949	-1000
950	-1000
951	-1000
952	-1000
953	-1000
954	-1000
955	-1000
956	-1000
957	-1000
958	-1000
959	-1000
960	-1000
961	-1000
962	-1000
963	-1000
964	-1000
965	-1000
966	-1000
967	-1000
968	-1000
969	-1000
970	-1000
971	-1000
972	-1000
973	-1000
974	-1000
975	-1000
976	-1000
977	-1000
978	-1000
979	-1000
980	-1000
981	-1000
982	-1000
983	-1000
984	-1000
985	-1000
986	-1000
987	-1000
988	-1000
989	-1000
990	-1000
991	-1000
992	-1000
993	-1000
994	-1000
995	-1000
996	-1000
997	-1000
998	-1000
999	-1000
1000	-1000
1001	-1000
1002	-1000
1003	-1000
1004	-1000
1005	-1000
1006	-1000
1007	-1000
1008	-1000
1009	-1000
1010	-1000
1011	-1000
1012	-1000
1013	-1000
1014	-1000
1015	-1000
1016	-1000
1017	-1000
1018	-1000
1019	-1000
1020	-1000
1021	-1000
1022	-1000
1023	-1000
1024	-1000
1025	-1000
1026	-1000
1027	-1000
1028	-1000
1029	-1000
1030	-1000
1031	-1000
1032	-1000
1033	-1000
1034	-1000
1035	-1000
1036	-1000
1037	-1000
1038	-1000
1039	-1000
1040	-1000
1041	-1000
1042	-1000
1043	-1000
1044	-1000
1045	-1000
1046	-1000
1047	-1000
1048	-1000
1049	-1000
1050	-1000
1051	-1000
1052	-1000
1053	-1000
1054	-1000
1055	-1000
1056	-1000
1057	-1000
1058	-1000
1059	-1000
1060	-1000
1061	-1000
1062	-1000
1063	-1000
1064	-1000
1065	-1000
1066	-1000
1067	-1000
1068	-1000
1069	-1000
1070	-1000
1071	-1000
1072	-1000
1073	-1000
1074	-1000
1075	-1000
1076	-1000
1077	-1000
1078	-1000
1079	-1000
1080	-1000
1081	-1000
1082	-1000
1083	-1000
1084	-1000
1085	-1000
1086	-1000
1087	-1000
1088	-1000
1089	-1000
1090	-1000
1091	-1000
1092	-1000
1093	-1000
1094	-1000
1095	-1000
1096	-1000
1097	-1000
1098	-1000
1099	-1000
1100	-1000
1101	-1000
1102	-1000
1103	-1000
1104	-1000
1105	-1000
1106	-1000
1107	-1000
1108	-1000
1109	-1000
1110	-1000
1111	-1000
1112	-1000
1113	-1000
1114	-1000
1115	-1000
1116	-1000
1117	-1000
1118	-1000
1119	-1000
1120	-1000
1121	-1000
1122	-1000
1123	-1000
1124	-1000
1125	-1000
1126	-1000
1127	-1000
1128	-1000
1129	-1000
1130	-1000
1131	-1000
1132	-1000
1133	-1000
1134	-1000
1135	-1000
1136	-1000
1137	-1000
1138	-1000
1139	-1000
1140	-1000
1141	-1000
1142	-1000
1143	-1000
1144	-1000
1145	-1000
1146	-1000
1147	-1000
1148	-1000
1149	-1000
1150	-1000
1151	-1000
1152	-1000
1153	-1000
1154	-1000
1155	-1000
1156	-1000
1157	-1000
1158	-1000
1159	-1000
1160	-1000
1161	-1000
1162	-1000
1163	-1000
1164	-1000
1165	-1000
1166	-1000
1167	-1000
1168	-1000
1169	-1000
1170	-1000
1171	-1000
1172	-1000
1173	-1000
1174	-1000
1175	-1000
1176	-1000
1177	-1000
1178	-1000
1179	-1000
1180	-1000
1181	-1000
1182	-1000
1183	-1000
1184	-1000
1185	-1000
1186	-1000
1187	-1000
1188	-1000
1189	-1000
1190	-1000
1191	-1000
1192	-1000
1193	-1000
1194	-1000
1195	-1000
1196	-1000
1197	-1000
1198	-1000
1199	-1000
1200	-1000
1201	-1000
1202	-1000
1203	-1000
1204	-1000
1205	-1000
1206	-1000
1207	-1000
1208	-1000
1209	-1000
1210	-1000
1211	-1000
1212	-1000
1213	-1000
1214	-1000
1215	-1000
1216	-1000
1217	-1000
1218	-1000
1219	-1000
1220	-1000
1221	-1000
1222	-1000
1223	-1000
1224	-1000
1225	-1000
1226	-1000
1227	-1000
1228	-1000
1229	-1000
1230	-1000
1231	-1000
1232	-1000
1233	-1000
1234	-1000
1235	-1000
1236	-1000
1237	-1000
1238	-1000
1239	-1000
1240	-1000
1241	5
1242	5
1243	5
1244	5
1245	5
1246	5
1247	5
1248	5
1249	5
1250	5
1251	5
1252	5
1253	5
1254	5
1255	5
1256	5
1257	5
1258	5
1259	5
1260	5
1261	5
1262	5
1263	5
1264	5
1265	5
1266	5
1267	5
1268	5
1269	5
1270	5
1271	5
1272	5
1273	5
1274	5
1275	5
1276	5
1277	5
1278	5
1279	5
1280	5
1281	5
1282	5
1283	5
1284	5
1285	5
1286	5
1287	5
1288	5
1289	5
1290	5
1291	5
1292	5
1293	5
1294	5
1295	5
1296	5
1297	5
1298	5
1299	5
1300	5
1301	5
1302	5
1303	5
1304	5
1305	5
1306	5
1307	5
1308	5
1309	5
1310	5
1311	5
1312	5
1313	5
1314	5
1315	5
1316	5
1317	5
1318	5
1319	5
1320	5
1321	5
1322	5
1323	5
1324	5
1325	5
1326	5
1327	5
1328	5
1329	5
1330	5
1331	5
1332	5
1333	5
1334	5
1335	5
1336	5
1337	5
1338	5
1339	5
1340	5
1341	5
1342	5
1343	5
1344	5
1345	5
1346	5
1347	5
1348	5
1349	5
1350	5
1351	5
1352	5
1353	5
1354	5
1355	5
1356	5
1357	5
1358	5
1359	5
1360	5
1361	5
1362	5
1363	5
1364	5
1365	5
1366	5
1367	5
1368	5
1369	5
1370	5
1371	5
1372	5
1373	5
1374	5
1375	5
1376	5
1377	5
1378	5
1379	5
1380	5
1381	5
1382	5
1383	5
1384	5
1385	5
1386	5
1387	5
1388	5
1389	5
1390	5
1391	5
1392	5
1393	5
1394	5
1395	5
1396	5
1397	5
1398	5
1399	5
1400	5
1401	5
1402	5
1403	5
1404	5
1405	5
1406	5
1407	5
1408	5
1409	5
1410	5
1411	5
1412	5
1413	5
1414	5
1415	5
1416	5
1417	5
1418	5
1419	5
1420	5
1421	5
1422	5
1423	5
1424	5
1425	5
1426	5
1427	5
1428	5
1429	5
1430	5
1431	5
1432	5
1433	5
1434	5
1435	5
1436	5
1437	5
1438	5
1439	5
1440	5
1441	5
1442	5
1443	5
1444	5
1445	5
1446	5
1447	5
1448	5
1449	5
1450	5
1451	5
1452	5
1453	5
1454	5
1455	5
1456	5
1457	5
1458	5
1459	5
1460	5
1461	5
1462	5
1463	5
1464	5
1465	5
1466	5
1467	5
1468	5
1469	5
1470	5
1471	5
1472	5
1473	5
1474	5
1475	5
1476	5
1477	5
1478	5
1479	5
1480	5
1481	5
1482	5
1483	5
1484	5
1485	5
1486	5
1487	5
1488	5
1489	5
1490	5
1491	5
1492	5
1493	5
1494	5
1495	5
1496	5
1497	5
1498	5
1499	5
1500	5
1501	5
1502	5
1503	5
1504	5
1505	5
1506	5
1507	5
1508	5
1509	5
1510	5
1511	5
1512	5
1513	5
1514	5
1515	5
1516	5
1517	5
1518	5
1519	5
1520	5
1521	5
1522	5
1523	5
1524	5
1525	5
1526	5
1527	5
1528	5
1529	5
1530	5
1531	5
1532	5
1533	5
1534	5
1535	5
1536	5
1537	5
1538	5
1539	5
1540	5
1541	5
1542	5
1543	5
1544	5
1545	5
1546	5
1547	5
1548	5
1549	5
1550	5
1551	5
1552	5
1553	5
1554	5
1555	5
1556	5
1557	5
1558	5
1559	5
1560	5
1561	5
1562	5
1563	5
1564	5
1565	5
1566	5
1567	5
1568	5
1569	5
1570	5
1571	5
1572	5
1573	5
1574	5
1575	5
1576	5
1577	5
1578	5
1579	5
1580	5
1581	5
1582	5
1583	5
1584	5
1585	5
1586	5
1587	5
1588	5
1589	5
1590	5
1591	5
1592	5
1593	5
1594	5
1595	5
1596	5
1597	5
1598	5
1599	5
1600	5
1601	5
1602	5
1603	5
1604	5
1605	5
1606	5
1607	5
1608	5
1609	5
1610	5
1611	5
1612	5
1613	5
1614	5
1615	5
1616	5
1617	5
1618	5
1619	5
1620	5
1621	5
1622	5
1623	5
1624	5
1625	5
1626	5
1627	5
1628	5
1629	5
1630	5
1631	5
1632	5
1633	5
1634	5
1635	5
1636	5
1637	5
1638	5
1639	5
1640	5
1641	5
1642	5
1643	5
1644	5
1645	5
1646	5
1647	5
1648	5
1649	5
1650	5
1651	5
1652	5
1653	5
1654	5
1655	5
1656	5
1657	5
1658	5
1659	5
1660	5
1661	5
1662	5
1663	5
1664	5
1665	5
1666	5
1667	5
1668	5
1669	5
1670	5
1671	5
1672	5
1673	5
1674	5
1675	5
1676	5
1677	5
1678	5
1679	5
1680	5
1681	5
1682	5
1683	5
1684	5
1685	5
1686	5
1687	5
1688	5
1689	5
1690	5
1691	5
1692	5
1693	5
1694	5
1695	5
1696	5
1697	5
1698	5
1699	5
1700	5
1701	5
1702	5
1703	5
1704	5
1705	5
1706	5
1707	5
1708	5
1709	5
1710	5
1711	5
1712	5
1713	5
1714	5
1715	5
1716	5
1717	5
1718	5
1719	5
1720	5
1721	5
1722	5
1723	5
1724	5
1725	5
1726	5
1727	5
1728	5
1729	5
1730	5
1731	5
1732	5
1733	5
1734	5
1735	5
1736	5
1737	5
1738	5
1739	5
1740	5
1741	5
1742	5
1743	5
1744	5
1745	5
1746	5
1747	5
1748	5
1749	5
1750	5
1751	5
1752	5
1753	5
1754	5
1755	5
1756	5
1757	5
1758	5
1759	5
1760	5
1761	5
1762	5
1763	5
1764	5
1765	5
1766	5
1767	5
1768	5
1769	5
1770	5
1771	5
1772	5
1773	5
1774	5
1775	5
1776	5
1777	5
1778	5
1779	5
1780	5
1781	5
1782	5
1783	5
1784	5
1785	5
1786	5
1787	5
1788	5
1789	5
1790	5
1791	5
1792	5
1793	5
1794	5
1795	5
1796	5
1797	5
1798	5
1799	5
1800	5
1801	5
1802	5
1803	5
1804	5
1805	5
1806	5
1807	5
1808	5
1809	5
1810	5
1811	5
1812	5
1813	5
1814	5
1815	5
1816	5
1817	5
1818	5
1819	5
1820	5
1821	5
1822	5
1823	5
1824	5
1825	5
1826	5
1827	5
1828	5
1829	5
1830	5
1831	5
1832	5
1833	5
1834	5
1835	5
1836	5
1837	5
1838	5
1839	5
1840	5
1841	5
1842	5
1843	5
1844	5
1845	5
1846	5
1847	5
1848	5
1849	5
1850	5
1851	5
1852	5
1853	5
1854	5
1855	5
1856	5
1857	5
1858	5
1859	5
1860	5
1861	5
1862	5
1863	5
1864	5
1865	5
1866	5
1867	5
1868	5
1869	5
1870	5
1871	5
1872	5
1873	5
1874	5
1875	5
1876	5
1877	5
1878	5
1879	5
1880	5
1881	5
1882	5
1883	5
1884	5
1885	5
1886	5
1887	5
1888	5
1889	5
1890	5
1891	5
1892	5
1893	5
1894	5
1895	5
1896	5
1897	5
1898	5
1899	5
1900	5
1901	5
1902	5
1903	5
1904	5
1905	5
1906	5
1907	5
1908	5
1909	5
1910	5
1911	5
1912	5
1913	5
1914	5
1915	5
1916	5
1917	5
1918	5
1919	5
1920	5
1921	5
1922	5
1923	5
1924	5
1925	5
1926	5
1927	5
1928	5
1929	5
1930	5
1931	5
1932	5
1933	5
1934	5
1935	5
1936	5
1937	5
1938	5
1939	5
1940	5
1941	5
1942	5
1943	5
1944	5
1945	5
1946	5
1947	5
1948	5
1949	5
1950	5
1951	5
1952	5
1953	5
1954	5
1955	5
1956	5
1957	5
1958	5
1959	5
1960	5
1961	5
1962	5
1963	5
1964	5
1965	5
1966	5
1967	5
1968	5
1969	5
1970	5
1971	5
1972	5
1973	5
1974	5
1975	5
1976	5
1977	5
1978	5
1979	5
1980	5
1981	5
1982	5
1983	5
1984	5
1985	5
1986	5
1987	5
1988	5
1989	5
1990	5
1991	5
1992	5
1993	5
1994	5
1995	5
1996	5
1997	5
1998	5
1999	5
2000	5
2001	5
2002	5
2003	5
2004	5
2005	5
2006	5
2007	-1000
2008	-1000
2009	-1000
2010	-1000
2011	-1000
2012	-1000
2013	-1000
2014	-1000
2015	-1000
2016	-1000
2017	-1000
2018	-1000
2019	-1000
2020	-1000
2021	-1000
2022	-1000
2023	-1000
2024	-1000
2025	-1000
2026	-1000
2027	-1000
2028	-1000
2029	-1000
2030	-1000
2031	-1000
2032	-1000
2033	-1000
2034	-1000
2035	-1000
2036	-1000
2037	-1000
2038	-1000
2039	-1000
2040	-1000
2041	-1000
2042	-1000
2043	-1000
2044	-1000
2045	-1000
2046	-1000
2047	-1000
2048	-1000
2049	-1000
2050	-1000
2051	-1000
2052	-1000
2053	-1000
2054	-1000
2055	-1000
2056	-1000
2057	-1000
2058	-1000
2059	-1000
2060	-1000
2061	-1000
2062	-1000
2063	-1000
2064	-1000
2065	-1000
2066	-1000
2067	-1000
2068	-1000
2069	-1000
2070	-1000
2071	-1000
2072	-1000
2073	-1000
2074	-1000
2075	-1000
2076	-1000
2077	-1000
2078	-1000
2079	-1000
2080	-1000
2081	-1000
2082	-1000
2083	-1000
2084	-1000
2085	-1000
2086	-1000
2087	-1000
2088	-1000
2089	-1000
2090	-1000
2091	-1000
2092	-1000
2093	-1000
2094	-1000
2095	-1000
2096	-1000
2097	-1000
2098	-1000
2099	-1000
2100	-1000
2101	-1000
2102	-1000
2103	-1000
2104	-1000
2105	-1000
2106	-1000
2107	-1000
2108	-1000
2109	-1000
2110	-1000
2111	-1000
2112	-1000
2113	-1000
2114	-1000
2115	-1000
2116	-1000
2117	-1000
2118	-1000
2119	-1000
2120	-1000
2121	-1000
2122	-1000
2123	-1000
2124	-1000
2125	-1000
2126	-1000
2127	-1000
2128	-1000
2129	-1000
2130	-1000
2131	-1000
2132	-1000
2133	-1000
2134	-1000
2135	-1000
2136	-1000
2137	-1000
2138	-1000
2139	-1000
2140	-1000
2141	-1000
2142	-1000
2143	-1000
2144	-1000
2145	-1000
2146	-1000
2147	-1000
2148	-1000
2149	-1000
2150	-1000
2151	-1000
2152	-1000
2153	-1000
2154	-1000
2155	-1000
2156	-1000
2157	-1000
2158	-1000
2159	-1000
2160	-1000
2161	-1000
2162	-1000
2163	-1000
2164	-1000
2165	-1000
2166	-1000
2167	-1000
2168	-1000
2169	-1000
2170	-1000
2171	-1000
2172	-1000
2173	-1000
2174	-1000
2175	-1000
2176	-1000
2177	-1000
2178	-1000
2179	-1000
2180	-1000
2181	-1000
2182	-1000
2183	-1000
2184	-1000
2185	-1000
2186	-1000
2187	-1000
2188	-1000
2189	-1000
2190	-1000
2191	-1000
2192	-1000
2193	-1000
2194	-1000
2195	-1000
2196	-1000
2197	-1000
2198	-1000
2199	-1000
2200	-1000
2201	-1000
2202	-1000
2203	-1000
2204	-1000
2205	-1000
2206	-1000
2207	-1000
2208	-1000
2209	-1000
2210	-1000
2211	-1000
2212	-1000
2213	-1000
2214	-1000
2215	-1000
2216	-1000
2217	-1000
2218	-1000
2219	-1000
2220	-1000
2221	-1000
2222	-1000
2223	-1000
2224	-1000
2225	-1000
2226	-1000
2227	-1000
2228	-1000
2229	-1000
2230	-1000
2231	-1000
2232	-1000
2233	-1000
2234	-1000
2235	-1000
2236	-1000
2237	-1000
2238	-1000
2239	-1000
2240	-1000
2241	-1000
2242	-1000
2243	-1000
2244	-1000
2245	-1000
2246	-1000
2247	-1000
2248	-1000
2249	-1000
2250	-1000
2251	-1000
2252	-1000
2253	-1000
2254	-1000
2255	-1000
2256	-1000
2257	-1000
2258	-1000
2259	-1000
2260	-1000
2261	-1000
2262	-1000
2263	-1000
2264	-1000
2265	-1000
2266	-1000
2267	-1000
2268	-1000
2269	-1000
2270	-1000
2271	-1000
2272	-1000
2273	-1000
2274	-1000
2275	-1000
2276	-1000
2277	-1000
2278	-1000
2279	-1000
2280	-1000
2281	-1000
2282	-1000
2283	-1000
2284	-1000
2285	-1000
2286	-1000
2287	-1000
2288	-1000
2289	-1000
2290	-1000
2291	-1000
2292	-1000
2293	-1000
2294	-1000
2295	-1000
2296	-1000
2297	-1000
2298	-1000
2299	-1000
2300	-1000
2301	-1000
2302	-1000
2303	-1000
2304	-1000
2305	-1000
2306	-1000
2307	-1000
2308	-1000
2309	-1000
2310	-1000
2311	-1000
2312	-1000
2313	-1000
2314	-1000
2315	-1000
2316	-1000
2317	-1000
2318	-1000
2319	-1000
2320	-1000
2321	-1000
2322	-1000
2323	-1000
2324	-1000
2325	-1000
2326	-1000
2327	-1000
2328	-1000
2329	-1000
2330	-1000
2331	-1000
2332	-1000
2333	-1000
2334	-1000
2335	-1000
2336	-1000
2337	-1000
2338	-1000
2339	-1000
2340	-1000
2341	-1000
2342	-1000
2343	-1000
2344	-1000
2345	-1000
2346	-1000
2347	-1000
2348	-1000
2349	-1000
2350	-1000
2351	-1000
2352	-1000
2353	-1000
2354	-1000
2355	-1000
2356	-1000
2357	-1000
2358	-1000
2359	-1000
2360	-1000
2361	-1000
2362	-1000
2363	-1000
2364	-1000
2365	-1000
2366	-1000
2367	-1000
2368	-1000
2369	-1000
2370	-1000
2371	-1000
2372	-1000
2373	-1000
2374	-1000
2375	-1000
2376	-1000
2377	-1000
2378	-1000
2379	-1000
2380	-1000
2381	-1000
2382	-1000
2383	-1000
2384	-1000
2385	-1000
2386	-1000
2387	-1000
2388	-1000
2389	-1000
2390	-1000
2391	-1000
2392	-1000
2393	-1000
2394	-1000
2395	-1000
2396	-1000
2397	-1000
2398	-1000
2399	-1000
2400	-1000
2401	-1000
2402	-1000
2403	-1000
2404	-1000
2405	-1000
2406	-1000
2407	-1000
2408	7
2409	7
2410	7
2411	7
2412	7
2413	7
2414	7
2415	7
2416	7
2417	7
2418	7
2419	7
2420	7
2421	7
2422	7
2423	7
2424	7
2425	7
2426	7
2427	7
2428	7
2429	7
2430	7
2431	7
2432	7
2433	7
2434	7
2435	7
2436	7
2437	7
2438	7
2439	7
2440	7
2441	7
2442	7
2443	7
2444	7
2445	7
2446	7
2447	7
2448	7
2449	7
2450	7
2451	7
2452	7
2453	7
2454	7
2455	7
2456	7
2457	7
2458	7
2459	7
2460	7
2461	7
2462	7
2463	7
2464	7
2465	7
2466	7
2467	7
2468	7
2469	7
2470	7
2471	7
2472	7
2473	7
2474	7
2475	7
2476	7
2477	7
2478	7
2479	7
2480	7
2481	7
2482	7
2483	7
2484	7
2485	7
2486	7
2487	7
2488	7
2489	7
2490	7
2491	7
2492	7
2493	7
2494	7
2495	7
2496	7
2497	7
2498	7
2499	7
2500	7
2501	7
2502	7
2503	7
2504	7
2505	7
2506	7
2507	7
2508	7
2509	7
2510	7
2511	7
2512	7
2513	7
2514	7
2515	7
2516	7
2517	7
2518	7
2519	7
2520	7
2521	7
2522	7
2523	7
2524	7
2525	7
2526	7
2527	7
2528	7
2529	7
2530	7
2531	7
2532	7
2533	7
2534	7
2535	7
2536	7
2537	7
2538	7
2539	7
2540	7
2541	7
2542	7
2543	7
2544	7
2545	7
2546	7
2547	7
2548	7
2549	7
2550	7
2551	7
2552	7
2553	7
2554	7
2555	7
2556	7
2557	7
2558	7
2559	7
2560	7
2561	7
2562	7
2563	7
2564	7
2565	7
2566	7
2567	7
2568	7
2569	7
2570	7
2571	7
2572	7
2573	7
2574	7
2575	7
2576	7
2577	7
2578	7
2579	7
2580	7
2581	7
2582	7
2583	7
2584	7
2585	7
2586	7
2587	7
2588	7
2589	7
2590	7
2591	7
2592	7
2593	7
2594	7
2595	7
2596	7
2597	7
2598	7
2599	7
2600	7
2601	7
2602	7
2603	7
2604	7
2605	7
2606	7
2607	7
2608	7
2609	7
2610	7
2611	7
2612	7
2613	7
2614	7
2615	7
2616	7
2617	7
2618	7
2619	7
2620	7
2621	7
2622	7
2623	7
2624	7
2625	7
2626	7
2627	7
2628	7
2629	7
2630	7
2631	7
2632	7
2633	7
2634	7
2635	7
2636	7
2637	7
2638	7
2639	7
2640	7
2641	7
2642	7
2643	7
2644	7
2645	7
2646	7
2647	7
2648	7
2649	7
2650	7
2651	7
2652	7
2653	7
2654	7
2655	7
2656	7
2657	7
2658	7
2659	7
2660	7
2661	7
2662	7
2663	7
2664	7
2665	7
2666	7
2667	7
2668	7
2669	7
2670	7
2671	7
2672	7
2673	7
2674	7
2675	7
2676	7
2677	7
2678	7
2679	7
2680	7
2681	7
2682	7
2683	7
2684	7
2685	7
2686	7
2687	7
2688	7
2689	7
2690	7
2691	7
2692	7
2693	7
2694	7
2695	7
2696	7
2697	7
2698	7
2699	7
2700	7
2701	7
2702	7
2703	7
2704	7
2705	7
2706	7
2707	7
2708	7
2709	7
2710	7
2711	7
2712	7
2713	7
2714	7
2715	7
2716	7
2717	7
2718	7
2719	7
2720	7
2721	7
2722	7
2723	7
2724	7
2725	7
2726	7
2727	7
2728	7
2729	7
2730	7
2731	7
2732	7
2733	7
2734	7
2735	7
2736	7
2737	7
2738	7
2739	7
2740	7
2741	7
2742	7
2743	7
2744	7
2745	7
2746	7
2747	7
2748	7
2749	7
2750	7
2751	7
2752	7
2753	7
2754	7
2755	7
2756	7
2757	7
2758	7
2759	7
2760	7
2761	7
2762	7
2763	7
2764	7
2765	7
2766	7
2767	7
2768	7
2769	7
2770	7
2771	7
2772	7
2773	7
2774	7
2775	7
2776	7
2777	7
2778	7
2779	7
2780	7
2781	7
2782	7
2783	7
2784	7
2785	7
2786	7
2787	7
2788	7
2789	7
2790	7
2791	7
2792	7
2793	7
2794	7
2795	7
2796	7
2797	7
2798	7
2799	7
2800	7
2801	7
2802	7
2803	7
2804	7
2805	7
2806	7
2807	7
2808	7
2809	7
2810	7
2811	7
2812	7
2813	7
2814	7
2815	7
2816	7
2817	7
2818	7
2819	7
2820	7
2821	7
2822	7
2823	7
2824	7
2825	7
2826	7
2827	7
2828	7
2829	7
2830	7
2831	7
2832	7
2833	7
2834	7
2835	7
2836	7
2837	7
2838	7
2839	7
2840	7
2841	7
2842	7
2843	7
2844	7
2845	7
2846	7
2847	7
2848	7
2849	7
2850	7
2851	7
2852	7
2853	7
2854	7
2855	7
2856	7
2857	7
2858	7
2859	7
2860	7
2861	7
2862	7
2863	7
2864	7
2865	7
2866	7
2867	7
2868	7
2869	7
2870	7
2871	7
2872	7
2873	7
2874	7
2875	7
2876	7
2877	7
2878	7
2879	7
2880	7
2881	7
2882	7
2883	7
2884	7
2885	7
2886	7
2887	7
2888	7
2889	7
2890	7
2891	7
2892	7
2893	7
2894	7
2895	7
2896	7
2897	7
2898	7
2899	7
2900	7
2901	7
2902	7
2903	7
2904	7
2905	7
2906	7
2907	7
2908	7
2909	7
2910	7
2911	7
2912	7
2913	7
2914	7
2915	7
2916	7
2917	7
2918	7
2919	7
2920	7
2921	7
2922	7
2923	7
2924	7
2925	7
2926	7
2927	7
2928	7
2929	7
2930	7
2931	7
2932	7
2933	7
2934	7
2935	7
2936	7
2937	7
2938	7
2939	7
2940	7
2941	7
2942	7
2943	7
2944	7
2945	7
2946	7
2947	7
2948	7
2949	7
2950	7
2951	7
2952	7
2953	7
2954	7
2955	7
2956	7
2957	7
2958	7
2959	7
2960	7
2961	7
2962	7
2963	7
2964	7
2965	7
2966	7
2967	7
2968	7
2969	7
2970	7
2971	7
2972	7
2973	7
2974	7
2975	7
2976	7
2977	7
2978	7
2979	7
2980	7
2981	7
2982	7
2983	7
2984	7
2985	7
2986	7
2987	7
2988	7
2989	7
2990	7
2991	7
2992	7
2993	7
2994	7
2995	7
2996	7
2997	7
2998	7
2999	7
3000	7
3001	7
3002	7
3003	7
3004	7
3005	7
3006	7
3007	7
3008	7
3009	7
3010	7
3011	7
3012	7
3013	7
3014	7
3015	7
3016	7
3017	7
3018	7
3019	7
3020	7
3021	7
3022	7
3023	7
3024	7
3025	7
3026	7
3027	7
3028	7
3029	7
3030	7
3031	7
3032	7
3033	7
3034	7
3035	7
3036	7
3037	7
3038	7
3039	7
3040	7
3041	7
3042	7
3043	7
3044	7
3045	7
3046	7
3047	7
3048	7
3049	7
3050	7
3051	7
3052	7
3053	7
3054	7
3055	7
3056	7
3057	7
3058	7
3059	7
3060	7
3061	7
3062	7
3063	7
3064	7
3065	7
3066	7
3067	7
3068	7
3069	7
3070	7
3071	7
3072	7
3073	7
3074	7
3075	7
3076	7
3077	7
3078	7
3079	7
3080	7
3081	7
3082	-1000
3083	-1000
3084	-1000
3085	-1000
3086	-1000
3087	-1000
3088	-1000
3089	-1000
3090	-1000
3091	-1000
3092	-1000
3093	-1000
3094	-1000
3095	-1000
3096	-1000
3097	-1000
3098	-1000
3099	-1000
3100	-1000
3101	-1000
3102	-1000
3103	-1000
3104	-1000
3105	-1000
3106	-1000
3107	-1000
3108	-1000
3109	-1000
3110	-1000
3111	-1000
3112	-1000
3113	-1000
3114	-1000
3115	-1000
3116	-1000
3117	-1000
3118	-1000
3119	-1000
3120	-1000
3121	-1000
3122	-1000
3123	-1000
3124	-1000
3125	-1000
3126	-1000
3127	-1000
3128	-1000
3129	-1000
3130	-1000
3131	-1000
3132	-1000
3133	-1000
3134	-1000
3135	-1000
3136	-1000
3137	-1000
3138	-1000
3139	-1000
3140	-1000
3141	-1000
3142	-1000
3143	-1000
3144	-1000
3145	-1000
3146	-1000
3147	-1000
3148	-1000
3149	-1000
3150	-1000
3151	-1000
3152	-1000
3153	-1000
3154	-1000
3155	-1000
3156	-1000
3157	-1000
3158	-1000
3159	-1000
3160	-1000
3161	-1000
3162	-1000
3163	-1000
3164	-1000
3165	-1000
3166	-1000
3167	-1000
3168	-1000
3169	-1000
3170	-1000
3171	-1000
3172	-1000
3173	-1000
3174	-1000
3175	-1000
3176	-1000
3177	-1000
3178	-1000
3179	-1000
3180	-1000
3181	-1000
3182	-1000
3183	-1000
3184	-1000
3185	-1000
3186	-1000
3187	-1000
3188	-1000
3189	-1000
3190	-1000
3191	-1000
3192	-1000
3193	-1000
3194	-1000
3195	-1000
3196	-1000
3197	-1000
3198	-1000
3199	-1000
3200	-1000
3201	-1000
3202	-1000
3203	-1000
3204	-1000
3205	-1000
3206	-1000
3207	-1000
3208	-1000
3209	-1000
3210	-1000
3211	-1000
3212	-1000
3213	-1000
3214	-1000
3215	-1000
3216	-1000
3217	-1000
3218	-1000
3219	-1000
3220	-1000
3221	-1000
3222	-1000
3223	-1000
3224	-1000
3225	-1000
3226	-1000
3227	-1000
3228	-1000
3229	-1000
3230	-1000
3231	-1000
3232	-1000
3233	-1000
3234	-1000
3235	-1000
3236	-1000
3237	-1000
3238	-1000
3239	-1000
3240	-1000
3241	-1000
3242	-1000
3243	-1000
3244	-1000
3245	-1000
3246	-1000
3247	-1000
3248	-1000
3249	-1000
3250	-1000
3251	-1000
3252	-1000
3253	-1000
3254	-1000
3255	-1000
3256	-1000
3257	-1000
3258	-1000
3259	-1000
3260	-1000
3261	-1000
3262	-1000
3263	-1000
3264	-1000
3265	-1000
3266	-1000
3267	-1000
3268	-1000
3269	-1000
3270	-1000
3271	-1000
3272	-1000
3273	-1000
3274	-1000
3275	-1000
3276	-1000
3277	-1000
3278	-1000
3279	-1000
3280	-1000
3281	-1000
3282	-1000
3283	-1000
3284	-1000
3285	-1000
3286	-1000
3287	-1000
3288	-1000
3289	-1000
3290	-1000
3291	-1000
3292	-1000
3293	-1000
3294	-1000
3295	-1000
3296	-1000
3297	-1000
3298	-1000
3299	-1000
3300	-1000
3301	-1000
3302	-1000
3303	-1000
3304	-1000
3305	-1000
3306	-1000
3307	-1000
3308	-1000
3309	-1000
3310	-1000
3311	-1000
3312	-1000
3313	-1000
3314	-1000
3315	-1000
3316	-1000
3317	-1000
3318	-1000
3319	-1000
3320	-1000
3321	-1000
3322	-1000
3323	-1000
3324	-1000
3325	-1000
3326	-1000
3327	-1000
3328	-1000
3329	-1000
3330	-1000
3331	-1000
3332	-1000
3333	-1000
3334	-1000
3335	-1000
3336	-1000
3337	-1000
3338	-1000
3339	-1000
3340	-1000
3341	-1000
3342	-1000
3343	-1000
3344	-1000
3345	-1000
3346	-1000
3347	-1000
3348	-1000
3349	-1000
3350	-1000
3351	-1000
3352	-1000
3353	-1000
3354	-1000
3355	-1000
3356	-1000
3357	-1000
3358	-1000
3359	-1000
3360	-1000
3361	-1000
3362	-1000
3363	-1000
3364	-1000
3365	-1000
3366	-1000
3367	-1000
3368	-1000
3369	-1000
3370	-1000
3371	-1000
3372	-1000
3373	-1000
3374	-1000
3375	-1000
3376	-1000
3377	-1000
3378	-1000
3379	-1000
3380	-1000
3381	-1000
3382	-1000
3383	-1000
3384	-1000
3385	-1000
3386	-1000
3387	-1000
3388	-1000
3389	-1000
3390	-1000
3391	-1000
3392	-1000
3393	-1000
3394	-1000
3395	-1000
3396	-1000
3397	-1000
3398	-1000
3399	-1000
3400	-1000
3401	-1000
3402	-1000
3403	-1000
3404	-1000
3405	-1000
3406	-1000
3407	-1000
3408	-1000
3409	-1000
3410	-1000
3411	-1000
3412	-1000
3413	-1000
3414	-1000
3415	-1000
3416	-1000
3417	-1000
3418	-1000
3419	-1000
3420	-1000
3421	-1000
3422	-1000
3423	-1000
3424	-1000
3425	-1000
3426	-1000
3427	-1000
3428	-1000
3429	-1000
3430	-1000
3431	-1000
3432	-1000
3433	-1000
3434	-1000
3435	-1000
3436	-1000
3437	-1000
3438	-1000
3439	-1000
3440	-1000
3441	-1000
3442	-1000
3443	-1000
3444	-1000
3445	-1000
3446	-1000
3447	-1000
3448	-1000
3449	-1000
3450	-1000
3451	-1000
3452	-1000
3453	-1000
3454	-1000
3455	-1000
3456	-1000
3457	-1000
3458	-1000
3459	-1000
3460	-1000
3461	-1000
3462	-1000
3463	-1000
3464	-1000
3465	2
3466	2
3467	2
3468	2
3469	2
3470	2
3471	2
3472	2
3473	2
3474	2
3475	2
3476	2
3477	2
3478	2
3479	2
3480	2
3481	2
3482	2
3483	2
3484	2
3485	2
3486	2
3487	2
3488	2
3489	2
3490	2
3491	2
3492	2
3493	2
3494	2
3495	2
3496	2
3497	2
3498	2
3499	2
3500	2
3501	2
3502	2
3503	2
3504	2
3505	2
3506	2
3507	2
3508	2
3509	2
3510	2
3511	2
3512	2
3513	2
3514	2
3515	2
3516	2
3517	2
3518	2
3519	2
3520	2
3521	2
3522	2
3523	2
3524	2
3525	2
3526	2
3527	2
3528	2
3529	2
3530	2
3531	2
3532	2
3533	2
3534	2
3535	2
3536	2
3537	2
3538	2
3539	2
3540	2
3541	2
3542	2
3543	2
3544	2
3545	2
3546	2
3547	2
3548	2
3549	2
3550	2
3551	2
3552	2
3553	2
3554	2
3555	2
3556	2
3557	2
3558	2
3559	2
3560	2
3561	2
3562	2
3563	2
3564	2
3565	2
3566	2
3567	2
3568	2
3569	2
3570	2
3571	2
3572	2
3573	2
3574	2
3575	2
3576	2
3577	2
3578	2
3579	2
3580	2
3581	2
3582	2
3583	2
3584	2
3585	2
3586	2
3587	2
3588	2
3589	2
3590	2
3591	2
3592	2
3593	2
3594	2
3595	2
3596	2
3597	2
3598	2
3599	2
3600	2
3601	2
3602	2
3603	2
3604	2
3605	2
3606	2
3607	2
3608	2
3609	2
3610	2
3611	2
3612	2
3613	2
3614	2
3615	2
3616	2
3617	2
3618	2
3619	2
3620	2
3621	2
3622	2
3623	2
3624	2
3625	2
3626	2
3627	2
3628	2
3629	2
3630	2
3631	2
3632	2
3633	2
3634	2
3635	2
3636	2
3637	2
3638	2
3639	2
3640	2
3641	2
3642	2
3643	2
3644	2
3645	2
3646	2
3647	2
3648	2
3649	2
3650	2
3651	2
3652	2
3653	2
3654	2
3655	2
3656	2
3657	2
3658	2
3659	2
3660	2
3661	2
3662	2
3663	2
3664	2
3665	2
3666	2
3667	2
3668	2
3669	2
3670	2
3671	2
3672	2
3673	2
3674	2
3675	2
3676	2
3677	2
3678	2
3679	2
3680	2
3681	2
3682	2
3683	2
3684	2
3685	2
3686	2
3687	2
3688	2
3689	2
3690	2
3691	2
3692	2
3693	2
3694	2
3695	2
3696	2
3697	2
3698	2
3699	2
3700	2
3701	2
3702	2
3703	2
3704	2
3705	2
3706	2
3707	2
3708	2
3709	2
3710	2
3711	2
3712	2
3713	2
3714	2
3715	2
3716	2
3717	2
3718	2
3719	2
3720	2
3721	2
3722	2
3723	2
3724	2
3725	2
3726	2
3727	2
3728	2
3729	2
3730	2
3731	2
3732	2
3733	2
3734	2
3735	2
3736	2
3737	2
3738	2
3739	2
3740	2
3741	2
3742	2
3743	2
3744	2
3745	2
3746	2
3747	2
3748	2
3749	2
3750	2
3751	2
3752	2
3753	2
3754	2
3755	2
3756	2
3757	2
3758	2
3759	2
3760	2
3761	2
3762	2
3763	2
3764	2
3765	2
3766	2
3767	2
3768	2
3769	2
3770	2
3771	2
3772	2
3773	2
3774	2
3775	2
3776	2
3777	2
3778	2
3779	2
3780	2
3781	2
3782	2
3783	-1000
3784	-1000
3785	-1000
3786	-1000
3787	-1000
3788	-1000
3789	-1000
3790	-1000
3791	-1000
3792	-1000
3793	-1000
3794	-1000
3795	-1000
3796	-1000
3797	-1000
3798	-1000
3799	-1000
3800	-1000
3801	-1000
3802	-1000
3803	-1000
3804	-1000
3805	-1000
3806	-1000
3807	-1000
3808	-1000
3809	-1000
3810	-1000
3811	-1000
3812	-1000
3813	-1000
3814	-1000
3815	-1000
3816	-1000
3817	-1000
3818	-1000
3819	-1000
3820	-1000
3821	-1000
3822	-1000
3823	-1000
3824	-1000
3825	-1000
3826	-1000
3827	-1000
3828	-1000
3829	-1000
3830	-1000
3831	-1000
3832	-1000
3833	-1000
3834	-1000
3835	-1000
3836	-1000
3837	-1000
3838	-1000
3839	-1000
3840	-1000
3841	-1000
3842	-1000
3843	-1000
3844	-1000
3845	-1000
3846	-1000
3847	-1000
3848	-1000
3849	-1000
3850	-1000
3851	-1000
3852	-1000
3853	-1000
3854	-1000
3855	-1000
3856	-1000
3857	-1000
3858	-1000
3859	-1000
3860	-1000
3861	-1000
3862	-1000
3863	-1000
3864	-1000
3865	-1000
3866	-1000
3867	-1000
3868	-1000
3869	-1000
3870	-1000
3871	-1000
3872	-1000
3873	-1000
3874	-1000
3875	-1000
3876	-1000
3877	-1000
3878	-1000
3879	-1000
3880	-1000
3881	-1000
3882	-1000
3883	-1000
3884	-1000
3885	-1000
3886	-1000
3887	-1000
3888	-1000
3889	-1000
3890	-1000
3891	-1000
3892	-1000
3893	-1000
3894	-1000
3895	-1000
3896	-1000
3897	-1000
3898	-1000
3899	-1000
3900	-1000
3901	-1000
3902	-1000
3903	-1000
3904	-1000
3905	-1000
3906	-1000
3907	-1000
3908	-1000
3909	-1000
3910	-1000
3911	-1000
3912	-1000
3913	-1000
3914	-1000
3915	-1000
3916	-1000
3917	-1000
3918	-1000
3919	-1000
3920	-1000
3921	-1000
3922	-1000
3923	-1000
3924	-1000
3925	-1000
3926	-1000
3927	-1000
3928	-1000
3929	-1000
3930	-1000
3931	-1000
3932	-1000
3933	-1000
3934	-1000
3935	-1000
3936	-1000
3937	-1000
3938	-1000
3939	-1000
3940	-1000
3941	-1000
3942	-1000
3943	-1000
3944	-1000
3945	-1000
3946	-1000
3947	-1000
3948	-1000
3949	-1000
3950	-1000
3951	-1000
3952	-1000
3953	-1000
3954	-1000
3955	-1000
3956	-1000
3957	-1000
3958	-1000
3959	-1000
3960	-1000
3961	-1000
3962	-1000
3963	-1000
3964	-1000
3965	-1000
3966	-1000
3967	-1000
3968	-1000
3969	-1000
3970	-1000
3971	-1000
3972	-1000
3973	-1000
3974	-1000
3975	-1000
3976	-1000
3977	-1000
3978	-1000
3979	-1000
3980	-1000
3981	-1000
3982	-1000
3983	-1000
3984	-1000
3985	-1000
3986	-1000
3987	-1000
3988	-1000
3989	-1000
3990	-1000
3991	-1000
3992	-1000
3993	-1000
3994	-1000
3995	-1000
3996	-1000
3997	-1000
3998	-1000
3999	-1000
4000	-1000
4001	-1000
4002	-1000
4003	-1000
4004	-1000
4005	-1000
4006	-1000
4007	-1000
4008	-1000
4009	-1000
4010	-1000
4011	-1000
4012	-1000
4013	-1000
4014	-1000
4015	-1000
4016	-1000
4017	-1000
4018	-1000
4019	-1000
4020	-1000
4021	-1000
4022	-1000
4023	-1000
4024	-1000
4025	-1000
4026	-1000
4027	-1000
4028	-1000
4029	-1000
4030	-1000
4031	-1000
4032	-1000
4033	-1000
4034	-1000
4035	-1000
4036	-1000
4037	-1000
4038	-1000
4039	-1000
4040	-1000
4041	-1000
4042	-1000
4043	-1000
4044	-1000
4045	-1000
4046	-1000
4047	-1000
4048	-1000
4049	-1000
4050	-1000
4051	-1000
4052	-1000
4053	-1000
4054	-1000
4055	-1000
4056	-1000
4057	-1000
4058	-1000
4059	-1000
4060	-1000
4061	-1000
4062	-1000
4063	-1000
4064	-1000
4065	-1000
4066	-1000
4067	-1000
4068	-1000
4069	-1000
4070	-1000
4071	-1000
4072	-1000
4073	-1000
4074	-1000
4075	-1000
4076	-1000
4077	-1000
4078	-1000
4079	-1000
4080	-1000
4081	-1000
4082	-1000
4083	-1000
4084	-1000
4085	-1000
4086	-1000
4087	-1000
4088	-1000
4089	-1000
4090	-1000
4091	-1000
4092	-1000
4093	-1000
4094	-1000
4095	-1000
4096	-1000
4097	-1000
4098	-1000
4099	-1000
4100	-1000
4101	-1000
4102	-1000
4103	-1000
4104	-1000
4105	-1000
4106	-1000
4107	-1000
4108	-1000
4109	-1000
4110	-1000
4111	-1000
4112	-1000
4113	-1000
4114	-1000
4115	-1000
4116	-1000
4117	-1000
4118	-1000
4119	-1000
4120	-1000
4121	-1000
4122	-1000
4123	-1000
4124	-1000
4125	-1000
4126	-1000
4127	-1000
4128	-1000
4129	-1000
4130	-1000
4131	-1000
4132	-1000
4133	-1000
4134	-1000
4135	-1000
4136	-1000
4137	-1000
4138	-1000
4139	-1000
4140	-1000
4141	-1000
4142	-1000
4143	-1000
4144	-1000
4145	-1000
4146	-1000
4147	-1000
4148	-1000
4149	-1000
4150	-1000
4151	-1000
4152	-1000
4153	-1000
4154	-1000
4155	-1000
4156	-1000
4157	-1000
4158	-1000
4159	-1000
4160	-1000
4161	-1000
4162	-1000
4163	-1000
4164	-1000
4165	-1000
4166	-1000
4167	-1000
4168	-1000
4169	-1000
4170	-1000
4171	-1000
4172	-1000
4173	-1000
4174	-1000
4175	-1000
4176	-1000
4177	-1000
4178	-1000
4179	-1000
4180	-1000
4181	-1000
4182	-1000
4183	-1000
4184	-1000
4185	-1000
4186	-1000
4187	-1000
4188	-1000
4189	-1000
4190	-1000
4191	-1000
4192	-1000
4193	-1000
4194	-1000
4195	-1000
4196	-1000
4197	-1000
4198	-1000
4199	-1000
4200	-1000
4201	-1000
4202	-1000
4203	-1000
4204	-1000
4205	-1000
4206	-1000
4207	-1000
4208	-1000
4209	-1000
4210	-1000
4211	-1000
4212	-1000
4213	-1000
4214	-1000
4215	-1000
4216	-1000
4217	-1000
4218	-1000
4219	-1000
4220	-1000
4221	-1000
4222	-1000
4223	-1000
4224	-1000
4225	-1000
4226	-1000
4227	-1000
4228	-1000
4229	-1000
4230	-1000
4231	-1000
4232	-1000
4233	-1000
4234	-1000
4235	-1000
4236	-1000
4237	-1000
4238	-1000
4239	-1000
4240	-1000
4241	-1000
4242	-1000
4243	-1000
4244	-1000
4245	-1000
4246	-1000
4247	-1000
4248	-1000
4249	-1000
4250	-1000
4251	-1000
4252	-1000
4253	-1000
4254	-1000
4255	-1000
4256	-1000
4257	-1000
4258	-1000
4259	-1000
4260	-1000
4261	-1000
4262	-1000
4263	-1000
4264	-1000
4265	-1000
4266	-1000
4267	-1000
4268	-1000
4269	-1000
4270	-1000
4271	-1000
4272	-1000
4273	-1000
4274	-1000
4275	-1000
4276	-1000
4277	-1000
4278	-1000
4279	-1000
4280	-1000
4281	-1000
4282	-1000
4283	-1000
4284	-1000
4285	-1000
4286	-1000
4287	-1000
4288	-1000
4289	-1000
4290	-1000
4291	-1000
4292	-1000
4293	-1000
4294	-1000
4295	-1000
4296	-1000
4297	-1000
4298	-1000
4299	-1000
4300	-1000
4301	-1000
4302	-1000
4303	-1000
4304	-1000
4305	-1000
4306	-1000
4307	-1000
4308	-1000
4309	-1000
4310	-1000
4311	-1000
4312	-1000
4313	-1000
4314	-1000
4315	-1000
4316	-1000
4317	-1000
4318	-1000
4319	-1000
4320	-1000
4321	-1000
4322	-1000
4323	-1000
4324	-1000
4325	-1000
4326	-1000
4327	-1000
4328	-1000
4329	-1000
4330	-1000
4331	-1000
4332	-1000
4333	-1000
4334	-1000
4335	-1000
4336	-1000
4337	-1000
4338	-1000
4339	-1000
4340	-1000
4341	-1000
4342	-1000
4343	-1000
4344	-1000
4345	-1000
4346	-1000
4347	-1000
4348	-1000
4349	-1000
4350	-1000
4351	-1000
4352	-1000
4353	-1000
4354	-1000
4355	-1000
4356	-1000
4357	-1000
4358	-1000
4359	-1000
4360	-1000
4361	-1000
4362	-1000
4363	-1000
4364	-1000
4365	-1000
4366	-1000
4367	-1000
4368	-1000
4369	-1000
4370	-1000
4371	-1000
4372	-1000
4373	-1000
4374	-1000
4375	-1000
4376	-1000
4377	-1000
4378	-1000
4379	-1000
4380	-1000
4381	-1000
4382	-1000
4383	-1000
4384	-1000
4385	-1000
4386	-1000
4387	-1000
4388	-1000
4389	-1000
4390	-1000
4391	-1000
4392	-1000
4393	-1000
4394	-1000
4395	-1000
4396	-1000
4397	-1000
4398	-1000
4399	-1000
4400	-1000
4401	-1000
4402	-1000
4403	-1000
4404	-1000
4405	-1000
4406	-1000
4407	-1000
4408	-1000
4409	-1000
4410	-1000
4411	-1000
4412	-1000
4413	-1000
4414	-1000
4415	-1000
4416	-1000
4417	-1000
4418	-1000
4419	-1000
4420	-1000
4421	-1000
4422	-1000
4423	-1000
4424	-1000
4425	-1000
4426	-1000
4427	-1000
4428	-1000
4429	-1000
4430	-1000
4431	-1000
4432	-1000
4433	-1000
4434	-1000
4435	-1000
4436	-1000
4437	-1000
4438	-1000
4439	-1000
4440	-1000
4441	-1000
4442	-1000
4443	-1000
4444	-1000
4445	-1000
4446	-1000
4447	-1000
4448	-1000
4449	-1000
4450	-1000
4451	-1000
4452	-1000
4453	-1000
4454	-1000
4455	-1000
4456	-1000
4457	-1000
4458	-1000
4459	-1000
4460	-1000
4461	-1000
4462	-1000
4463	-1000
4464	-1000
4465	-1000
4466	-1000
4467	-1000
4468	-1000
4469	-1000
4470	-1000
4471	-1000
4472	-1000
4473	-1000
4474	-1000
4475	-1000
4476	-1000
4477	-1000
4478	-1000
4479	-1000
4480	-1000
4481	-1000
4482	-1000
4483	-1000
4484	-1000
4485	-1000
4486	-1000
4487	-1000
4488	-1000
4489	-1000
4490	-1000
4491	-1000
4492	-1000
4493	-1000
4494	-1000
4495	-1000
4496	-1000
4497	-1000
4498	-1000
4499	-1000
4500	-1000
4501	-1000
4502	-1000
4503	-1000
4504	-1000
4505	-1000
4506	-1000
4507	-1000
4508	-1000
4509	-1000
4510	-1000
4511	-1000
4512	-1000
4513	-1000
4514	-1000
4515	-1000
4516	-1000
4517	-1000
4518	-1000
4519	-1000
4520	-1000
4521	-1000
4522	-1000
4523	-1000
4524	-1000
4525	-1000
4526	-1000
4527	-1000
4528	-1000
4529	-1000
4530	-1000
4531	-1000
4532	-1000
4533	-1000
4534	-1000
4535	-1000
4536	-1000
4537	-1000
4538	-1000
4539	-1000
4540	-1000
4541	-1000
4542	-1000
4543	-1000
4544	-1000
4545	-1000
4546	-1000
4547	-1000
4548	-1000
4549	-1000
4550	-1000
4551	-1000
4552	-1000
4553	-1000
4554	-1000
4555	-1000
4556	-1000
4557	-1000
4558	-1000
4559	-1000
4560	-1000
4561	-1000
4562	-1000
4563	-1000
4564	-1000
4565	-1000
4566	-1000
4567	-1000
4568	-1000
4569	-1000
4570	-1000
4571	-1000
4572	-1000
4573	-1000
4574	-1000
4575	-1000
4576	-1000
4577	-1000
4578	-1000
4579	-1000
4580	-1000
4581	-1000
4582	-1000
4583	-1000
4584	-1000
4585	-1000
4586	-1000
4587	-1000
4588	-1000
4589	-1000
4590	-1000
4591	-1000
4592	-1000
4593	-1000
4594	-1000
4595	-1000
4596	-1000
4597	-1000
4598	-1000
4599	-1000
4600	-1000
4601	-1000
4602	-1000
4603	-1000
4604	-1000
4605	-1000
4606	-1000
4607	-1000
4608	-1000
4609	-1000
4610	-1000
4611	-1000
4612	-1000
4613	-1000
4614	-1000
4615	-1000
4616	-1000
4617	-1000
4618	-1000
4619	-1000
4620	-1000
4621	-1000
4622	-1000
4623	-1000
4624	-1000
4625	-1000
4626	-1000
4627	-1000
4628	-1000
4629	-1000
4630	-1000
4631	-1000
4632	-1000
4633	-1000
4634	-1000
4635	-1000
4636	-1000
4637	-1000
4638	-1000
4639	-1000
4640	-1000
4641	-1000
4642	-1000
4643	-1000
4644	-1000
4645	-1000
4646	-1000
4647	-1000
4648	-1000
4649	-1000
4650	-1000
4651	-1000
4652	-1000
4653	-1000
4654	-1000
4655	-1000
4656	-1000
4657	-1000
4658	-1000
4659	-1000
4660	-1000
4661	-1000
4662	-1000
4663	-1000
4664	-1000
4665	-1000
4666	-1000
4667	-1000
4668	-1000
4669	-1000
4670	-1000
4671	-1000
4672	-1000
4673	-1000
4674	-1000
4675	-1000
4676	-1000
4677	-1000
4678	-1000
4679	-1000
4680	-1000
4681	-1000
4682	-1000
4683	-1000
4684	-1000
4685	-1000
4686	-1000
4687	-1000
4688	-1000
4689	-1000
4690	-1000
4691	-1000
4692	-1000
4693	-1000
4694	-1000
4695	-1000
4696	-1000
4697	-1000
4698	-1000
4699	-1000
4700	-1000
4701	-1000
4702	-1000
4703	-1000
4704	-1000
4705	-1000
4706	-1000
4707	-1000
4708	-1000
4709	-1000
4710	-1000
4711	-1000
4712	-1000
4713	-1000
4714	-1000
4715	-1000
4716	-1000
4717	-1000
4718	-1000
4719	-1000
4720	-1000
4721	-1000
4722	-1000
4723	-1000
4724	-1000
4725	-1000
4726	-1000
4727	-1000
4728	-1000
4729	-1000
4730	-1000
4731	-1000
4732	-1000
4733	-1000
4734	-1000
4735	-1000
4736	-1000
4737	-1000
4738	-1000
4739	-1000
4740	-1000
4741	-1000
4742	-1000
4743	-1000
4744	-1000
4745	-1000
4746	-1000
4747	-1000
4748	-1000
4749	-1000
4750	-1000
4751	-1000
4752	-1000
4753	-1000
4754	-1000
4755	-1000
4756	-1000
4757	-1000
4758	-1000
4759	-1000
4760	-1000
4761	-1000
4762	-1000
4763	-1000
4764	-1000
4765	-1000
4766	-1000
4767	-1000
4768	-1000
4769	-1000
4770	-1000
4771	-1000
4772	-1000
4773	-1000
4774	-1000
4775	-1000
4776	-1000
4777	-1000
4778	-1000
4779	-1000
4780	-1000
4781	-1000
4782	-1000
4783	-1000
4784	-1000
4785	-1000
4786	-1000
4787	-1000
4788	-1000
4789	-1000
4790	-1000
4791	-1000
4792	-1000
4793	-1000
4794	-1000
4795	-1000
4796	-1000
4797	-1000
4798	-1000
4799	-1000
4800	-1000
4801	-1000
4802	-1000
4803	-1000
4804	-1000
4805	-1000
4806	-1000
4807	-1000
4808	-1000
4809	-1000
4810	-1000
4811	-1000
4812	-1000
4813	-1000
4814	-1000
4815	-1000
4816	-1000
4817	-1000
4818	-1000
4819	-1000
4820	-1000
4821	-1000
4822	-1000
4823	-1000
4824	-1000
4825	-1000
4826	-1000
4827	-1000
4828	-1000
4829	-1000
4830	-1000
4831	-1000
4832	-1000
4833	-1000
4834	-1000
4835	-1000
4836	-1000
4837	-1000
4838	-1000
4839	-1000
4840	-1000
4841	-1000
4842	-1000
4843	-1000
4844	-1000
4845	-1000
4846	-1000
4847	-1000
4848	-1000
4849	-1000
4850	-1000
4851	-1000
4852	-1000
4853	-1000
4854	-1000
4855	-1000
4856	-1000
4857	-1000
4858	-1000
4859	-1000
4860	-1000
4861	-1000
4862	-1000
4863	-1000
4864	-1000
4865	-1000
4866	-1000
4867	-1000
4868	-1000
4869	-1000
4870	-1000
4871	-1000
4872	-1000
4873	-1000
4874	-1000
4875	-1000
4876	-1000
4877	-1000
4878	-1000
4879	-1000
4880	-1000
4881	-1000
4882	-1000
4883	-1000
4884	-1000
4885	-1000
4886	-1000
4887	-1000
4888	-1000
4889	-1000
4890	-1000
4891	-1000
4892	-1000
4893	-1000
4894	-1000
4895	-1000
4896	-1000
4897	-1000
4898	-1000
4899	-1000
4900	-1000
4901	-1000
4902	-1000
4903	-1000
4904	-1000
4905	-1000
4906	-1000
4907	-1000
4908	-1000
4909	-1000
4910	-1000
4911	-1000
4912	-1000
4913	-1000
4914	-1000
4915	-1000
4916	-1000
4917	-1000
4918	-1000
4919	-1000
4920	-1000
4921	-1000
4922	-1000
4923	-1000
4924	-1000
4925	-1000
4926	-1000
4927	-1000
4928	-1000
4929	-1000
4930	-1000
4931	-1000
4932	-1000
4933	-1000
4934	-1000
4935	-1000
4936	-1000
4937	-1000
4938	-1000
4939	-1000
4940	-1000
4941	-1000
4942	-1000
4943	-1000
4944	-1000
4945	-1000
4946	-1000
4947	-1000
4948	-1000
4949	-1000
4950	-1000
4951	-1000
4952	-1000
4953	-1000
4954	-1000
4955	-1000
4956	-1000
4957	-1000
4958	-1000
4959	-1000
4960	-1000
4961	-1000
4962	-1000
4963	-1000
4964	-1000
4965	-1000
4966	-1000
4967	-1000
4968	-1000
4969	-1000
4970	-1000
4971	-1000
4972	-1000
4973	-1000
4974	-1000
4975	-1000
4976	-1000
4977	-1000
4978	-1000
4979	-1000
4980	-1000
4981	-1000
4982	-1000
4983	-1000
4984	-1000
4985	-1000
4986	-1000
4987	-1000
4988	-1000
4989	-1000
4990	-1000
4991	-1000
4992	-1000
4993	-1000
4994	-1000
4995	-1000
4996	-1000
4997	-1000
4998	-1000
4999	-1000
5000	-1000
5001	-1000
5002	-1000
5003	-1000
5004	-1000
5005	2
5006	2
5007	2
5008	3
5009	3
5010	3
5011	3
5012	3
5013	3
5014	3
5015	3
5016	3
5017	3
5018	3
5019	3
5020	3
5021	3
5022	3
5023	3
5024	3
5025	3
5026	3
5027	3
5028	3
5029	3
5030	3
5031	3
5032	3
5033	3
5034	3
5035	3
5036	3
5037	3
5038	3
5039	3
5040	3
5041	3
5042	3
5043	3
5044	3
5045	3
5046	3
5047	3
5048	3
5049	3
5050	3
5051	3
5052	3
5053	3
5054	3
5055	3
5056	3
5057	3
5058	3
5059	3
5060	3
5061	3
5062	3
5063	3
5064	3
5065	3
5066	3
5067	3
5068	3
5069	3
5070	3
5071	3
5072	3
5073	3
5074	3
5075	3
5076	3
5077	3
5078	3
5079	3
5080	3
5081	3
5082	3
5083	3
5084	3
5085	3
5086	3
5087	3
5088	3
5089	3
5090	3
5091	3
5092	3
5093	3
5094	3
5095	3
5096	3
5097	3
5098	3
5099	3
5100	3
5101	3
5102	3
5103	3
5104	3
5105	3
5106	3
5107	3
5108	3
5109	3
5110	3
5111	3
5112	3
5113	3
5114	3
5115	3
5116	3
5117	3
5118	3
5119	3
5120	3
5121	3
5122	3
5123	3
5124	3
5125	3
5126	3
5127	3
5128	3
5129	3
5130	3
5131	3
5132	3
5133	3
5134	3
5135	3
5136	3
5137	3
5138	3
5139	3
5140	3
5141	3
5142	3
5143	3
5144	3
5145	3
5146	3
5147	3
5148	3
5149	3
5150	3
5151	3
5152	3
5153	3
5154	3
5155	3
5156	3
5157	3
5158	3
5159	3
5160	3
5161	3
5162	3
5163	3
5164	3
5165	3
5166	3
5167	3
5168	3
5169	3
5170	3
5171	3
5172	3
5173	3
5174	3
5175	3
5176	3
5177	3
5178	3
5179	3
5180	3
5181	3
5182	3
5183	3
5184	3
5185	3
5186	3
5187	3
5188	3
5189	3
5190	3
5191	3
5192	3
5193	3
5194	3
5195	3
5196	3
5197	3
5198	3
5199	3
5200	3
5201	3
5202	3
5203	3
5204	3
5205	3
5206	3
5207	3
5208	3
5209	3
5210	3
5211	3
5212	3
5213	3
5214	3
5215	3
5216	3
5217	3
5218	3
5219	3
5220	3
5221	3
5222	3
5223	3
5224	3
5225	3
5226	3
5227	3
5228	3
5229	3
5230	3
5231	3
5232	3
5233	3
5234	3
5235	3
5236	3
5237	3
5238	3
5239	3
5240	3
5241	3
5242	3
5243	3
5244	3
5245	3
5246	3
5247	3
5248	3
5249	3
5250	3
5251	3
5252	3
5253	3
5254	3
5255	3
5256	3
5257	3
5258	3
5259	3
5260	3
5261	3
5262	3
5263	3
5264	3
5265	3
5266	3
5267	3
5268	3
5269	3
5270	3
5271	3
5272	3
5273	3
5274	3
5275	3
5276	3
5277	3
5278	3
5279	3
5280	3
5281	3
5282	3
5283	3
5284	3
5285	3
5286	3
5287	3
5288	3
5289	3
5290	3
5291	3
5292	3
5293	3
5294	3
5295	3
5296	3
5297	3
5298	3
5299	3
5300	3
5301	3
5302	3
5303	3
5304	3
5305	3
5306	3
5307	3
5308	3
5309	3
5310	3
5311	3
5312	3
5313	3
5314	3
5315	3
5316	3
5317	3
5318	3
5319	3
5320	3
5321	3
5322	3
5323	3
5324	3
5325	3
5326	3
5327	3
5328	3
5329	3
5330	3
5331	3
5332	3
5333	3
5334	3
5335	3
5336	3
5337	3
5338	3
5339	3
5340	3
5341	3
5342	3
5343	3
5344	3
5345	3
5346	3
5347	3
5348	3
5349	3
5350	3
5351	3
5352	3
5353	3
5354	3
5355	3
5356	3
5357	3
5358	3
5359	3
5360	3
5361	3
5362	3
5363	3
5364	3
5365	3
5366	3
5367	3
5368	2
5369	2
5370	2
5371	2
5372	2
5373	2
5374	2
5375	2
5376	2
5377	2
5378	2
5379	2
5380	2
5381	2
5382	2
5383	2
5384	2
5385	2
5386	2
5387	2
5388	2
5389	2
5390	2
5391	2
5392	2
5393	2
5394	2
5395	2
5396	2
5397	2
5398	2
5399	2
5400	2
5401	2
5402	2
5403	2
5404	2
5405	2
5406	2
5407	2
5408	2
5409	2
5410	2
5411	2
5412	2
5413	2
5414	2
5415	2
5416	2
5417	2
5418	2
5419	2
5420	2
5421	2
5422	2
5423	2
5424	2
5425	2
5426	2
5427	2
5428	2
5429	2
5430	2
5431	2
5432	2
5433	2
5434	2
5435	2
5436	2
5437	2
5438	2
5439	2
5440	2
5441	2
5442	2
5443	2
5444	2
5445	2
5446	2
5447	2
5448	2
5449	2
5450	2
5451	2
5452	2
5453	2
5454	2
5455	2
5456	2
5457	2
5458	2
5459	2
5460	2
5461	2
5462	2
5463	2
5464	2
5465	2
5466	2
5467	2
5468	2
5469	2
5470	2
5471	2
5472	2
5473	2
5474	2
5475	2
5476	2
5477	2
5478	2
5479	2
5480	2
5481	2
5482	2
5483	2
5484	2
5485	2
5486	2
5487	2
5488	2
5489	2
5490	2
5491	2
5492	2
5493	2
5494	2
5495	2
5496	2
5497	2
5498	2
5499	2
5500	2
5501	2
5502	2
5503	2
5504	2
5505	2
5506	2
5507	2
5508	2
5509	2
5510	2
5511	2
5512	2
5513	2
5514	2
5515	2
5516	2
5517	2
5518	2
5519	2
5520	2
5521	2
5522	2
5523	2
5524	2
5525	2
5526	2
5527	2
5528	2
5529	2
5530	2
5531	2
5532	2
5533	2
5534	2
5535	2
5536	2
5537	2
5538	2
5539	2
5540	2
5541	2
5542	2
5543	2
5544	2
5545	2
5546	2
5547	2
5548	2
5549	2
5550	2
5551	2
5552	2
5553	2
5554	2
5555	2
5556	2
5557	2
5558	2
5559	2
5560	2
5561	2
5562	2
5563	2
5564	2
5565	2
5566	2
5567	2
5568	2
5569	2
5570	2
5571	2
5572	2
5573	2
5574	2
5575	2
5576	2
5577	2
5578	2
5579	2
5580	2
5581	2
5582	2
5583	2
5584	2
5585	2
5586	2
5587	2
5588	2
5589	2
5590	2
5591	2
5592	2
5593	2
5594	2
5595	2
5596	2
5597	2
5598	2
5599	2
5600	2
5601	2
5602	2
5603	2
5604	2
5605	2
5606	2
5607	2
5608	2
5609	2
5610	2
5611	2
5612	2
5613	2
5614	2
5615	2
5616	2
5617	2
5618	2
5619	2
5620	2
5621	2
5622	2
5623	2
5624	2
5625	2
5626	2
5627	2
5628	2
5629	2
5630	2
5631	2
5632	2
5633	2
5634	2
5635	2
5636	2
5637	2
5638	2
5639	2
5640	2
5641	2
5642	2
5643	2
5644	2
5645	2
5646	2
5647	2
5648	2
5649	2
5650	2
5651	2
5652	2
5653	2
5654	2
5655	2
5656	2
5657	2
5658	2
5659	2
5660	2
5661	2
5662	2
5663	2
5664	2
5665	2
5666	2
5667	2
5668	2
5669	2
5670	2
5671	2
5672	2
5673	2
5674	2
5675	2
5676	2
5677	2
5678	2
5679	2
5680	2
5681	2
5682	2
5683	2
5684	2
5685	2
5686	2
5687	2
5688	2
5689	2
5690	2
5691	2
5692	2
5693	2
5694	2
5695	2
5696	2
5697	2
5698	2
5699	2
5700	2
5701	2
5702	2
5703	2
5704	2
5705	2
5706	2
5707	2
5708	2
5709	2
5710	2
5711	2
5712	2
5713	2
5714	2
5715	2
5716	2
5717	2
5718	2
5719	2
5720	2
5721	2
5722	2
5723	2
5724	2
5725	2
5726	2
5727	2
5728	2
5729	2
5730	2
5731	2
5732	2
5733	2
5734	2
5735	2
5736	2
5737	2
5738	2
5739	2
5740	2
5741	2
5742	2
5743	2
5744	2
5745	2
5746	2
5747	2
5748	2
5749	2
5750	2
5751	2
5752	2
5753	2
5754	2
5755	2
5756	2
5757	2
5758	2
5759	2
5760	2
5761	2
5762	2
5763	2
5764	2
5765	2
5766	2
5767	2
5768	2
5769	2
5770	2
5771	2
5772	2
5773	2
5774	2
5775	2
5776	2
5777	2
5778	2
5779	2
5780	2
5781	2
5782	2
5783	2
5784	2
5785	2
5786	2
5787	2
5788	2
5789	2
5790	2
5791	2
5792	2
5793	2
5794	2
5795	2
5796	2
5797	2
5798	2
5799	2
5800	2
5801	2
5802	2
5803	2
5804	2
5805	2
5806	2
5807	2
5808	2
5809	2
5810	2
5811	2
5812	2
5813	2
5814	2
5815	2
5816	2
5817	2
5818	2
5819	2
5820	2
5821	2
5822	2
5823	2
5824	2
5825	2
5826	2
5827	2
5828	2
5829	2
5830	2
5831	2
5832	2
5833	2
5834	2
5835	2
5836	2
5837	2
5838	2
5839	2
5840	2
5841	2
5842	2
5843	2
5844	2
5845	2
5846	2
5847	2
5848	2
5849	2
5850	2
5851	2
5852	2
5853	2
5854	2
5855	2
5856	2
5857	2
5858	2
5859	2
5860	2
5861	2
5862	2
5863	2
5864	2
5865	2
5866	2
5867	2
5868	2
5869	2
5870	2
5871	2
5872	2
5873	2
5874	2
5875	2
5876	2
5877	2
5878	2
5879	2
5880	2
5881	2
5882	2
5883	2
5884	2
5885	2
5886	2
5887	2
5888	2
5889	2
5890	2
5891	2
5892	2
5893	2
5894	2
5895	2
5896	2
5897	2
5898	2
5899	2
5900	2
5901	2
5902	2
5903	2
5904	2
5905	2
5906	2
5907	2
5908	2
5909	2
5910	2
5911	2
5912	2
5913	2
5914	2
5915	2
5916	2
5917	2
5918	2
5919	2
5920	2
5921	2
5922	2
5923	2
5924	2
5925	2
5926	2
5927	2
5928	2
5929	2
5930	2
5931	2
5932	2
5933	2
5934	2
5935	2
5936	2
5937	2
5938	2
5939	2
5940	2
5941	2
5942	2
5943	2
5944	2
5945	2
5946	2
5947	2
5948	2
5949	2
5950	2
5951	2
5952	2
5953	2
5954	2
5955	2
5956	2
5957	2
5958	2
5959	2
5960	2
5961	2
5962	2
5963	2
5964	2
5965	2
5966	2
5967	2
5968	2
5969	2
5970	2
5971	2
5972	2
5973	2
5974	2
5975	2
5976	2
5977	2
5978	2
5979	2
5980	2
5981	2
5982	2
5983	2
5984	2
5985	2
5986	2
5987	2
5988	2
5989	2
5990	2
5991	2
5992	2
5993	2
5994	2
5995	2
5996	2
5997	2
5998	2
5999	2
6000	2
6001	2
6002	2
6003	2
6004	2
6005	2
6006	2
6007	2
6008	2
6009	2
6010	2
6011	2
6012	2
6013	2
6014	2
6015	2
6016	2
6017	2
6018	2
6019	2
6020	2
6021	2
6022	2
6023	2
6024	2
6025	2
6026	2
6027	2
6028	2
6029	2
6030	2
6031	2
6032	2
6033	2
6034	2
6035	2
6036	2
6037	2
6038	2
6039	2
6040	2
6041	2
6042	2
6043	2
6044	2
6045	2
6046	2
6047	2
6048	2
6049	2
6050	2
6051	2
6052	2
6053	2
6054	2
6055	2
6056	2
6057	2
6058	2
6059	2
6060	2
6061	2
6062	2
6063	2
6064	2
6065	2
6066	2
6067	2
6068	2
6069	2
6070	2
6071	2
6072	2
6073	2
6074	2
6075	2
6076	2
6077	2
6078	2
6079	2
6080	2
6081	2
6082	2
6083	2
6084	2
6085	2
6086	2
6087	2
6088	2
6089	2
6090	2
6091	2
6092	2
6093	2
6094	2
6095	2
6096	2
6097	2
6098	2
6099	2
6100	2
6101	2
6102	2
6103	2
6104	2
6105	2
6106	2
6107	2
6108	2
6109	2
6110	2
6111	2
6112	2
6113	2
6114	2
6115	2
6116	2
6117	2
6118	2
6119	2
6120	2
6121	2
6122	2
6123	2
6124	2
6125	2
6126	2
6127	2
6128	2
6129	2
6130	2
6131	2
6132	2
6133	2
6134	2
6135	2
6136	2
6137	2
6138	2
6139	2
6140	2
6141	2
6142	2
6143	2
6144	2
6145	2
6146	2
6147	2
6148	2
6149	2
6150	2
6151	2
6152	2
6153	2
6154	2
6155	2
6156	2
6157	2
6158	2
6159	2
6160	2
6161	2
6162	2
6163	2
6164	2
6165	2
6166	2
6167	2
6168	2
6169	2
6170	2
6171	2
6172	2
6173	2
6174	2
6175	2
6176	2
6177	2
6178	2
6179	2
6180	2
6181	2
6182	2
6183	2
6184	2
6185	2
6186	2
6187	2
6188	2
6189	2
6190	2
6191	2
6192	2
6193	2
6194	2
6195	2
6196	2
6197	2
6198	2
6199	2
6200	2
6201	2
6202	2
6203	2
6204	2
6205	2
6206	2
6207	2
6208	2
6209	2
6210	2
6211	2
6212	2
6213	2
6214	2
6215	2
6216	2
6217	2
6218	2
6219	2
6220	2
6221	2
6222	2
6223	2
6224	2
6225	2
6226	2
6227	2
6228	2
6229	2
6230	2
6231	2
6232	2
6233	2
6234	2
6235	2
6236	2
6237	2
6238	2
6239	2
6240	2
6241	2
6242	2
6243	2
6244	2
6245	2
6246	2
6247	2
6248	2
6249	2
6250	2
6251	2
6252	2
6253	2
6254	2
6255	2
6256	2
6257	2
6258	2
6259	2
6260	2
6261	2
6262	2
6263	2
6264	2
6265	2
6266	2
6267	2
6268	2
6269	2
6270	2
6271	2
6272	2
6273	2
6274	2
6275	2
6276	2
6277	2
6278	2
6279	2
6280	2
6281	2
6282	2
6283	2
6284	2
6285	2
6286	2
6287	2
6288	2
6289	2
6290	2
6291	2
6292	2
6293	2
6294	2
6295	2
6296	2
6297	2
6298	2
6299	2
6300	2
6301	2
6302	2
6303	2
6304	2
6305	2
6306	2
6307	2
6308	2
6309	2
6310	2
6311	2
6312	2
6313	2
6314	2
6315	2
6316	2
6317	2
6318	2
6319	2
6320	2
6321	2
6322	2
6323	2
6324	2
6325	2
6326	2
6327	2
6328	2
6329	2
6330	2
6331	2
6332	2
6333	2
6334	2
6335	2
6336	2
6337	2
6338	2
6339	2
6340	2
6341	2
6342	2
6343	2
6344	2
6345	2
6346	2
6347	2
6348	2
6349	2
6350	2
6351	2
6352	2
6353	2
6354	2
6355	2
6356	2
6357	2
6358	2
6359	2
6360	2
6361	2
6362	2
6363	2
6364	2
6365	2
6366	2
6367	2
6368	2
6369	2
6370	2
6371	2
6372	2
6373	2
6374	2
6375	2
6376	2
6377	2
6378	2
6379	2
6380	2
6381	2
6382	2
6383	2
6384	2
6385	2
6386	2
6387	2
6388	2
6389	2
6390	2
6391	2
6392	2
6393	2
6394	2
6395	2
6396	2
6397	2
6398	2
6399	2
6400	2
6401	2
6402	2
6403	2
6404	2
6405	2
6406	2
6407	2
6408	2
6409	2
6410	2
6411	2
6412	2
6413	2
6414	2
6415	2
6416	2
6417	2
6418	2
6419	2
6420	2
6421	2
6422	2
6423	2
6424	2
6425	2
6426	2
6427	2
6428	2
6429	2
6430	2
6431	2
6432	2
6433	2
6434	2
6435	2
6436	2
6437	2
6438	2
6439	2
6440	2
6441	2
6442	2
6443	2
6444	2
6445	2
6446	2
6447	2
6448	2
6449	2
6450	2
6451	2
6452	2
6453	2
6454	2
6455	2
6456	2
6457	2
6458	2
6459	2
6460	2
6461	2
6462	2
6463	2
6464	2
6465	2
6466	2
6467	2
6468	2
6469	2
6470	2
6471	2
6472	2
6473	2
6474	2
6475	2
6476	2
6477	2
6478	2
6479	2
6480	2
6481	2
6482	2
6483	2
6484	2
6485	2
6486	2
6487	2
6488	2
6489	2
6490	2
6491	2
6492	2
6493	2
6494	2
6495	2
6496	2
6497	2
6498	2
6499	2
6500	2
6501	2
6502	2
6503	2
6504	2
6505	2
6506	2
6507	2
6508	2
6509	2
6510	2
6511	2
6512	2
6513	2
6514	2
6515	2
6516	2
6517	2
6518	2
6519	2
6520	2
6521	2
6522	2
6523	2
6524	2
6525	2
6526	2
6527	2
6528	2
6529	2
6530	2
6531	2
6532	2
6533	2
6534	2
6535	2
6536	2
6537	2
6538	2
6539	2
6540	2
6541	2
6542	2
6543	2
6544	2
6545	2
6546	2
6547	2
6548	2
6549	2
6550	2
6551	2
6552	2
6553	2
6554	2
6555	2
6556	2
6557	2
6558	2
6559	2
6560	2
6561	2
6562	2
6563	2
6564	2
6565	2
6566	2
6567	2
6568	2
6569	2
6570	2
6571	2
6572	2
6573	2
6574	2
6575	2
6576	2
6577	2
6578	2
6579	2
6580	2
6581	2
6582	2
6583	2
6584	2
6585	2
6586	2
6587	2
6588	2
6589	2
6590	2
6591	2
6592	2
6593	2
6594	2
6595	2
6596	2
6597	2
6598	2
6599	2
6600	2
6601	2
6602	2
6603	2
6604	2
6605	2
6606	2
6607	2
6608	2
6609	2
6610	2
6611	2
6612	2
6613	2
6614	2
6615	2
6616	2
6617	2
6618	2
6619	2
6620	2
6621	2
6622	2
6623	2
6624	2
6625	2
6626	2
6627	2
6628	2
6629	2
6630	2
6631	2
6632	2
6633	2
6634	2
6635	2
6636	2
6637	2
6638	2
6639	2
6640	2
6641	2
6642	2
6643	2
6644	2
6645	2
6646	2
6647	2
6648	2
6649	2
6650	2
6651	2
6652	2
6653	2
6654	2
6655	2
6656	2
6657	2
6658	2
6659	2
6660	2
6661	2
6662	2
6663	2
6664	2
6665	2
6666	2
6667	2
6668	2
6669	2
6670	2
6671	2
6672	2
6673	2
6674	2
6675	2
6676	2
6677	2
6678	2
6679	2
6680	2
6681	2
6682	2
6683	2
6684	2
6685	2
6686	2
6687	2
6688	2
6689	2
6690	2
6691	2
6692	2
6693	2
6694	2
6695	2
6696	2
6697	2
6698	2
6699	2
6700	2
6701	2
6702	2
6703	2
6704	2
6705	2
6706	2
6707	2
6708	2
6709	2
6710	2
6711	2
6712	2
6713	2
6714	2
6715	2
6716	2
6717	2
6718	2
6719	2
6720	2
6721	2
6722	2
6723	2
6724	2
6725	2
6726	2
6727	2
6728	2
6729	2
6730	2
6731	2
6732	2
6733	2
6734	2
6735	2
6736	2
6737	2
6738	2
6739	2
6740	2
6741	2
6742	2
6743	2
6744	2
6745	2
6746	2
6747	2
6748	2
6749	2
6750	2
6751	2
6752	2
6753	2
6754	2
6755	2
6756	2
6757	2
6758	2
6759	2
6760	2
6761	2
6762	2
6763	2
6764	2
6765	2
6766	2
6767	2
6768	2
6769	2
6770	2
6771	2
6772	2
6773	2
6774	2
6775	2
6776	2
6777	2
6778	2
6779	2
6780	2
6781	2
6782	2
6783	2
6784	2
6785	2
6786	2
6787	2
6788	2
6789	2
6790	2
6791	2
6792	2
6793	2
6794	2
6795	2
6796	2
6797	2
6798	2
6799	2
6800	2
6801	2
6802	2
6803	2
6804	2
6805	2
6806	2
6807	2
6808	2
6809	2
6810	2
6811	2
6812	2
6813	2
6814	2
6815	2
6816	2
6817	2
6818	2
6819	2
6820	2
6821	2
6822	2
6823	2
6824	2
6825	2
6826	2
6827	2
6828	2
6829	2
6830	2
6831	2
6832	2
6833	2
6834	2
6835	2
6836	2
6837	2
6838	2
6839	2
6840	2
6841	2
6842	2
6843	2
6844	2
6845	2
6846	2
6847	2
6848	2
6849	2
6850	2
6851	2
6852	2
6853	2
6854	2
6855	2
6856	2
6857	2
6858	2
6859	2
6860	2
6861	2
6862	2
6863	2
6864	2
6865	2
6866	2
6867	2
6868	2
6869	2
6870	2
6871	2
6872	2
6873	2
6874	2
6875	2
6876	2
6877	2
6878	2
6879	2
6880	2
6881	2
6882	2
6883	2
6884	2
6885	2
6886	2
6887	2
6888	2
6889	2
6890	2
6891	2
6892	2
6893	2
6894	2
6895	2
6896	2
6897	2
6898	2
6899	2
6900	2
6901	2
6902	2
6903	2
6904	2
6905	2
6906	2
6907	2
6908	2
6909	2
6910	2
6911	2
6912	2
6913	2
6914	2
6915	2
6916	2
6917	2
6918	2
6919	2
6920	2
6921	2
6922	2
6923	2
6924	2
6925	2
6926	2
6927	2
6928	2
6929	2
6930	2
6931	2
6932	2
6933	2
6934	2
6935	2
6936	2
6937	2
6938	2
6939	2
6940	2
6941	2
6942	2
6943	2
6944	2
6945	2
6946	2
6947	2
6948	2
6949	2
6950	2
6951	2
6952	2
6953	2
6954	2
6955	2
6956	2
6957	2
6958	2
6959	2
6960	2
6961	2
6962	2
6963	2
6964	2
6965	2
6966	2
6967	2
6968	2
6969	2
6970	2
6971	2
6972	2
6973	2
6974	2
6975	2
6976	2
6977	2
6978	2
6979	2
6980	2
6981	2
6982	2
6983	2
6984	2
6985	2
6986	2
6987	2
6988	2
6989	2
6990	2
6991	2
6992	2
6993	2
6994	2
6995	2
6996	2
6997	2
6998	2
6999	2
7000	2
7001	2
7002	2
7003	2
7004	2
7005	2
7006	2
7007	2
7008	2
7009	2
7010	2
7011	2
7012	2
7013	2
7014	2
7015	2
7016	2
7017	2
7018	2
7019	2
7020	2
7021	2
7022	2
7023	2
7024	2
7025	2
7026	2
7027	2
7028	2
7029	2
7030	2
7031	2
7032	2
7033	2
7034	2
7035	2
7036	2
7037	2
7038	2
7039	2
7040	2
7041	2
7042	2
7043	2
7044	2
7045	2
7046	2
7047	2
7048	2
7049	2
7050	2
7051	2
7052	2
7053	2
7054	2
7055	2
7056	2
7057	2
7058	2
7059	2
7060	2
7061	2
7062	2
7063	2
7064	2
7065	2
7066	2
7067	2
7068	2
7069	2
7070	2
7071	2
7072	2
7073	2
7074	2
7075	2
7076	2
7077	2
7078	2
7079	2
7080	2
7081	2
7082	2
7083	2
7084	2
7085	2
7086	2
7087	2
7088	2
7089	2
7090	2
7091	2
7092	2
7093	2
7094	2
7095	2
7096	2
7097	2
7098	2
7099	2
7100	2
7101	2
7102	2
7103	2
7104	2
7105	3
7106	3
7107	3
7108	3
7109	3
7110	3
7111	3
7112	3
7113	3
7114	3
7115	3
7116	3
7117	3
7118	3
7119	3
7120	3
7121	3
7122	3
7123	3
7124	3
7125	3
7126	3
7127	3
7128	3
7129	3
7130	3
7131	3
7132	3
7133	3
7134	3
7135	3
7136	3
7137	3
7138	3
7139	3
7140	3
7141	3
7142	3
7143	3
7144	3
7145	3
7146	3
7147	3
7148	3
7149	3
7150	3
7151	3
7152	3
7153	3
7154	3
7155	3
7156	3
7157	3
7158	3
7159	3
7160	3
7161	3
7162	3
7163	3
7164	3
7165	3
7166	3
7167	3
7168	3
7169	3
7170	3
7171	3
7172	3
7173	3
7174	3
7175	3
7176	3
7177	3
7178	3
7179	3
7180	3
7181	3
7182	3
7183	3
7184	3
7185	3
7186	3
7187	3
7188	3
7189	3
7190	3
7191	3
7192	3
7193	3
7194	3
7195	3
7196	3
7197	3
7198	3
7199	3
7200	3
7201	3
7202	3
7203	3
7204	3
7205	3
7206	3
7207	3
7208	3
7209	3
7210	3
7211	3
7212	3
7213	3
7214	3
7215	3
7216	3
7217	3
7218	3
7219	3
7220	3
7221	3
7222	3
7223	3
7224	3
7225	3
7226	3
7227	3
7228	3
7229	3
7230	3
7231	3
7232	3
7233	3
7234	3
7235	3
7236	3
7237	3
7238	3
7239	3
7240	3
7241	3
7242	3
7243	3
7244	3
7245	3
7246	3
7247	3
7248	3
7249	3
7250	3
7251	3
7252	3
7253	3
7254	3
7255	3
7256	3
7257	3
7258	3
7259	3
7260	3
7261	3
7262	3
7263	3
7264	3
7265	3
7266	3
7267	3
7268	3
7269	3
7270	3
7271	3
7272	3
7273	3
7274	3
7275	3
7276	3
7277	3
7278	3
7279	3
7280	3
7281	3
7282	3
7283	3
7284	3
7285	3
7286	3
7287	3
7288	3
7289	3
7290	3
7291	3
7292	3
7293	3
7294	3
7295	3
7296	3
7297	3
7298	3
7299	3
7300	3
7301	3
7302	3
7303	3
7304	3
7305	3
7306	3
7307	3
7308	3
7309	3
7310	3
7311	3
7312	3
7313	3
7314	3
7315	3
7316	3
7317	3
7318	3
7319	3
7320	3
7321	3
7322	3
7323	3
7324	3
7325	3
7326	3
7327	3
7328	3
7329	3
7330	3
7331	3
7332	3
7333	3
7334	3
7335	3
7336	3
7337	3
7338	3
7339	3
7340	3
7341	3
7342	3
7343	3
7344	3
7345	3
7346	3
7347	3
7348	3
7349	3
7350	3
7351	3
7352	3
7353	3
7354	3
7355	3
7356	3
7357	3
7358	3
7359	3
7360	3
7361	3
7362	3
7363	3
7364	3
7365	3
7366	3
7367	3
7368	3
7369	3
7370	3
7371	3
7372	3
7373	3
7374	3
7375	3
7376	3
7377	3
7378	3
7379	3
7380	3
7381	3
7382	3
7383	3
7384	3
7385	3
7386	3
7387	3
7388	3
7389	3
7390	3
7391	3
7392	3
7393	3
7394	3
7395	3
7396	3
7397	3
7398	3
7399	3
7400	3
7401	3
7402	3
7403	3
7404	3
7405	3
7406	3
7407	3
7408	3
7409	3
7410	3
7411	3
7412	3
7413	3
7414	3
7415	3
7416	3
7417	3
7418	3
7419	3
7420	3
7421	3
7422	3
7423	3
7424	3
7425	3
7426	3
7427	3
7428	3
7429	3
7430	3
7431	3
7432	3
7433	3
7434	3
7435	3
7436	3
7437	3
7438	3
7439	3
7440	3
7441	3
7442	3
7443	3
7444	3
7445	3
7446	3
7447	3
7448	3
7449	3
7450	3
7451	3
7452	3
7453	3
7454	3
7455	3
7456	3
7457	3
7458	3
7459	3
7460	3
7461	3
7462	3
7463	3
7464	3
7465	3
7466	3
7467	3
7468	3
7469	3
7470	3
7471	3
7472	3
7473	3
7474	3
7475	3
7476	3
7477	3
7478	3
7479	3
7480	3
7481	3
7482	3
7483	3
7484	3
7485	3
7486	3
7487	3
7488	3
7489	3
7490	3
7491	3
7492	3
7493	3
7494	3
7495	3
7496	3
7497	3
7498	3
7499	3
7500	3
7501	3
7502	3
7503	3
7504	3
7505	3
7506	3
7507	3
7508	3
7509	3
7510	3
7511	3
7512	3
7513	3
7514	3
7515	3
7516	3
7517	3
7518	3
7519	3
7520	3
7521	3
7522	3
7523	3
7524	3
7525	3
7526	3
7527	3
7528	3
7529	3
7530	3
7531	3
7532	3
7533	3
7534	3
7535	3
7536	3
7537	3
7538	3
7539	3
7540	3
7541	3
7542	3
7543	3
7544	3
7545	3
7546	3
7547	3
7548	3
7549	3
7550	3
7551	3
7552	3
7553	3
7554	3
7555	3
7556	3
7557	3
7558	3
7559	3
7560	3
7561	3
7562	3
7563	3
7564	3
7565	3
7566	3
7567	3
7568	3
7569	3
7570	3
7571	3
7572	3
7573	3
7574	3
7575	3
7576	3
7577	3
7578	3
7579	3
7580	3
7581	3
7582	3
7583	3
7584	3
7585	3
7586	3
7587	3
7588	3
7589	3
7590	3
7591	3
7592	3
7593	3
7594	3
7595	3
7596	3
7597	3
7598	3
7599	3
7600	3
7601	3
7602	3
7603	3
7604	3
7605	3
7606	3
7607	3
7608	3
7609	3
7610	3
7611	3
7612	3
7613	3
7614	3
7615	3
7616	3
7617	3
7618	3
7619	3
7620	3
7621	3
7622	3
7623	3
7624	3
7625	3
7626	3
7627	3
7628	3
7629	3
7630	3
7631	3
7632	3
7633	3
7634	3
7635	3
7636	3
7637	3
7638	3
7639	3
7640	3
7641	3
7642	3
7643	3
7644	3
7645	3
7646	3
7647	3
7648	3
7649	3
7650	3
7651	3
7652	3
7653	3
7654	3
7655	3
7656	3
7657	3
7658	3
7659	3
7660	3
7661	3
7662	3
7663	3
7664	3
7665	3
7666	3
7667	3
7668	3
7669	3
7670	3
7671	3
7672	3
7673	3
7674	3
7675	3
7676	3
7677	3
7678	3
7679	3
7680	3
7681	3
7682	3
7683	3
7684	3
7685	3
7686	3
7687	3
7688	3
7689	3
7690	3
7691	3
7692	3
7693	3
7694	3
7695	3
7696	3
7697	3
7698	3
7699	3
7700	3
7701	3
7702	3
7703	3
7704	3
7705	3
7706	3
7707	3
7708	3
7709	3
7710	3
7711	3
7712	3
7713	3
7714	3
7715	3
7716	3
7717	3
7718	3
7719	3
7720	3
7721	3
7722	3
7723	3
7724	3
7725	3
7726	3
7727	3
7728	3
7729	3
7730	3
7731	3
7732	3
7733	3
7734	3
7735	3
7736	3
7737	3
7738	3
7739	3
7740	3
7741	3
7742	3
7743	3
7744	3
7745	3
7746	3
7747	3
7748	3
7749	3
7750	3
7751	3
7752	3
7753	3
7754	3
7755	3
7756	3
7757	3
7758	3
7759	3
7760	3
7761	3
7762	3
7763	3
7764	3
7765	3
7766	3
7767	3
7768	3
7769	3
7770	-1000
7771	-1000
7772	-1000
7773	-1000
7774	-1000
7775	-1000
7776	-1000
7777	-1000
7778	-1000
7779	-1000
7780	-1000
7781	-1000
7782	-1000
7783	-1000
7784	-1000
7785	-1000
7786	-1000
7787	-1000
7788	-1000
7789	-1000
7790	-1000
7791	-1000
7792	-1000
7793	-1000
7794	-1000
7795	-1000
7796	-1000
7797	-1000
7798	-1000
7799	-1000
7800	-1000
7801	-1000
7802	-1000
7803	-1000
7804	-1000
7805	-1000
7806	-1000
7807	-1000
7808	-1000
7809	-1000
7810	-1000
7811	-1000
7812	-1000
7813	-1000
7814	-1000
7815	-1000
7816	-1000
7817	-1000
7818	-1000
7819	-1000
7820	-1000
7821	-1000
7822	-1000
7823	-1000
7824	-1000
7825	-1000
7826	-1000
7827	-1000
7828	-1000
7829	-1000
7830	-1000
7831	-1000
7832	-1000
7833	-1000
7834	-1000
7835	-1000
7836	-1000
7837	-1000
7838	-1000
7839	-1000
7840	-1000
7841	-1000
7842	-1000
7843	-1000
7844	-1000
7845	-1000
7846	-1000
7847	-1000
7848	-1000
7849	-1000
7850	-1000
7851	-1000
7852	-1000
7853	-1000
7854	-1000
7855	-1000
7856	-1000
7857	-1000
7858	-1000
7859	-1000
7860	-1000
7861	-1000
7862	-1000
7863	-1000
7864	-1000
7865	-1000
7866	-1000
7867	-1000
7868	-1000
7869	-1000
7870	-1000
7871	-1000
7872	-1000
7873	-1000
7874	-1000
7875	-1000
7876	-1000
7877	-1000
7878	-1000
7879	-1000
7880	-1000
7881	-1000
7882	-1000
7883	-1000
7884	-1000
7885	-1000
7886	-1000
7887	-1000
7888	-1000
7889	-1000
7890	-1000
7891	-1000
7892	-1000
7893	-1000
7894	-1000
7895	-1000
7896	-1000
7897	-1000
7898	-1000
7899	-1000
7900	-1000
7901	-1000
7902	-1000
7903	-1000
7904	-1000
7905	-1000
7906	-1000
7907	-1000
7908	-1000
7909	-1000
7910	-1000
7911	-1000
7912	-1000
7913	-1000
7914	-1000
7915	-1000
7916	-1000
7917	-1000
7918	-1000
7919	-1000
7920	-1000
7921	-1000
7922	-1000
7923	-1000
7924	-1000
7925	-1000
7926	-1000
7927	-1000
7928	-1000
7929	-1000
7930	-1000
7931	-1000
7932	-1000
7933	-1000
7934	-1000
7935	-1000
7936	-1000
7937	-1000
7938	-1000
7939	-1000
7940	-1000
7941	-1000
7942	-1000
7943	-1000
7944	-1000
7945	-1000
7946	-1000
7947	-1000
7948	-1000
7949	-1000
7950	-1000
7951	-1000
7952	-1000
7953	-1000
7954	-1000
7955	-1000
7956	-1000
7957	-1000
7958	-1000
7959	-1000
7960	-1000
7961	-1000
7962	-1000
7963	-1000
7964	-1000
7965	-1000
7966	-1000
7967	-1000
7968	-1000
7969	-1000
7970	-1000
7971	-1000
7972	-1000
7973	-1000
7974	-1000
7975	-1000
7976	-1000
7977	-1000
7978	-1000
7979	-1000
7980	-1000
7981	-1000
7982	-1000
7983	-1000
7984	-1000
7985	-1000
7986	-1000
7987	-1000
7988	-1000
7989	-1000
7990	-1000
7991	-1000
7992	-1000
7993	-1000
7994	-1000
7995	-1000
7996	-1000
7997	-1000
7998	-1000
7999	-1000
8000	-1000
8001	-1000
8002	-1000
8003	-1000
8004	-1000
8005	-1000
8006	-1000
8007	-1000
8008	-1000
8009	-1000
8010	-1000
8011	-1000
8012	-1000
8013	-1000
8014	-1000
8015	-1000
8016	-1000
8017	-1000
8018	-1000
8019	-1000
8020	-1000
8021	-1000
8022	-1000
8023	-1000
8024	-1000
8025	-1000
8026	-1000
8027	-1000
8028	-1000
8029	-1000
8030	-1000
8031	-1000
8032	-1000
8033	-1000
8034	-1000
8035	-1000
8036	-1000
8037	-1000
8038	-1000
8039	-1000
8040	-1000
8041	-1000
8042	-1000
8043	-1000
8044	-1000
8045	-1000
8046	-1000
