0.000000 0.000000
0.000000 0.000000
0.000000 0.000000
0.000000 0.000000
0.000000 0.000000
0.000000 0.000000
0.000000 0.000000
0.000000 0.000000
0.000000 0.000000
0.000000 0.000000
0.000000 0.000000
0.000000 0.000000
0.000000 0.000000
0.000000 0.000000
0.000000 0.000000
0.000000 0.000000
0.000000 0.000000
0.000000 0.000000
0.000000 0.000000
0.000000 0.000000
0.000000 0.000000
0.000000 0.000000
0.000000 0.000000
0.000000 0.000000
0.000000 0.000000
0.000000 0.000000
0.000000 0.000000
0.000000 0.000000
0.000000 0.000000
0.000000 0.000000
0.000000 0.000000
0.000000 0.000000
0.000000 0.000000
0.000000 0.000000
0.000000 0.000000
0.000000 0.000000
0.000000 0.000000
0.000000 0.000000
0.000000 0.000000
0.000000 0.000000
0.000000 0.000000
0.000000 0.000000
0.000000 0.000000
0.000000 0.000000
0.000000 0.000000
0.000000 0.000000
0.000000 0.000000
0.000000 0.000000
0.000000 0.000000
0.000000 0.000000
0.000000 0.000000
0.000000 0.000000
0.000000 0.000000
0.000000 0.000000
0.000000 0.000000
0.000000 0.000000
0.000000 0.000000
0.000000 0.000000
0.000000 0.000000
0.000000 0.000000
0.000000 0.000000
0.000000 0.000000
0.000000 0.000000
0.000000 0.000000
0.000000 0.000000
0.000000 0.000000
0.000000 0.000000
0.000000 0.000000
0.000000 0.000000
0.000000 0.000000
0.000000 0.000000
0.000000 0.000000
0.000000 0.000000
0.000000 0.000000
0.000000 0.000000
0.000000 0.000000
0.000000 0.000000
0.000000 0.000000
0.000000 0.000000
0.000000 0.000000
0.000000 0.000000
0.000000 0.000000
0.000000 0.000000
0.000000 0.000000
0.000000 0.000000
0.000000 0.000000
0.000000 0.000000
0.000000 0.000000
0.000000 0.000000
0.000000 0.000000
0.000000 0.000000
0.000000 0.000000
0.000000 0.000000
0.000000 0.000000
0.000000 0.000000
0.000000 0.000000
0.000000 0.000000
0.000000 0.000000
0.000000 0.000000
0.000000 0.000000
0.000000 0.000000
0.000000 0.000000
0.000000 0.000000
0.000000 0.000000
0.000000 0.000000
0.000000 0.000000
0.000000 0.000000
0.000000 0.000000
0.000000 0.000000
0.000000 0.000000
0.000000 0.000000
0.000000 0.000000
0.000000 0.000000
0.000000 0.000000
0.000000 154.269287
0.000000 157.864502
0.000000 159.789734
29.594893 106.389542
29.775570 107.223434
30.699722 107.744675
31.097315 108.262894
0.000000 162.897278
32.702305 109.290047
0.000000 163.141602
33.612221 110.304474
0.000000 163.610458
0.000000 163.835495
0.000000 164.126358
0.000000 164.337891
0.000000 164.407196
0.000000 164.407196
0.000000 164.407196
0.000000 164.475891
0.000000 164.678497
0.000000 164.810715
0.000000 164.940735
0.000000 165.068588
0.000000 165.194336
0.000000 165.379120
0.000000 165.499832
0.000000 165.618607
0.000000 165.850525
0.000000 166.019714
0.000000 166.346451
0.000000 166.334427
0.000000 166.168198
0.000000 166.496506
0.000000 167.145889
0.000000 167.509598
0.000000 167.635254
0.000000 168.218643
0.000000 168.720169
0.000000 169.271133
0.000000 169.708054
0.000000 170.098022
0.000000 170.354706
0.000000 170.763336
0.000000 171.212250
0.000000 171.295044
0.000000 171.469238
0.000000 171.548553
0.000000 171.738449
0.000000 171.776428
0.000000 171.776428
0.000000 171.907303
0.000000 172.019882
0.000000 172.038254
0.000000 172.056534
0.000000 172.019882
0.000000 172.092834
0.000000 172.074722
0.000000 172.128815
0.000000 172.182190
0.000000 172.269547
0.000000 172.321030
0.000000 172.321030
0.000000 172.303955
0.000000 172.338043
0.000000 172.338043
0.000000 172.338043
0.000000 172.338043
0.000000 172.321030
0.000000 172.321030
0.000000 172.371857
0.000000 172.388641
0.000000 172.371857
0.000000 172.354980
0.000000 172.338043
0.000000 172.321030
0.000000 172.269547
0.000000 172.110870
0.000000 172.019882
0.000000 171.964294
0.000000 171.869904
0.000000 171.812195
0.000000 171.812195
0.000000 171.812195
0.000000 171.792786
0.000000 171.773285
0.000000 171.733994
0.000000 171.812195
0.000000 171.733994
0.000000 171.753677
0.000000 171.733994
0.000000 171.753677
0.000000 171.714203
0.000000 171.557877
0.000000 171.380203
0.000000 171.593491
0.000000 171.136642
0.000000 170.909729
0.000000 170.584381
0.000000 170.256363
55.963390 145.506393
53.383247 144.293304
50.411869 142.895767
46.218876 141.525757
77.799530 0.000000
45.000000 0.000000
24.567171 0.000000
348.231720 0.000000
332.700439 0.000000
325.967865 0.000000
320.389313 0.000000
314.696838 0.000000
309.184387 0.000000
307.875000 0.000000
306.869904 0.000000
310.328613 0.000000
310.065826 0.000000
0.000000 0.000000
0.000000 0.000000
314.825836 0.000000
315.504059 0.000000
315.982117 0.000000
315.949554 0.000000
315.944336 0.000000
316.397186 0.000000
316.531616 0.000000
317.109955 0.000000
318.138397 0.000000
318.677185 0.000000
319.932098 0.000000
320.796967 0.000000
322.107056 0.000000
341.767517 90.954842
343.549408 88.806511
348.561493 83.345573
352.983490 78.690071
336.037506 0.000000
343.730347 0.000000
351.271698 0.000000
358.786285 0.000000
4.018309 0.000000
9.387377 0.000000
14.349332 0.000000
17.791203 0.000000
18.312521 0.000000
0.000000 0.000000
0.000000 0.000000
0.000000 0.000000
0.000000 0.000000
0.000000 0.000000
0.000000 0.000000
0.000000 0.000000
0.000000 0.000000
0.000000 0.000000
0.000000 0.000000
0.000000 0.000000
0.000000 0.000000
0.000000 0.000000
0.000000 0.000000
0.000000 0.000000
0.000000 0.000000
0.000000 0.000000
0.000000 0.000000
0.000000 0.000000
0.000000 0.000000
0.000000 0.000000
0.000000 0.000000
0.000000 0.000000
0.000000 0.000000
0.000000 0.000000
0.000000 0.000000
0.000000 0.000000
0.000000 0.000000
0.000000 0.000000
0.000000 0.000000
0.000000 0.000000
0.000000 0.000000
0.000000 0.000000
0.000000 0.000000
0.000000 0.000000
0.000000 0.000000
0.000000 0.000000
0.000000 0.000000
0.000000 0.000000
0.000000 0.000000
0.000000 0.000000
0.000000 0.000000
0.000000 0.000000
0.000000 0.000000
0.000000 0.000000
0.000000 0.000000
0.000000 0.000000
0.000000 0.000000
0.000000 0.000000
0.000000 0.000000
0.000000 0.000000
0.000000 0.000000
0.000000 0.000000
0.000000 0.000000
0.000000 0.000000
0.000000 0.000000
0.000000 0.000000
0.000000 0.000000
0.000000 0.000000
0.000000 0.000000
0.000000 0.000000
0.000000 0.000000
0.000000 0.000000
0.000000 0.000000
0.000000 0.000000
0.000000 0.000000
0.000000 0.000000
0.000000 0.000000
0.000000 0.000000
0.000000 0.000000
0.000000 0.000000
0.000000 0.000000
0.000000 0.000000
0.000000 0.000000
0.000000 0.000000
0.000000 0.000000
0.000000 0.000000
0.000000 0.000000
0.000000 0.000000
0.000000 0.000000
0.000000 0.000000
0.000000 0.000000
0.000000 0.000000
0.000000 0.000000
0.000000 0.000000
0.000000 0.000000
0.000000 0.000000
0.000000 0.000000
0.000000 0.000000
0.000000 0.000000
0.000000 0.000000
0.000000 0.000000
0.000000 0.000000
0.000000 0.000000
0.000000 0.000000
0.000000 0.000000
0.000000 0.000000
0.000000 0.000000
0.000000 0.000000
0.000000 0.000000
0.000000 0.000000
0.000000 0.000000
0.000000 0.000000
0.000000 0.000000
0.000000 0.000000
0.000000 0.000000
0.000000 0.000000
0.000000 0.000000
0.000000 0.000000
0.000000 0.000000
0.000000 0.000000
0.000000 0.000000
0.000000 0.000000
0.000000 0.000000
0.000000 0.000000
0.000000 0.000000
0.000000 0.000000
0.000000 0.000000
0.000000 0.000000
0.000000 0.000000
0.000000 0.000000
0.000000 0.000000
0.000000 0.000000
0.000000 0.000000
0.000000 0.000000
0.000000 0.000000
0.000000 0.000000
0.000000 0.000000
0.000000 0.000000
0.000000 0.000000
0.000000 0.000000
0.000000 0.000000
0.000000 0.000000
0.000000 0.000000
0.000000 0.000000
0.000000 0.000000
0.000000 0.000000
0.000000 0.000000
0.000000 0.000000
0.000000 0.000000
0.000000 0.000000
0.000000 0.000000
0.000000 0.000000
0.000000 0.000000
0.000000 0.000000
0.000000 0.000000
0.000000 0.000000
0.000000 0.000000
0.000000 0.000000
0.000000 0.000000
0.000000 0.000000
0.000000 0.000000
0.000000 0.000000
0.000000 0.000000
0.000000 0.000000
0.000000 0.000000
0.000000 0.000000
0.000000 0.000000
0.000000 0.000000
0.000000 0.000000
0.000000 0.000000
0.000000 0.000000
0.000000 0.000000
0.000000 0.000000
0.000000 0.000000
0.000000 0.000000
0.000000 0.000000
0.000000 0.000000
0.000000 0.000000
0.000000 0.000000
0.000000 0.000000
0.000000 0.000000
0.000000 0.000000
0.000000 0.000000
0.000000 0.000000
0.000000 0.000000
0.000000 0.000000
0.000000 0.000000
0.000000 0.000000
0.000000 0.000000
0.000000 0.000000
0.000000 0.000000
0.000000 0.000000
0.000000 0.000000
0.000000 0.000000
0.000000 0.000000
0.000000 0.000000
0.000000 0.000000
0.000000 0.000000
0.000000 0.000000
0.000000 0.000000
0.000000 0.000000
0.000000 0.000000
0.000000 0.000000
0.000000 0.000000
0.000000 0.000000
0.000000 0.000000
0.000000 0.000000
0.000000 0.000000
0.000000 0.000000
0.000000 0.000000
0.000000 0.000000
0.000000 0.000000
0.000000 0.000000
0.000000 0.000000
0.000000 0.000000
0.000000 0.000000
0.000000 0.000000
0.000000 0.000000
0.000000 0.000000
0.000000 0.000000
0.000000 0.000000
0.000000 0.000000
0.000000 0.000000
0.000000 0.000000
0.000000 0.000000
0.000000 0.000000
0.000000 0.000000
0.000000 0.000000
0.000000 0.000000
0.000000 0.000000
0.000000 0.000000
0.000000 0.000000
0.000000 0.000000
0.000000 0.000000
0.000000 0.000000
0.000000 0.000000
0.000000 0.000000
0.000000 0.000000
0.000000 0.000000
0.000000 0.000000
0.000000 0.000000
0.000000 0.000000
0.000000 0.000000
0.000000 0.000000
0.000000 0.000000
0.000000 0.000000
0.000000 0.000000
0.000000 0.000000
0.000000 0.000000
0.000000 0.000000
0.000000 0.000000
0.000000 0.000000
0.000000 0.000000
0.000000 0.000000
0.000000 0.000000
0.000000 0.000000
0.000000 0.000000
0.000000 0.000000
0.000000 0.000000
0.000000 0.000000
0.000000 0.000000
0.000000 0.000000
0.000000 0.000000
0.000000 0.000000
0.000000 0.000000
0.000000 0.000000
0.000000 0.000000
0.000000 0.000000
0.000000 0.000000
0.000000 0.000000
0.000000 0.000000
0.000000 0.000000
0.000000 0.000000
0.000000 0.000000
0.000000 0.000000
0.000000 0.000000
0.000000 0.000000
0.000000 0.000000
0.000000 0.000000
0.000000 0.000000
0.000000 0.000000
0.000000 0.000000
0.000000 0.000000
0.000000 0.000000
0.000000 0.000000
0.000000 0.000000
0.000000 0.000000
0.000000 0.000000
0.000000 0.000000
0.000000 0.000000
0.000000 0.000000
0.000000 0.000000
0.000000 0.000000
0.000000 0.000000
0.000000 0.000000
0.000000 0.000000
0.000000 0.000000
0.000000 0.000000
0.000000 0.000000
0.000000 0.000000
0.000000 0.000000
0.000000 0.000000
0.000000 0.000000
0.000000 0.000000
0.000000 0.000000
0.000000 0.000000
0.000000 0.000000
0.000000 0.000000
0.000000 0.000000
0.000000 0.000000
0.000000 0.000000
0.000000 0.000000
0.000000 0.000000
0.000000 0.000000
0.000000 0.000000
0.000000 0.000000
0.000000 0.000000
0.000000 0.000000
0.000000 0.000000
0.000000 0.000000
0.000000 0.000000
0.000000 0.000000
0.000000 0.000000
0.000000 0.000000
0.000000 0.000000
0.000000 0.000000
0.000000 0.000000
0.000000 0.000000
0.000000 0.000000
0.000000 0.000000
0.000000 0.000000
0.000000 0.000000
0.000000 0.000000
0.000000 0.000000
0.000000 0.000000
0.000000 0.000000
0.000000 0.000000
0.000000 0.000000
0.000000 0.000000
0.000000 0.000000
0.000000 0.000000
0.000000 0.000000
0.000000 0.000000
0.000000 0.000000
0.000000 0.000000
0.000000 0.000000
0.000000 0.000000
0.000000 0.000000
0.000000 0.000000
0.000000 0.000000
0.000000 0.000000
0.000000 0.000000
0.000000 0.000000
0.000000 0.000000
0.000000 0.000000
0.000000 0.000000
0.000000 0.000000
0.000000 0.000000
0.000000 0.000000
16.153933 0.000000
16.443380 0.000000
0.000000 0.000000
0.000000 0.000000
0.000000 0.000000
0.000000 0.000000
0.000000 0.000000
0.000000 0.000000
0.000000 0.000000
0.000000 0.000000
0.000000 0.000000
0.000000 0.000000
0.000000 0.000000
0.000000 0.000000
0.000000 0.000000
0.000000 0.000000
0.000000 0.000000
0.000000 0.000000
0.000000 0.000000
0.000000 0.000000
0.000000 0.000000
0.000000 0.000000
0.000000 0.000000
0.000000 0.000000
0.000000 0.000000
0.000000 0.000000
0.000000 0.000000
0.000000 0.000000
0.000000 0.000000
0.000000 0.000000
0.000000 0.000000
0.000000 0.000000
0.000000 0.000000
0.000000 0.000000
0.000000 0.000000
0.000000 0.000000
0.000000 0.000000
0.000000 0.000000
0.000000 0.000000
0.000000 0.000000
0.000000 0.000000
0.000000 0.000000
0.000000 0.000000
0.000000 0.000000
0.000000 0.000000
0.000000 0.000000
0.000000 0.000000
0.000000 0.000000
0.000000 0.000000
0.000000 0.000000
0.000000 0.000000
0.000000 0.000000
0.000000 0.000000
0.000000 0.000000
0.000000 0.000000
0.000000 169.718613
0.000000 170.134186
0.000000 170.683899
0.000000 171.072937
0.000000 171.487473
0.000000 171.869904
0.000000 172.224091
0.000000 172.583771
0.000000 173.018936
0.000000 173.061005
0.000000 173.143646
0.000000 173.224350
0.000000 173.277100
0.000000 173.316132
0.000000 173.354721
0.000000 173.367493
0.000000 173.380203
0.000000 173.405487
0.000000 173.405487
0.000000 173.418060
0.000000 173.418060
0.000000 173.418060
0.000000 173.418060
0.000000 173.430573
0.000000 173.430573
0.000000 173.443054
0.000000 173.443054
0.000000 173.455475
0.000000 173.455475
0.000000 173.455475
0.000000 173.455475
0.000000 173.392868
0.000000 173.455475
0.000000 173.467865
0.000000 173.467865
0.000000 173.467865
0.000000 173.467865
0.000000 173.467865
0.000000 173.492493
0.000000 173.492493
0.000000 173.467865
0.000000 173.380203
0.000000 173.405487
0.000000 173.392868
0.000000 173.392868
0.000000 173.405487
0.000000 173.443054
0.000000 172.998734
0.000000 171.982910
0.000000 171.362869
0.000000 171.425751
0.000000 171.906693
0.000000 172.038254
0.000000 171.982910
0.000000 171.964294
0.000000 171.907913
0.000000 171.869904
0.000000 171.812195
0.000000 171.753677
0.000000 171.714203
0.000000 171.714203
0.000000 171.674347
0.000000 171.654282
0.000000 171.654282
0.000000 171.634109
0.000000 171.613846
0.000000 171.593491
0.000000 171.531815
0.000000 171.490204
0.000000 171.405731
0.000000 171.384354
0.000000 171.341278
0.000000 171.341278
0.000000 171.319580
93.674500 149.386520
93.674500 149.534454
93.674500 149.534454
0.000000 171.341278
94.159645 149.386520
93.674500 149.386520
93.674500 148.298569
93.674500 147.813202
93.150719 146.857819
93.150719 146.616730
93.150719 146.162445
92.626404 146.805069
92.101654 147.659409
91.591141 148.877533
0.000000 156.312469
0.000000 156.312469
0.000000 156.175735
90.000000 157.439987
90.000000 159.717438
90.000000 160.215729
90.535461 160.083588
90.535461 159.882202
91.080925 159.607529
91.621147 159.253922
91.636574 158.962494
92.726311 158.663147
92.752487 158.510406
93.850639 158.433243
93.850639 158.355560
94.945969 158.947250
95.440331 158.355560
96.519798 158.433243
96.458817 158.510406
97.523819 158.587036
97.523819 158.738739
97.523819 158.813828
97.523819 158.888412
96.991928 158.888412
96.458817 158.962494
95.924583 159.036072
94.807953 158.962494
94.275841 159.612549
93.742989 159.036072
93.209488 159.109177
92.161079 159.253922
92.140900 160.796021
91.070824 159.634460
91.591141 160.346176
91.591141 163.089188
92.626404 162.127365
93.708427 161.503235
95.815628 161.137939
97.980110 160.474991
100.587318 159.822067
103.535858 158.935364
107.175903 157.702850
111.274971 156.314774
115.153114 154.519287
119.013710 152.592422
121.920876 150.903107
122.735229 149.580414
124.094978 148.019745
124.472214 146.861496
123.495186 145.809860
122.905243 144.732727
120.151550 144.280045
120.151550 144.031067
119.377899 143.183746
118.580490 142.696045
117.407578 142.853317
116.395035 142.295761
115.364418 141.296814
113.962486 140.230804
112.890549 141.029999
112.166344 140.670349
111.579903 140.488434
110.323135 140.381546
109.573128 143.831909
109.195465 142.411499
109.759468 30.314802
105.407700 27.334814
105.135834 27.910301
103.392502 27.448153
103.392502 27.448153
102.862755 27.334814
102.002296 27.334814
101.911217 27.222336
101.911217 27.222336
101.481995 27.222336
101.935600 27.793427
101.580620 27.910301
100.676353 27.910301
100.762535 28.028084
100.388855 28.146782
100.388855 28.146782
100.939095 28.266405
100.850105 28.146782
100.474236 28.266405
99.540382 28.266405
98.997147 28.146782
98.130104 28.266405
97.594643 28.146782
96.654427 28.146782
96.182930 28.146782
95.194427 28.028084
94.253838 28.028084
92.862404 28.146782
94.361572 131.219437
91.992096 131.486252
89.479141 131.750885
85.724159 132.013367
82.806534 131.219437
80.445709 131.516724
77.047234 131.252350
74.890427 132.573669
72.776566 132.113586
71.221970 132.137604
70.201126 131.912354
68.886497 131.937714
68.853905 131.962662
69.102234 131.987213
0.000000 163.934937
0.000000 163.698288
0.000000 163.678131
0.000000 163.753296
0.000000 163.893723
0.000000 164.370407
0.000000 0.000000
0.000000 0.000000
0.000000 0.000000
0.000000 165.808899
0.000000 166.002396
0.000000 166.157059
0.000000 166.157059
0.000000 166.118820
0.000000 166.157059
0.000000 166.040817
0.000000 166.307983
69.211754 137.602570
69.325577 137.808487
69.443954 138.215485
70.062012 138.191620
70.201126 138.391342
70.709953 138.168121
0.000000 148.523163
0.000000 149.036240
0.000000 149.036240
0.000000 149.778168
0.000000 150.488495
0.000000 150.945389
0.000000 150.945389
0.000000 151.389542
0.000000 151.821411
0.000000 151.606979
0.000000 151.389542
0.000000 151.169037
0.000000 151.169037
0.000000 150.488495
0.000000 150.255112
0.000000 150.018356
0.000000 149.364578
0.000000 149.118927
0.000000 148.455841
0.000000 148.045639
0.000000 148.045639
0.000000 147.893738
72.395370 155.074280
73.401894 153.154999
73.401894 153.434952
74.419075 153.253342
75.446426 153.796997
77.529541 154.062576
79.114471 154.149994
80.716446 154.672623
82.874985 154.578949
85.006256 154.746841
87.797401 155.170654
90.000000 155.251877
92.245743 155.492599
93.925911 155.920776
95.599342 155.998718
95.654419 156.153183
96.215637 156.153183
96.277298 156.153183
96.277298 156.327072
96.277298 156.501434
96.709839 156.348694
97.193466 156.293030
98.130104 156.157089
100.069061 155.754074
102.528809 155.539124
105.875946 155.416382
109.358994 155.194336
113.014755 154.546371
116.965714 153.960587
120.745346 153.864929
123.465378 153.544708
124.670319 153.657883
126.111053 153.549088
124.646683 153.087006
125.403076 152.730530
127.234833 29.054605
126.501442 29.054605
125.374756 29.054605
124.483955 29.190311
124.359383 29.327179
123.690063 29.604450
123.550659 29.744883
123.261429 30.029402
122.763885 152.059113
122.619247 152.175903
121.383194 151.079956
119.683136 151.079956
120.113739 151.213379
120.618607 151.476883
120.439728 151.282883
121.309952 151.681549
122.005386 153.100540
123.129730 154.486130
123.830498 155.761948
124.534660 156.658096
125.118591 157.574142
125.537674 158.962494
126.253838 159.396759
125.952423 159.676865
125.952423 159.814194
126.769028 161.000275
126.469238 159.949768
126.869896 161.000275
126.469238 160.747498
126.573029 160.747498
126.674347 159.676865
128.736511 159.181793
128.269516 159.036072
127.073074 159.036072
125.952423 158.962494
122.210922 158.888412
121.383194 158.813828
120.963760 158.962494
120.540604 158.962494
119.683136 159.036072
119.248825 159.036072
118.369049 159.109177
117.923592 159.396759
117.012665 159.253922
116.342117 159.325577
115.676819 159.253922
115.253166 159.396759
115.046196 158.813828
115.046196 158.932617
115.484131 158.813828
115.709953 158.813828
116.139069 158.813828
116.987885 159.857193
118.044685 159.928467
118.647614 159.999268
119.859016 159.946960
120.650665 160.086365
121.667221 159.844788
122.195740 159.607529
123.690063 159.745758
124.172546 159.949768
125.340103 160.215729
125.781075 160.346176
126.209457 160.474991
127.273376 160.538788
127.806534 160.665192
128.893906 160.790024
0.000000 164.343048
0.000000 164.357758
0.000000 164.371414
0.000000 164.411072
126.799850 22.870064
127.965027 22.773214
127.694244 22.773214
127.965027 22.773214
129.093857 23.165337
130.601288 23.366220
132.297058 23.778004
133.025070 23.989063
132.342606 23.570415
131.378510 23.366220
131.378510 23.366220
131.121475 23.366220
130.827011 23.467899
130.338135 23.366220
130.297943 23.467899
129.264633 23.366220
128.823196 23.165337
128.823196 23.165337
134.336365 160.974396
133.439804 160.790024
131.423660 160.665192
0.000000 174.697021
0.000000 173.969986
0.000000 173.948837
0.000000 173.927551
0.000000 173.916840
0.000000 173.916840
0.000000 173.916840
0.000000 173.906097
0.000000 173.906097
0.000000 173.906097
0.000000 173.906097
0.000000 173.895309
0.000000 173.895309
0.000000 173.906097
0.000000 173.884491
0.000000 173.927551
0.000000 173.938217
0.000000 173.906097
0.000000 173.682266
0.000000 173.027237
0.000000 172.262634
0.000000 171.576828
0.000000 0.000000
0.000000 0.000000
0.000000 0.000000
0.000000 0.000000
0.000000 0.000000
0.000000 0.000000
0.000000 0.000000
0.000000 0.000000
0.000000 0.000000
0.000000 0.000000
0.000000 0.000000
0.000000 0.000000
0.000000 0.000000
0.000000 156.250504
0.000000 153.983215
0.000000 151.531082
0.000000 150.101105
0.000000 147.745285
0.000000 146.888657
0.000000 144.137146
0.000000 142.783569
0.000000 141.709839
0.000000 141.709839
0.000000 139.799835
0.000000 138.990906
0.000000 137.726318
24.227745 64.358994
24.115841 64.358994
24.443956 62.978420
23.904043 62.525566
24.315920 62.076408
24.734303 61.630955
25.327374 61.189205
26.029593 60.751175
26.292648 60.316860
26.840511 60.751175
27.027103 60.751175
27.311533 61.189205
27.216112 62.076408
27.610132 62.525566
27.512001 62.525566
27.414516 62.978420
27.226856 63.434948
27.226856 63.895145
26.939528 63.434948
27.130451 62.978420
26.847294 61.630955
26.752598 61.630955
26.471432 61.189205
26.752598 60.751175
26.658518 60.316860
26.565052 59.886265
26.752598 59.459396
26.470659 59.886265
26.565052 59.459396
25.911869 59.459396
26.181808 59.036243
26.276651 59.459396
26.370499 59.459396
26.368834 63.895145
26.367140 59.459396
26.367140 63.895145
26.565052 59.886265
26.667732 59.459396
25.953375 59.886265
26.461254 59.886265
26.356325 59.886265
26.354406 60.316860
26.247334 59.886265
26.565052 60.751175
26.034550 64.826477
26.139069 60.316860
26.135073 60.751175
26.241350 60.751175
26.241350 60.751175
26.241350 61.189205
26.241350 60.751175
25.918886 61.189205
25.918886 60.316860
25.814026 60.316860
25.924902 64.826477
25.709955 64.826477
25.814026 64.826477
25.814026 65.772255
25.924902 66.250504
25.709955 66.250504
25.918886 65.772255
25.918886 65.772255
25.814026 66.250504
25.814026 66.732292
25.918886 67.217598
25.709955 67.217598
25.918886 66.732292
26.131001 66.732292
25.799696 69.193207
25.906507 68.694214
26.118309 69.193207
25.997786 69.193207
25.992111 69.695526
25.419289 69.695526
25.173525 69.695526
24.683319 69.695526
24.288803 66.732292
23.879372 65.772255
23.198591 66.250504
22.011284 68.694214
21.589790 66.250504
21.640165 67.217598
21.370623 67.217598
21.205164 66.732292
20.867620 66.250504
20.867620 65.112587
20.520958 65.418427
20.416384 64.949020
20.239691 64.212669
20.344101 63.434948
20.626564 62.684391
20.733212 64.983109
20.626564 65.018761
19.957401 64.230675
19.473145 62.904449
18.434950 63.705208
17.004953 63.165955
15.652513 62.102730
11.256435 62.891876
10.771454 62.354023
10.278720 57.932610
9.414174 63.159489
9.045801 63.711739
8.501879 63.711739
8.572998 63.434948
8.089380 63.434948
7.792078 62.300526
7.275005 55.007980
7.196235 62.271744
7.406912 54.605206
9.135188 53.252529
9.829892 53.508701
14.842226 53.130104
15.792403 52.869076
18.523504 52.997475
25.836754 52.471558
26.810955 52.066730
27.563570 52.066730
27.693268 51.654427
28.089191 52.184269
28.339132 51.654427
28.089191 51.234478
28.089191 50.710594
28.089191 50.710594
27.956066 50.194431
27.693268 49.763641
27.563570 48.814075
26.688801 48.814075
26.196199 47.862404
26.565052 46.909153
26.565052 46.909153
25.612194 48.310944
25.383863 48.257221
22.365126 48.751728
24.443956 48.691383
24.683319 47.770218
24.443956 46.818306
25.271116 46.353191
24.663815 45.458355
26.211378 43.625164
25.129967 42.184444
25.000639 41.742779
24.756311 39.889584
25.961960 38.966747
25.961960 37.528442
24.353010 36.607075
24.102234 36.740562
24.717442 35.154179
25.709955 32.005383
23.962490 29.913647
24.717442 29.913647
24.967087 27.758541
25.099380 25.057615
24.215139 23.629377
24.602795 20.556046
26.323299 19.290047
25.346176 17.795988
22.641617 16.955313
25.474989 16.955313
25.346176 15.668160
27.040525 15.018361
26.325821 15.195248
27.634766 16.504362
27.634766 20.794115
27.883341 25.057615
28.009176 28.988823
28.264006 34.992020
28.523119 39.805569
28.654316 43.152390
28.920044 45.451141
29.054605 47.683777
29.327179 48.990913
29.465221 50.355824
29.465221 54.323593
29.604450 56.309933
29.604450 57.300537
29.744883 59.620872
29.886526 61.735996
29.886526 66.522598
30.029402 69.695526
30.029402 70.709953
30.173519 71.737106
30.318895 72.255325
30.173519 72.776566
30.173519 75.425781
30.029402 77.047234
29.886526 78.799202
29.604450 81.085075
29.604450 83.418053
29.604450 86.221802
29.604450 89.469498
29.604450 93.122131
29.604450 97.188538
29.604450 101.504814
29.744883 105.549805
30.029402 110.937286
30.173519 115.964066
30.465546 120.963760
31.065166 125.633492
31.528990 130.259491
32.330185 134.207947
33.340706 139.085617
34.226360 143.061234
36.271702 146.768280
38.233826 150.536377
41.020618 154.003616
43.465660 156.637939
45.792057 159.805664
48.525616 160.223923
51.709835 161.012375
54.509480 161.654160
57.687519 162.002411
60.986290 162.420151
0.000000 176.777283
0.000000 176.611450
0.000000 176.152924
0.000000 175.573792
0.000000 174.740738
0.000000 174.752869
0.000000 174.232117
0.000000 173.116318
0.000000 172.917389
0.000000 173.085373
0.000000 173.197662
0.000000 173.296783
0.000000 173.534821
0.000000 173.848160
0.000000 173.584061
0.000000 173.431229
0.000000 173.189240
0.000000 173.351349
0.000000 173.453705
0.000000 173.503616
0.000000 173.372940
0.000000 173.541183
0.000000 174.003525
0.000000 173.725052
0.000000 173.750778
0.000000 173.120270
0.000000 173.839172
0.000000 173.900818
0.000000 173.848160
0.000000 173.747513
0.000000 173.684662
0.000000 174.112869
0.000000 173.939178
0.000000 174.008072
0.000000 174.064301
0.000000 173.979767
0.000000 174.002182
0.000000 174.013336
0.000000 174.024445
0.000000 174.024445
0.000000 173.941010
0.000000 174.046539
0.000000 174.046539
0.000000 174.035507
0.000000 174.035507
0.000000 174.130402
0.000000 174.225677
0.000000 174.204117
0.000000 174.193268
0.000000 174.289413
0.000000 174.064301
0.000000 174.064301
0.000000 174.278687
0.000000 174.160507
0.000000 174.075424
0.000000 174.086502
0.000000 174.097534
0.000000 174.002182
0.000000 174.013336
0.000000 174.013336
0.000000 174.024445
0.000000 174.035507
0.000000 174.119492
0.000000 174.225677
0.000000 173.990997
0.000000 174.182388
0.000000 174.171478
0.000000 174.267914
0.000000 174.246277
0.000000 174.105072
0.000000 173.985275
0.000000 173.876740
0.000000 173.768250
0.000000 173.876740
0.000000 173.756393
0.000000 173.768250
0.000000 173.876740
0.000000 173.876740
0.000000 173.876740
0.000000 173.768250
0.000000 173.876740
0.000000 173.865082
0.000000 173.853378
0.000000 173.732513
0.000000 173.586700
0.000000 173.672043
0.000000 173.426544
0.000000 173.166107
0.000000 173.139404
0.000000 173.014389
0.000000 172.777252
0.000000 172.748840
0.000000 172.495270
0.000000 172.465530
0.000000 172.450577
0.000000 172.450577
0.000000 172.337540
0.000000 172.224564
0.000000 172.224564
0.000000 172.224564
0.000000 171.756958
0.000000 171.740570
0.000000 171.740570
0.000000 171.966949
0.000000 171.740570
0.000000 171.724106
0.000000 171.674347
0.000000 171.657639
0.000000 171.755341
0.000000 171.509338
0.000000 171.820496
0.000000 172.035019
0.000000 171.902985
0.000000 172.234833
0.000000 171.504120
0.000000 172.218948
0.000000 172.186996
0.000000 172.053802
0.000000 172.138580
0.000000 172.240189
0.000000 171.734848
0.000000 172.056534
0.000000 172.023224
0.000000 171.732819
0.000000 171.938766
0.000000 171.644806
0.000000 171.748398
0.000000 171.365936
0.000000 171.450928
0.000000 171.291519
0.000000 171.291519
0.000000 171.272720
0.000000 171.641342
0.000000 171.481583
0.000000 171.500031
0.000000 171.518402
0.000000 171.536682
0.000000 171.536682
0.000000 171.291519
0.000000 171.904999
0.000000 171.782150
0.000000 171.272720
0.000000 171.150009
0.000000 172.010666
0.000000 171.007980
0.000000 171.234879
0.000000 171.586777
0.000000 171.196701
0.000000 172.189590
0.000000 171.158188
0.000000 172.030396
0.000000 170.849747
0.000000 171.080154
0.000000 170.809326
0.000000 170.768539
0.000000 170.768539
0.000000 171.488297
0.000000 170.727402
0.000000 172.362717
0.000000 170.706696
0.000000 171.302994
0.000000 171.302994
0.000000 171.283401
0.000000 172.182190
0.000000 172.146683
0.000000 172.128815
0.000000 171.224075
0.000000 171.592209
0.000000 171.592209
0.000000 171.074951
0.000000 172.074722
0.000000 171.423737
0.000000 172.074722
0.000000 171.553757
0.000000 172.056534
0.000000 171.795288
0.000000 171.925873
0.000000 171.404083
0.000000 171.273865
0.000000 170.904541
0.000000 171.553757
0.000000 170.904541
0.000000 170.774963
0.000000 171.553757
0.000000 170.904541
0.000000 170.904541
0.000000 170.904541
0.000000 170.645493
0.000000 170.753891
0.000000 170.732712
0.000000 170.624130
0.000000 170.472717
0.000000 170.472717
0.000000 170.450867
0.000000 170.472717
0.000000 170.820786
0.000000 170.428909
0.000000 170.930710
0.000000 171.304504
0.000000 170.909729
0.000000 170.909729
0.000000 171.436279
0.000000 171.436279
0.000000 170.406860
0.000000 170.406860
0.000000 170.406860
0.000000 171.475800
0.000000 171.851074
0.000000 172.133072
0.000000 171.964294
0.000000 171.041214
0.000000 170.799591
0.000000 170.406860
0.000000 170.406860
0.000000 170.122818
0.000000 170.015045
0.000000 170.099976
0.000000 170.231171
0.000000 170.208527
0.000000 170.340103
0.000000 170.427368
0.000000 170.626617
0.000000 170.738327
0.000000 170.694473
0.000000 170.785324
0.000000 170.763336
0.000000 171.127869
0.000000 170.948059
0.000000 171.041870
0.000000 171.041870
0.000000 171.275146
0.000000 171.531815
0.000000 171.469238
0.000000 171.567810
0.000000 171.970947
0.000000 172.376923
0.000000 172.821701
0.000000 173.374130
0.000000 174.059128
0.000000 179.297882
0.000000 174.449051
0.000000 174.538712
0.000000 174.845520
0.000000 175.138611
0.000000 175.126099
0.000000 175.113541
0.000000 175.248672
0.000000 175.236359
0.000000 175.248672
0.000000 175.223984
0.000000 175.100906
0.000000 175.138611
0.000000 175.163422
0.000000 175.175720
0.000000 175.138611
0.000000 175.126099
0.000000 175.113541
0.000000 175.175720
0.000000 175.297318
0.000000 175.285248
0.000000 175.443634
0.000000 175.431946
0.000000 175.420197
0.000000 175.567337
0.000000 175.578705
0.000000 175.578705
0.000000 175.578705
0.000000 175.544403
0.000000 175.396500
0.000000 175.396500
0.000000 175.384567
0.000000 175.223984
0.000000 175.223984
0.000000 172.949219
0.000000 171.721405
0.000000 170.933502
0.000000 170.837646
0.000000 170.739777
0.000000 170.001022
0.000000 169.554382
0.000000 169.126480
0.000000 168.939987
0.000000 168.939987
0.000000 169.030930
0.000000 169.179245
0.000000 169.323639
0.000000 169.166031
0.000000 168.951950
0.000000 0.000000
0.000000 0.000000
0.000000 0.000000
0.000000 0.000000
0.000000 0.000000
0.000000 0.000000
0.000000 0.000000
0.000000 0.000000
0.000000 0.000000
0.000000 0.000000
0.000000 0.000000
0.000000 0.000000
0.000000 0.000000
0.000000 0.000000
0.000000 0.000000
0.000000 0.000000
0.000000 0.000000
0.000000 0.000000
0.000000 0.000000
0.000000 0.000000
0.000000 0.000000
0.000000 155.874649
0.000000 156.637939
0.000000 157.311218
0.000000 158.039429
0.000000 0.000000
0.000000 0.000000
0.000000 0.000000
0.000000 0.000000
0.000000 0.000000
0.000000 0.000000
0.000000 0.000000
0.000000 0.000000
0.000000 0.000000
0.000000 0.000000
0.000000 0.000000
0.000000 0.000000
0.000000 0.000000
0.000000 0.000000
0.000000 0.000000
0.000000 0.000000
0.000000 0.000000
0.000000 0.000000
0.000000 0.000000
0.000000 0.000000
0.000000 0.000000
0.000000 0.000000
0.000000 0.000000
0.000000 0.000000
0.000000 0.000000
0.000000 0.000000
0.000000 0.000000
0.000000 0.000000
0.000000 0.000000
0.000000 0.000000
0.000000 0.000000
0.000000 0.000000
0.000000 0.000000
0.000000 0.000000
0.000000 0.000000
0.000000 0.000000
0.000000 0.000000
0.000000 0.000000
0.000000 0.000000
0.000000 0.000000
0.000000 0.000000
0.000000 0.000000
0.000000 0.000000
0.000000 0.000000
0.000000 0.000000
0.000000 0.000000
0.000000 0.000000
0.000000 0.000000
0.000000 172.555786
0.000000 173.485794
0.000000 173.874161
0.000000 174.107086
0.000000 173.734177
0.000000 173.755112
0.000000 174.061066
0.000000 174.251343
0.000000 174.251343
0.000000 174.232117
0.000000 174.212753
0.000000 174.183487
0.000000 174.163803
0.000000 174.143982
0.000000 174.114014
0.000000 174.114014
0.000000 174.124039
0.000000 174.124039
0.000000 174.124039
120.068581 161.095428
120.287949 161.035095
119.908432 161.035095
119.357758 161.095428
118.967667 162.276764
118.178589 161.035095
117.779617 161.035095
116.972839 160.974396
116.767509 160.974396
116.565048 160.974396
0.000000 174.134033
0.000000 174.114014
116.154335 160.974396
115.953377 160.913315
115.942299 160.851868
115.942299 160.851868
115.942299 160.851868
115.942299 160.790024
115.942299 160.851868
115.942299 160.851868
116.146835 160.790024
116.565048 160.851868
116.565048 160.851868
116.980232 160.851868
117.606674 161.923889
117.801460 162.161865
118.017899 161.923889
117.606674 160.851868
117.192352 161.923889
116.980232 161.923889
116.358208 162.103867
0.000000 174.769882
0.000000 174.778854
0.000000 174.103958
0.000000 174.093857
0.000000 174.114014
0.000000 174.093857
0.000000 174.083725
0.000000 174.083725
0.000000 174.073563
0.000000 174.073563
0.000000 174.073563
0.000000 174.063370
0.000000 174.073563
0.000000 174.063370
0.000000 174.063370
0.000000 174.063370
0.000000 174.073563
0.000000 174.073563
0.000000 174.053131
0.000000 174.042862
0.000000 174.053131
0.000000 174.042862
0.000000 174.063370
0.000000 174.053131
0.000000 174.073563
0.000000 174.073563
0.000000 174.093857
0.000000 174.093857
0.000000 174.093857
0.000000 174.093857
0.000000 174.093857
0.000000 174.093857
0.000000 174.093857
0.000000 174.073563
0.000000 174.073563
0.000000 174.053131
0.000000 174.042862
0.000000 174.042862
0.000000 174.053131
0.000000 174.053131
0.000000 174.053131
0.000000 174.053131
0.000000 174.063370
0.000000 174.073563
0.000000 174.073563
0.000000 174.063370
0.000000 174.063370
0.000000 174.063370
0.000000 174.053131
0.000000 174.042862
0.000000 174.053131
0.000000 174.042862
0.000000 174.053131
0.000000 174.042862
0.000000 174.053131
0.000000 174.042862
0.000000 174.042862
0.000000 174.053131
0.000000 174.042862
0.000000 174.042862
0.000000 174.063370
0.000000 174.053131
0.000000 174.063370
0.000000 174.063370
0.000000 174.073563
0.000000 174.073563
0.000000 174.073563
0.000000 174.053131
0.000000 174.053131
0.000000 174.053131
0.000000 174.042862
0.000000 174.053131
0.000000 174.053131
0.000000 174.042862
0.000000 174.042862
0.000000 174.042862
0.000000 174.042862
0.000000 174.022232
0.000000 174.042862
0.000000 174.032562
0.000000 174.032562
0.000000 174.032562
0.000000 174.032562
0.000000 174.022232
0.000000 174.022232
0.000000 174.022232
0.000000 174.022232
0.000000 174.022232
0.000000 174.011856
0.000000 174.011856
0.000000 174.011856
0.000000 174.011856
0.000000 174.011856
0.000000 174.022232
0.000000 174.022232
0.000000 174.011856
0.000000 174.022232
0.000000 174.011856
0.000000 174.022232
0.000000 174.110947
0.000000 174.022232
0.000000 174.022232
0.000000 174.022232
0.000000 174.022232
0.000000 174.022232
0.000000 174.032562
0.000000 174.022232
0.000000 174.032562
0.000000 174.011856
0.000000 174.022232
0.000000 174.022232
0.000000 174.022232
0.000000 174.022232
0.000000 174.032562
0.000000 174.032562
0.000000 174.022232
0.000000 174.022232
0.000000 174.022232
0.000000 174.032562
0.000000 174.032562
0.000000 174.022232
0.000000 174.022232
0.000000 174.032562
0.000000 174.032562
0.000000 174.022232
0.000000 174.032562
0.000000 174.032562
0.000000 174.022232
0.000000 174.022232
0.000000 174.022232
0.000000 174.131317
0.000000 174.042862
0.000000 174.042862
0.000000 174.032562
0.000000 174.032562
0.000000 174.032562
0.000000 174.042862
0.000000 174.042862
0.000000 174.032562
0.000000 174.042862
0.000000 174.042862
0.000000 174.032562
0.000000 174.042862
0.000000 174.042862
0.000000 174.042862
0.000000 174.032562
0.000000 174.032562
0.000000 174.032562
0.000000 174.042862
0.000000 174.042862
0.000000 174.032562
0.000000 174.032562
0.000000 174.032562
0.000000 174.032562
0.000000 174.042862
0.000000 174.032562
0.000000 174.042862
0.000000 174.042862
0.000000 174.032562
0.000000 174.042862
0.000000 174.042862
0.000000 174.032562
0.000000 174.042862
0.000000 174.042862
0.000000 174.042862
0.000000 174.042862
0.000000 174.042862
0.000000 174.042862
0.000000 174.032562
0.000000 174.042862
0.000000 174.042862
0.000000 174.042862
0.000000 174.042862
0.000000 174.042862
0.000000 174.032562
0.000000 174.042862
0.000000 174.032562
0.000000 174.042862
0.000000 174.042862
0.000000 174.042862
0.000000 174.032562
0.000000 174.053131
0.000000 174.032562
0.000000 174.042862
0.000000 174.042862
0.000000 174.042862
0.000000 174.032562
0.000000 174.032562
0.000000 174.032562
0.000000 174.032562
0.000000 174.042862
0.000000 174.032562
0.000000 174.032562
0.000000 174.042862
0.000000 174.042862
0.000000 174.032562
0.000000 174.042862
0.000000 174.032562
0.000000 174.022232
0.000000 174.042862
0.000000 174.032562
0.000000 174.032562
0.000000 174.042862
0.000000 174.042862
0.000000 174.042862
0.000000 174.022232
0.000000 174.042862
0.000000 174.032562
0.000000 174.032562
0.000000 174.042862
0.000000 174.032562
0.000000 174.032562
0.000000 174.032562
0.000000 174.032562
0.000000 174.032562
0.000000 174.042862
0.000000 174.042862
0.000000 174.053131
0.000000 174.073563
0.000000 174.083725
0.000000 174.124039
0.000000 174.124039
0.000000 174.387238
0.000000 174.367935
0.000000 174.240082
0.000000 174.960495
0.000000 173.741638
0.000000 173.865082
0.000000 173.130005
0.000000 172.830643
0.000000 172.280289
148.736267 18.529341
147.339081 18.720949
145.773636 18.720949
145.388855 18.916414
146.121460 19.319376
146.689362 19.527109
147.162201 19.632597
147.922134 19.846884
148.392502 19.955717
148.920959 19.955717
0.000000 173.088776
0.000000 173.265106
0.000000 173.281830
0.000000 173.123169
0.000000 173.106018
148.866898 15.767183
148.695877 15.767183
148.240524 15.679524
148.134018 15.592812
148.585999 15.679524
0.000000 172.507828
149.264511 17.509245
147.605576 17.126135
146.309937 16.758959
146.129181 16.581047
145.784302 16.236025
146.725113 15.986292
0.000000 170.841858
0.000000 170.706696
0.000000 170.683899
0.000000 170.805695
0.000000 171.007980
0.000000 172.627686
0.000000 171.554901
0.000000 171.713013
0.000000 171.939819
0.000000 172.079254
0.000000 172.201492
0.000000 172.478485
0.000000 172.600403
0.000000 172.659531
0.000000 172.814713
0.000000 173.190948
0.000000 172.860016
0.000000 173.353561
0.000000 173.367493
0.000000 173.593201
0.000000 173.686569
0.000000 173.752502
0.000000 173.791397
0.000000 174.053131
0.000000 174.301208
0.000000 174.762527
0.000000 174.902054
0.000000 175.097504
0.000000 175.236359
0.000000 175.473526
0.000000 175.501526
0.000000 175.556503
0.000000 173.370117
0.000000 175.583481
0.000000 175.513153
0.000000 173.237610
0.000000 175.444229
0.000000 175.207962
0.000000 175.264420
0.000000 175.069046
0.000000 174.986893
0.000000 174.846085
0.000000 174.864838
0.000000 174.866119
0.000000 174.654556
0.000000 174.726105
0.000000 175.226929
0.000000 175.407791
0.000000 175.531052
0.000000 175.513153
0.000000 175.416946
0.000000 175.284058
0.000000 174.511963
0.000000 175.123474
0.000000 175.142654
0.000000 174.744919
0.000000 174.685455
0.000000 174.893982
0.000000 174.960693
0.000000 174.278885
0.000000 174.226852
0.000000 174.673386
0.000000 174.279068
0.000000 174.207199
0.000000 174.125610
0.000000 174.023300
0.000000 174.065842
0.000000 174.279266
0.000000 174.177795
0.000000 174.177795
0.000000 174.167435
0.000000 174.065842
0.000000 174.157043
0.000000 174.136124
0.000000 173.921021
0.000000 173.990997
0.000000 174.083191
0.000000 174.061752
0.000000 174.007477
0.000000 173.974426
0.000000 173.884491
0.000000 173.754745
0.000000 173.743042
0.000000 173.647949
0.000000 173.612076
0.000000 173.541183
0.000000 173.372498
0.000000 173.587952
0.000000 173.372498
0.000000 173.347382
0.000000 173.213608
0.000000 173.092056
0.000000 173.078888
0.000000 173.187698
0.000000 172.970108
0.000000 172.970108
0.000000 172.943192
0.000000 172.916061
0.000000 172.888733
0.000000 172.985199
0.000000 172.971603
0.000000 173.095459
0.000000 173.068649
0.000000 173.244980
0.000000 173.270874
0.000000 173.380203
0.000000 173.405487
0.000000 173.489578
0.000000 173.405487
0.000000 173.443054
0.000000 173.372498
0.000000 173.467865
0.000000 173.504730
0.000000 173.397430
0.000000 173.624084
0.000000 173.934402
0.000000 173.945801
0.000000 173.838516
0.000000 173.979767
0.000000 173.884491
0.000000 174.002182
0.000000 174.013336
0.000000 173.706833
0.000000 174.002182
0.000000 173.789627
0.000000 173.671631
0.000000 173.340256
0.000000 173.327805
0.000000 173.612076
0.000000 173.384979
0.000000 173.239319
0.000000 173.443054
0.000000 173.392868
0.000000 173.329041
0.000000 173.068649
0.000000 173.068649
0.000000 173.098953
0.000000 173.243439
0.000000 173.216446
0.000000 173.216446
0.000000 173.216446
0.000000 173.229965
0.000000 173.256851
0.000000 173.237610
0.000000 173.290161
0.000000 173.290161
0.000000 173.586700
0.000000 173.611252
0.000000 173.683807
0.000000 173.838516
0.000000 173.858231
0.000000 174.154617
0.000000 174.196762
0.000000 174.238312
0.000000 174.157043
0.000000 174.177795
0.000000 174.177795
0.000000 174.177795
0.000000 174.279266
0.000000 174.279266
0.000000 174.269073
0.000000 174.258850
0.000000 174.238312
0.000000 174.330368
0.000000 174.309967
0.000000 174.392563
0.000000 174.495758
0.000000 174.455688
0.000000 174.475800
0.000000 174.559662
0.000000 174.579407
0.000000 174.475800
0.000000 174.351746
0.000000 174.341461
0.000000 174.341461
0.000000 174.205688
0.000000 174.289413
0.000000 174.152115
0.000000 174.013336
0.000000 173.968491
0.000000 173.731277
0.000000 173.719482
0.000000 173.600037
0.000000 173.359955
0.000000 173.252106
0.000000 173.264832
0.000000 173.277527
0.000000 173.101715
0.000000 173.127441
0.000000 173.190948
0.000000 173.414001
0.000000 173.240921
0.000000 173.566833
0.000000 173.787460
0.000000 173.974426
0.000000 173.776077
0.000000 173.858231
0.000000 173.706833
0.000000 173.636032
0.000000 173.945801
0.000000 173.911469
0.000000 173.756393
0.000000 173.841629
0.000000 173.708466
0.000000 173.684235
0.000000 173.537018
0.000000 173.524475
0.000000 173.375244
0.000000 173.362305
0.000000 173.112488
0.000000 172.945374
0.000000 172.746811
0.000000 173.120270
0.000000 173.134171
0.000000 172.435562
0.000000 172.465530
0.000000 172.705811
0.000000 172.583084
0.000000 171.730042
0.000000 172.888733
0.000000 172.929657
0.000000 172.970108
0.000000 171.733734
0.000000 171.764374
0.000000 171.794800
0.000000 171.720306
0.000000 171.840027
0.000000 171.825012
0.000000 171.929764
0.000000 171.869904
0.000000 172.051590
0.000000 171.991928
0.000000 172.131805
0.000000 172.874985
0.000000 172.559036
0.000000 172.833420
0.000000 172.805450
0.000000 172.973145
0.000000 173.170761
0.000000 173.912994
0.000000 173.990997
0.000000 173.863983
0.000000 173.685120
0.000000 174.208878
0.000000 173.659805
0.000000 174.015045
0.000000 173.912994
0.000000 173.912994
0.000000 173.835953
0.000000 173.835953
0.000000 173.509232
0.000000 173.522049
0.000000 173.396347
0.000000 173.277100
0.000000 173.082077
0.000000 172.764832
0.000000 172.902420
0.000000 172.535553
0.000000 172.484299
0.000000 173.065643
0.000000 172.780258
0.000000 172.902008
0.000000 173.443054
0.000000 173.226486
0.000000 173.213608
0.000000 173.078888
0.000000 173.122070
0.000000 172.654724
0.000000 172.805450
0.000000 172.763077
0.000000 172.720200
0.000000 172.775681
0.000000 172.717697
0.000000 173.120270
0.000000 173.064072
0.000000 173.554581
0.000000 172.186996
0.000000 172.070114
0.000000 171.607071
0.000000 171.920135
0.000000 171.422928
0.000000 171.504120
0.000000 171.398621
0.000000 171.481049
0.000000 171.564240
0.000000 171.750214
0.000000 171.852753
0.000000 171.989655
0.000000 172.142578
0.000000 172.261978
0.000000 173.919678
0.000000 174.042862
0.000000 174.301712
0.000000 174.073151
0.000000 173.021332
0.000000 172.976364
0.000000 173.074921
0.000000 172.917389
0.000000 173.058044
0.000000 173.098953
0.000000 173.383255
0.000000 172.986938
0.000000 173.116318
0.000000 173.863983
0.000000 173.506470
0.000000 173.161819
0.000000 173.364807
0.000000 174.149948
0.000000 173.466980
0.000000 172.932327
0.000000 172.632935
0.000000 172.548874
0.000000 172.593094
0.000000 172.578415
0.000000 172.300919
0.000000 172.255295
0.000000 172.224564
0.000000 172.224564
0.000000 172.291656
0.000000 172.519119
0.000000 172.632935
0.000000 172.761276
0.000000 172.651230
0.000000 172.818573
0.000000 172.847336
0.000000 172.929657
0.000000 173.065643
0.000000 173.200684
0.000000 173.023346
0.000000 173.359955
0.000000 172.981857
0.000000 172.994995
0.000000 173.504730
118.017899 158.510406
117.606674 158.510406
0.000000 173.034103
118.017899 157.507385
118.017899 157.586243
0.000000 172.941147
0.000000 173.895889
0.000000 172.967270
118.017899 157.854828
118.017899 157.553131
117.606674 158.504364
118.017899 157.932098
117.606674 157.932098
117.606674 157.819656
117.606674 157.819656
117.606674 160.052429
117.606674 157.742371
117.606674 158.932617
117.606674 158.977539
117.606674 158.433243
117.606674 158.198593
118.017899 158.039429
117.606674 158.078217
117.606674 157.915756
117.606674 157.833649
117.606674 157.750977
117.192352 157.667709
117.192352 157.788177
116.980232 157.788177
116.774925 156.974503
0.000000 172.805450
117.192352 156.457977
116.774925 156.571304
0.000000 172.764832
0.000000 171.714203
0.000000 171.420471
0.000000 171.162964
0.000000 170.662079
0.000000 170.396423
0.000000 170.134186
0.000000 170.065903
0.000000 170.084198
0.000000 170.065903
0.000000 170.344589
0.000000 170.731720
0.000000 171.212753
0.000000 171.608841
0.000000 171.993576
0.000000 172.916061
0.000000 172.902420
0.000000 173.316132
0.000000 173.511887
0.000000 173.721588
0.000000 173.920410
0.000000 174.020462
0.000000 174.109375
0.000000 174.086075
0.000000 173.961227
0.000000 174.175980
0.000000 175.207962
0.000000 173.634750
0.000000 173.547531
0.000000 173.560211
0.000000 173.362305
0.000000 173.250824
0.000000 173.250824
0.000000 173.250824
0.000000 173.250824
0.000000 173.237610
0.000000 173.336243
0.000000 173.396347
0.000000 173.383255
0.000000 175.314102
0.000000 173.558395
0.000000 174.289413
0.000000 173.608582
0.000000 173.004807
0.000000 172.976364
0.000000 173.064072
0.000000 173.166565
0.000000 173.152542
0.000000 173.035645
0.000000 174.265671
0.000000 173.064072
0.000000 173.324295
0.000000 173.120270
0.000000 173.120270
0.000000 173.297012
0.000000 172.662247
0.000000 172.548874
0.000000 172.607712
118.207489 155.924500
118.207489 156.194061
118.425995 156.258469
118.207489 156.544739
119.054604 156.744293
118.647614 156.518616
119.054604 156.689056
119.054604 157.083099
119.054604 156.885788
119.054604 157.280975
119.458405 157.643112
119.054604 158.039429
119.458405 157.921417
119.458405 158.001297
119.232819 157.804535
119.054604 158.080612
119.054604 158.159393
118.830963 158.080612
118.830963 158.355560
119.054604 158.277344
119.054604 157.574142
118.647614 157.380127
119.054604 158.277344
119.054604 157.412689
118.425995 157.249023
118.425995 157.166351
118.830963 157.760010
118.647614 157.083099
118.647614 156.999268
118.647614 156.914871
118.425995 156.914871
118.017899 156.829865
118.647614 157.029449
118.017899 156.829865
118.017899 156.944427
118.237442 156.829865
118.017899 156.944427
118.017899 157.145172
118.017899 157.145172
118.017899 157.346527
118.017899 157.548447
0.000000 172.708466
118.017899 157.499390
118.017899 157.619873
118.017899 157.948944
118.017899 157.656509
118.017899 157.570831
118.017899 157.779465
118.017899 157.693787
117.606674 157.779465
117.606674 157.779465
117.801460 157.864502
117.801460 157.864502
0.000000 173.634750
0.000000 173.647308
0.000000 173.647308
0.000000 173.647308
0.000000 173.634750
0.000000 173.860321
0.000000 173.596802
117.392365 157.988708
117.392365 157.779465
117.392365 157.779465
0.000000 173.470459
0.000000 173.584061
0.000000 173.584061
0.000000 173.584061
0.000000 173.470459
0.000000 173.470459
0.000000 173.470459
0.000000 173.457443
0.000000 173.457443
0.000000 173.457443
117.801460 157.397598
117.392365 157.607498
0.000000 173.457443
117.392365 157.310028
117.392365 157.188339
117.606674 157.484528
117.392365 157.570831
0.000000 173.522049
0.000000 173.547531
0.000000 173.547531
0.000000 173.684662
0.000000 173.820786
0.000000 174.078552
0.000000 174.078552
0.000000 174.112869
0.000000 174.124222
0.000000 174.234329
0.000000 174.135529
0.000000 174.146805
0.000000 174.135529
0.000000 174.135529
0.000000 173.696365
0.000000 174.135529
0.000000 174.124222
0.000000 174.112869
0.000000 174.223190
0.000000 173.990997
0.000000 174.101486
0.000000 174.090042
0.000000 174.090042
0.000000 174.090042
0.000000 174.090042
0.000000 174.090042
0.000000 174.078552
0.000000 173.967651
0.000000 173.944122
0.000000 173.735138
0.000000 173.435318
0.000000 173.211029
0.000000 173.860321
0.000000 173.370117
0.000000 173.431229
0.000000 173.290161
0.000000 173.608582
0.000000 173.222046
0.000000 173.208267
0.000000 173.166565
0.000000 173.255676
0.000000 173.269516
0.000000 173.283295
0.000000 173.269516
0.000000 173.297012
116.980232 156.831604
117.192352 156.801407
116.565048 157.221817
0.000000 173.391541
117.192352 156.801407
117.192352 157.275894
117.192352 157.328659
116.774925 157.414337
116.774925 157.667709
116.774925 157.871429
116.774925 158.036163
116.774925 158.400482
117.192352 158.559448
116.774925 158.716187
0.000000 173.780075
0.000000 173.707642
116.774925 159.295776
116.774925 159.052536
116.774925 159.443954
0.000000 173.895889
116.774925 159.007141
117.192352 159.007141
0.000000 173.706833
0.000000 174.024445
0.000000 173.929794
116.980232 159.468201
0.000000 173.401825
116.774925 159.154709
116.774925 159.734299
116.774925 158.198593
117.192352 158.198593
0.000000 173.098328
117.192352 157.932098
117.192352 157.932098
0.000000 173.085587
0.000000 173.178345
0.000000 173.178345
0.000000 173.283951
0.000000 173.178345
0.000000 173.389603
0.000000 173.283951
0.000000 173.283951
0.000000 173.414001
0.000000 173.389603
0.000000 173.401825
0.000000 173.414001
0.000000 173.414001
0.000000 173.531265
0.000000 173.531265
0.000000 173.401825
0.000000 173.321060
0.000000 173.190948
0.000000 173.085587
0.000000 172.980255
0.000000 172.967270
0.000000 172.742966
0.000000 172.729492
0.000000 172.518051
0.000000 172.610031
0.000000 172.610031
0.000000 172.610031
0.000000 172.504135
118.647614 156.936600
118.017899 156.747406
117.801460 157.890549
116.771149 157.890549
115.755272 156.640167
114.962791 157.777023
113.829453 157.507385
0.000000 173.152985
0.000000 173.683411
0.000000 173.895889
0.000000 174.002182
0.000000 172.412399
0.000000 172.504135
0.000000 172.384155
0.000000 172.384155
0.000000 172.369949
0.000000 172.369949
0.000000 172.355698
0.000000 172.249329
0.000000 172.234833
0.000000 172.263779
0.000000 172.263779
0.000000 172.263779
0.000000 172.249329
0.000000 172.355698
0.000000 172.355698
0.000000 172.341400
0.000000 172.234833
0.000000 172.205673
0.000000 172.205673
0.000000 172.191010
0.000000 172.405350
0.000000 172.176285
0.000000 172.161514
0.000000 172.054031
0.000000 172.039001
0.000000 171.931366
0.000000 172.039001
0.000000 171.916092
0.000000 172.023926
0.000000 172.039001
0.000000 172.161514
0.000000 172.191010
0.000000 172.191010
0.000000 172.083908
0.000000 172.113571
0.000000 172.128326
0.000000 172.036758
0.000000 172.051590
0.000000 172.066376
0.000000 172.066376
0.000000 172.066376
0.000000 172.066376
0.000000 172.081100
0.000000 171.960556
0.000000 171.945587
0.000000 171.930557
0.000000 0.000000
0.000000 171.900345
0.000000 171.778412
0.000000 171.762970
0.000000 171.731903
0.000000 171.716293
0.000000 171.592957
0.000000 171.608841
0.000000 171.608841
0.000000 171.624649
0.000000 171.640411
0.000000 171.671753
0.000000 171.778412
0.000000 171.793808
0.000000 171.702850
0.000000 171.612289
0.000000 171.839630
0.000000 171.733734
0.000000 171.749084
0.000000 171.839630
0.000000 171.839630
0.000000 171.854797
0.000000 171.854797
0.000000 171.839630
0.000000 171.930557
0.000000 171.945587
0.000000 171.930557
0.000000 171.809143
0.000000 171.824417
0.000000 171.915482
0.000000 171.900345
0.000000 171.885147
0.000000 171.885147
0.000000 171.778412
0.000000 171.885147
0.000000 171.885147
0.000000 171.885147
0.000000 171.762970
0.000000 171.869904
0.000000 171.778412
0.000000 171.778412
0.000000 171.778412
0.000000 171.885147
0.000000 171.885147
0.000000 171.885147
0.000000 171.885147
0.000000 171.885147
0.000000 171.762970
0.000000 171.991928
0.000000 171.885147
0.000000 171.885147
0.000000 171.885147
0.000000 171.885147
0.000000 171.885147
0.000000 171.885147
0.000000 171.885147
0.000000 171.885147
0.000000 171.885147
0.000000 171.991928
0.000000 171.885147
0.000000 171.869904
0.000000 171.976883
0.000000 171.976883
0.000000 171.976883
0.000000 172.098770
0.000000 172.098770
0.000000 172.098770
0.000000 172.098770
0.000000 172.098770
0.000000 172.098770
0.000000 172.098770
0.000000 172.083908
0.000000 172.083908
0.000000 172.083908
0.000000 172.083908
0.000000 172.083908
0.000000 172.083908
0.000000 172.083908
0.000000 171.991928
0.000000 172.083908
0.000000 172.083908
0.000000 172.083908
0.000000 172.191010
0.000000 172.191010
0.000000 172.191010
0.000000 172.191010
0.000000 172.191010
0.000000 172.176285
0.000000 172.176285
0.000000 172.176285
0.000000 172.176285
0.000000 172.176285
0.000000 172.176285
0.000000 172.176285
0.000000 172.176285
0.000000 172.176285
0.000000 172.176285
0.000000 172.176285
0.000000 172.176285
0.000000 172.161514
0.000000 172.161514
0.000000 172.161514
0.000000 172.161514
0.000000 172.054031
0.000000 171.946594
0.000000 171.946594
0.000000 171.854584
0.000000 171.869904
0.000000 171.869904
0.000000 171.976883
0.000000 172.098770
0.000000 172.128326
0.000000 172.157669
0.000000 171.975464
123.023865 155.641083
125.633492 155.623535
127.619362 155.438110
130.236359 155.338058
0.000000 167.294830
132.709381 155.140747
0.000000 168.111343
135.567261 154.596802
135.846680 154.236862
0.000000 168.310638
0.000000 168.310638
0.000000 168.271301
0.000000 168.271301
0.000000 168.271301
0.000000 168.231705
0.000000 168.231705
0.000000 168.231705
0.000000 168.271301
0.000000 168.310638
0.000000 168.388519
0.000000 168.465378
0.000000 168.616135
0.000000 168.835114
0.000000 169.114471
134.127548 18.434950
135.567261 18.434950
136.936798 18.434950
138.239700 18.434950
138.742981 18.434950
139.479462 18.434950
140.194427 18.434950
140.888611 18.434950
141.562698 18.434950
141.783051 18.434950
0.000000 170.788971
0.000000 170.885818
0.000000 171.004089
145.222168 18.434950
145.222168 18.434950
145.034882 18.434950
0.000000 171.187103
0.000000 171.119339
0.000000 171.050537
0.000000 170.933502
0.000000 170.885818
0.000000 170.736542
0.000000 170.861801
0.000000 170.687607
0.000000 170.712128
0.000000 170.760803
0.000000 170.760803
0.000000 170.832886
0.000000 170.733398
0.000000 170.781067
0.000000 170.634995
0.000000 170.537674
0.000000 170.489792
0.000000 170.370560
0.000000 170.418900
0.000000 170.325043
0.000000 170.256363
0.000000 170.140289
0.000000 170.024872
0.000000 169.796021
0.000000 169.569778
0.000000 169.483139
0.000000 169.286880
0.000000 168.906281
0.000000 168.555756
0.000000 168.370285
0.000000 168.104355
0.000000 0.000000
0.000000 0.000000
0.000000 0.000000
0.000000 0.000000
0.000000 0.000000
0.000000 0.000000
0.000000 0.000000
0.000000 0.000000
0.000000 0.000000
0.000000 169.695160
0.000000 169.412674
0.000000 169.073456
147.105652 24.346214
143.615646 24.443956
140.980591 24.346214
138.764038 24.249205
135.400665 24.249205
132.924973 24.152918
129.805573 24.057350
0.000000 0.000000
0.000000 0.000000
0.000000 0.000000
0.000000 0.000000
0.000000 0.000000
0.000000 0.000000
0.000000 0.000000
0.000000 0.000000
0.000000 0.000000
0.000000 0.000000
0.000000 0.000000
0.000000 0.000000
0.000000 0.000000
0.000000 0.000000
0.000000 0.000000
0.000000 0.000000
0.000000 0.000000
0.000000 0.000000
0.000000 0.000000
0.000000 0.000000
0.000000 0.000000
0.000000 0.000000
0.000000 0.000000
32.665894 48.277676
0.000000 0.000000
0.000000 0.000000
0.000000 0.000000
0.000000 0.000000
0.000000 0.000000
0.000000 0.000000
0.000000 0.000000
0.000000 0.000000
0.000000 0.000000
0.000000 0.000000
0.000000 0.000000
0.000000 0.000000
0.000000 0.000000
0.000000 0.000000
0.000000 0.000000
0.000000 0.000000
0.000000 0.000000
0.000000 0.000000
0.000000 0.000000
0.000000 0.000000
0.000000 0.000000
0.000000 0.000000
0.000000 0.000000
0.000000 0.000000
0.000000 0.000000
0.000000 0.000000
0.000000 0.000000
0.000000 0.000000
0.000000 0.000000
0.000000 0.000000
0.000000 0.000000
0.000000 0.000000
0.000000 0.000000
0.000000 0.000000
0.000000 0.000000
0.000000 0.000000
0.000000 0.000000
0.000000 0.000000
0.000000 0.000000
0.000000 0.000000
0.000000 0.000000
0.000000 0.000000
0.000000 0.000000
0.000000 0.000000
0.000000 0.000000
0.000000 0.000000
0.000000 0.000000
0.000000 0.000000
0.000000 0.000000
0.000000 0.000000
0.000000 0.000000
0.000000 0.000000
0.000000 0.000000
0.000000 0.000000
0.000000 0.000000
0.000000 0.000000
0.000000 0.000000
0.000000 0.000000
0.000000 0.000000
0.000000 0.000000
0.000000 0.000000
0.000000 0.000000
0.000000 0.000000
0.000000 0.000000
0.000000 0.000000
0.000000 0.000000
0.000000 0.000000
0.000000 0.000000
0.000000 0.000000
0.000000 0.000000
0.000000 0.000000
0.000000 0.000000
0.000000 0.000000
0.000000 0.000000
0.000000 0.000000
0.000000 0.000000
0.000000 0.000000
0.000000 0.000000
0.000000 0.000000
0.000000 0.000000
0.000000 0.000000
0.000000 0.000000
0.000000 0.000000
0.000000 0.000000
0.000000 0.000000
0.000000 0.000000
0.000000 0.000000
0.000000 0.000000
0.000000 0.000000
0.000000 0.000000
0.000000 0.000000
0.000000 0.000000
0.000000 0.000000
0.000000 0.000000
0.000000 0.000000
0.000000 0.000000
0.000000 0.000000
0.000000 0.000000
0.000000 0.000000
0.000000 0.000000
0.000000 0.000000
0.000000 0.000000
0.000000 0.000000
0.000000 0.000000
0.000000 0.000000
0.000000 0.000000
0.000000 0.000000
0.000000 0.000000
0.000000 0.000000
0.000000 0.000000
0.000000 0.000000
0.000000 0.000000
0.000000 0.000000
0.000000 0.000000
0.000000 0.000000
0.000000 0.000000
0.000000 0.000000
0.000000 0.000000
0.000000 0.000000
0.000000 0.000000
0.000000 0.000000
0.000000 0.000000
0.000000 0.000000
0.000000 0.000000
0.000000 0.000000
0.000000 0.000000
0.000000 0.000000
0.000000 0.000000
0.000000 0.000000
0.000000 0.000000
0.000000 0.000000
0.000000 0.000000
0.000000 0.000000
0.000000 0.000000
0.000000 0.000000
0.000000 0.000000
0.000000 0.000000
0.000000 0.000000
0.000000 0.000000
0.000000 0.000000
0.000000 0.000000
0.000000 0.000000
0.000000 0.000000
0.000000 0.000000
0.000000 0.000000
0.000000 0.000000
0.000000 0.000000
0.000000 0.000000
0.000000 0.000000
0.000000 0.000000
0.000000 0.000000
0.000000 0.000000
0.000000 0.000000
0.000000 0.000000
0.000000 0.000000
0.000000 0.000000
0.000000 0.000000
0.000000 0.000000
0.000000 0.000000
0.000000 0.000000
0.000000 0.000000
0.000000 0.000000
0.000000 0.000000
0.000000 0.000000
0.000000 0.000000
0.000000 0.000000
0.000000 0.000000
0.000000 0.000000
0.000000 0.000000
0.000000 0.000000
0.000000 0.000000
0.000000 0.000000
0.000000 0.000000
0.000000 0.000000
0.000000 0.000000
0.000000 0.000000
0.000000 0.000000
0.000000 0.000000
0.000000 0.000000
0.000000 0.000000
0.000000 0.000000
0.000000 0.000000
0.000000 0.000000
0.000000 0.000000
0.000000 0.000000
0.000000 0.000000
0.000000 0.000000
0.000000 0.000000
0.000000 0.000000
0.000000 0.000000
0.000000 0.000000
0.000000 0.000000
0.000000 0.000000
0.000000 0.000000
0.000000 0.000000
0.000000 0.000000
0.000000 0.000000
0.000000 0.000000
0.000000 0.000000
0.000000 0.000000
0.000000 0.000000
0.000000 0.000000
0.000000 0.000000
0.000000 0.000000
0.000000 0.000000
0.000000 0.000000
0.000000 0.000000
0.000000 0.000000
0.000000 0.000000
0.000000 0.000000
0.000000 0.000000
0.000000 0.000000
0.000000 0.000000
0.000000 0.000000
0.000000 0.000000
0.000000 0.000000
0.000000 0.000000
0.000000 0.000000
0.000000 0.000000
0.000000 0.000000
0.000000 0.000000
0.000000 0.000000
0.000000 0.000000
0.000000 0.000000
0.000000 0.000000
0.000000 0.000000
0.000000 0.000000
0.000000 0.000000
0.000000 0.000000
0.000000 0.000000
0.000000 0.000000
14.979114 0.000000
15.385189 0.000000
13.671308 0.000000
15.222134 0.000000
15.169729 0.000000
15.098049 0.000000
15.776466 0.000000
15.456928 0.000000
15.443590 0.000000
16.005676 0.000000
15.822772 0.000000
16.287363 0.000000
16.610859 0.000000
17.241459 0.000000
17.525568 0.000000
18.202356 0.000000
18.356783 0.000000
18.992748 0.000000
18.917767 0.000000
19.000614 0.000000
19.008707 0.000000
18.924644 0.000000
19.168427 0.000000
19.084164 0.000000
20.924501 0.000000
21.900623 0.000000
22.767263 0.000000
22.213974 0.000000
22.941990 0.000000
25.651527 0.000000
27.387423 0.000000
28.584721 0.000000
29.869799 0.000000
28.957218 0.000000
28.393019 0.000000
27.198128 0.000000
26.725096 0.000000
25.277721 0.000000
23.294563 0.000000
22.619865 0.000000
21.522600 0.000000
19.653824 0.000000
17.545729 0.000000
16.059986 0.000000
15.478639 0.000000
27.349874 0.000000
27.758541 0.000000
28.178589 0.000000
27.967115 0.000000
28.178589 0.000000
28.393019 0.000000
28.610460 0.000000
28.830969 0.000000
29.054605 0.000000
20.556046 0.000000
29.981640 0.000000
30.221840 0.000000
24.015102 0.000000
17.102730 0.000000
19.895432 0.000000
23.139462 0.000000
23.675602 0.000000
22.479435 0.000000
20.323135 0.000000
18.152706 0.000000
17.020525 0.000000
15.478639 0.000000
14.801998 0.000000
15.306139 0.000000
15.699669 0.000000
16.440380 0.000000
16.612082 0.000000
16.940615 0.000000
17.665186 0.000000
16.699245 0.000000
18.886087 0.000000
16.189205 0.000000
15.561510 0.000000
17.949404 0.000000
17.216074 0.000000
18.434950 0.000000
18.778034 0.000000
14.534454 0.000000
11.513831 0.000000
11.070203 0.000000
8.426970 0.000000
11.768289 0.000000
19.179008 0.000000
26.565052 0.000000
36.027374 0.000000
41.820168 0.000000
41.284710 0.000000
51.788975 0.000000
62.622295 0.000000
74.744881 0.000000
78.886963 0.000000
77.799530 0.000000
79.286880 0.000000
83.345573 0.000000
80.134193 0.000000
80.073753 0.000000
0.000000 0.000000
0.000000 0.000000
0.000000 0.000000
0.000000 0.000000
0.000000 0.000000
0.000000 0.000000
0.000000 0.000000
0.000000 0.000000
7.811313 0.000000
8.216958 0.000000
8.246321 0.000000
8.275892 0.000000
8.510314 0.000000
8.714733 0.000000
20.000017 40.375847
20.067938 40.601295
20.136303 40.375847
20.136303 40.148884
20.392477 40.341743
20.392477 40.536148
20.462271 40.536148
20.274380 41.128746
20.414284 40.899017
20.414284 41.531773
20.414284 41.710758
20.556046 41.710758
20.556046 42.377598
20.674425 42.357452
21.081461 42.797401
21.197922 43.009827
21.345787 43.223957
21.461267 43.223957
21.535976 44.118595
21.495632 43.885437
21.495632 43.876698
21.495632 43.657375
21.378996 43.657375
21.155100 44.104828
21.067383 45.000000
20.992853 44.773537
20.799028 45.679367
20.678106 45.226463
20.482714 45.226463
20.482714 45.451141
20.359575 45.451141
20.235271 46.597477
20.037210 46.818306
20.037210 47.053551
19.910627 47.290611
19.910627 47.290611
19.910627 47.290611
19.910627 47.529495
19.910627 46.832840
20.182869 48.037338
19.983107 47.815556
19.983107 47.815556
20.256462 48.113438
19.983107 48.113438
19.983107 47.385944
20.056095 47.138683
19.582060 47.657391
19.782835 47.910835
19.582060 47.657391
19.582060 47.657391
19.179008 47.910835
19.380783 47.405972
19.310141 47.657391
19.310141 48.945187
17.410843 36.107452
19.582060 48.394924
19.582060 47.138683
19.782835 47.886421
19.582060 47.862404
19.855213 48.561535
19.653824 48.310944
19.653824 48.561535
19.653824 48.310944
17.650124 36.816250
17.342577 37.140160
17.342577 37.140160
17.342577 37.140160
19.523575 49.001827
17.342577 37.568592
17.342577 37.568592
17.399961 37.568592
17.399961 37.568592
17.457718 37.568592
17.399961 37.568592
17.583483 37.405357
17.399961 37.568592
17.457718 37.568592
17.399961 37.568592
17.399961 37.568592
17.457718 37.568592
17.457718 37.568592
17.457718 37.568592
17.457718 37.568592
17.457718 37.568592
17.457718 37.568592
17.641768 37.405357
17.457718 37.568592
17.399961 37.568592
17.457718 37.568592
17.457718 37.568592
17.399961 37.568592
17.399961 37.568592
17.399961 37.568592
17.583483 37.405357
17.766630 37.243328
17.766630 37.243328
18.131800 36.922852
18.253824 36.764381
18.615692 36.450924
18.796051 36.295914
19.272198 35.837654
19.628437 35.537678
20.047646 35.242039
20.578074 34.806530
20.862789 34.521385
21.144455 34.240311
21.490959 33.963226
21.938480 33.554935
21.869741 33.554935
16.090816 0.000000
17.641062 0.000000
17.776405 0.000000
18.304136 0.000000
18.566061 0.000000
19.025606 0.000000
19.290047 0.000000
24.548428 48.544765
24.863697 48.410946
25.181757 48.277676
25.416006 48.277676
25.987160 48.012791
26.565052 47.750088
26.983263 47.619549
27.326694 47.619549
28.995960 47.750088
30.671061 47.881165
32.436531 48.012791
34.893303 48.012791
37.489845 48.144958
40.418144 48.544765
42.604996 49.359409
45.962864 50.053825
48.954247 50.762634
52.883141 51.486057
56.938152 52.224316
61.868656 52.977619
66.801407 53.436905
70.655670 54.057888
75.815704 54.530128
80.433311 54.848068
84.093857 55.168518
88.025063 55.168518
90.658546 55.168518
92.632431 55.168518
94.653351 55.329681
96.556946 55.168518
97.853310 55.168518
99.782410 55.168518
100.420715 55.168518
101.056412 55.168518
101.689369 55.168518
101.560127 55.007980
102.183655 55.007980
103.421837 55.007980
103.884666 54.848068
103.736267 54.688786
103.736267 54.688786
102.858093 54.372093
102.264771 54.372093
100.840302 54.057888
98.746162 54.530128
94.714752 53.591225
91.718361 53.130104
87.709389 53.130104
86.257011 52.075466
86.987213 51.050236
87.633751 50.053825
89.541641 49.497150
89.510307 50.619709
90.000000 50.194431
90.000000 50.762634
90.000000 51.486057
90.550903 52.523823
91.134422 52.977619
91.668335 52.674480
93.925911 52.825745
96.277298 53.130104
98.530769 53.130104
100.757965 53.130104
107.744675 53.130104
110.031013 53.746162
111.595314 53.746162
114.814194 54.214680
115.559967 54.372093
116.565048 54.372093
115.292023 54.530128
126.129440 155.670959
120.540604 157.422974
113.749496 158.763824
106.090813 160.159302
97.454300 160.775421
91.060913 161.389832
85.763603 161.829895
78.381477 162.265884
72.859650 162.265884
65.885803 162.695175
57.380756 162.695175
54.246113 162.433105
49.969742 162.695175
47.697807 162.433105
46.771469 162.433105
46.771469 162.613022
47.077175 162.613022
46.771469 162.876938
46.771469 162.876938
46.771469 163.060913
46.771469 163.060913
46.468803 163.060913
46.771469 162.979477
45.603092 162.712585
46.771469 162.362000
46.468803 162.095551
46.169140 161.029587
44.396908 159.577667
45.872456 154.736908
46.169140 151.202072
46.169140 147.339081
45.578724 143.471146
45.872456 139.159637
45.000000 133.063202
45.872456 125.340103
45.000000 117.992050
41.922543 110.441795
45.000000 102.022278
42.049221 96.037682
44.153324 91.145760
47.077175 29.054605
45.287914 29.054605
43.876698 29.054605
41.507408 29.054605
35.649658 69.507408
32.609142 69.193207
29.710011 74.445427
27.623787 72.776566
26.003345 68.694214
24.842388 61.630955
23.962490 58.616810
23.139462 54.625248
22.619865 49.737442
22.040972 46.771469
21.566751 43.331661
21.186176 40.520538
20.746080 38.216949
20.462271 35.345024
20.371145 32.494801
20.350275 30.108660
20.329849 27.444521
20.130312 25.463345
20.177933 24.466791
20.336185 23.019205
20.381432 21.952452
20.426023 20.998718
20.170654 20.525108
20.449547 20.432829
20.260490 20.250633
20.304474 20.250633
20.180887 20.160700
20.119633 20.314165
20.286175 20.465864
4.037711 0.000000
20.058735 19.983107
19.892256 20.071526
3.680622 0.000000
4.680444 0.000000
19.558250 20.888981
8.513988 0.000000
11.118734 0.000000
18.832436 19.075098
18.836414 21.130192
18.725788 23.477400
18.669285 25.828959
18.553820 27.574564
18.796051 29.357754
19.525013 30.318895
19.850130 30.913275
20.050238 31.528990
20.720486 28.920044
21.535976 33.178513
21.167303 29.134293
21.124718 29.267996
21.345787 29.267996
21.571308 29.267996
21.566751 29.538782
21.880713 29.538782
22.285587 29.538782
22.704924 29.538782
23.228262 29.538782
23.682087 29.538782
24.057350 29.538782
24.542435 29.538782
25.046200 29.538782
25.676815 29.538782
26.337688 29.538782
26.333086 29.814161
27.390242 29.538782
27.883341 29.538782
27.783926 29.814161
28.523119 29.538782
28.523119 29.538782
28.523119 29.538782
28.393019 29.538782
28.393019 29.538782
27.645977 29.675892
27.634766 29.538782
26.800833 29.814161
26.448595 29.814161
26.565052 29.538782
26.337688 29.538782
26.225357 29.538782
25.893646 29.538782
25.784807 29.538782
25.569664 29.538782
25.569664 29.538782
25.357847 29.538782
25.253162 29.538782
25.253162 29.538782
25.149282 29.538782
25.149282 29.538782
24.623566 29.675892
24.403971 29.814161
24.403971 29.814161
26.444935 52.045769
25.844387 52.765167
25.851862 52.765167
26.085600 53.130104
26.203949 53.870556
26.565052 53.870556
26.686184 54.246113
27.307505 54.246113
25.253162 29.054605
25.357847 29.054605
25.357847 29.054605
25.463345 29.054605
25.463345 29.054605
25.357847 29.054605
25.135704 29.190311
24.912746 29.327179
24.809408 29.327179
24.586329 29.465221
24.464409 29.604450
24.586329 29.465221
24.688982 29.465221
25.135704 29.190311
25.016893 29.327179
25.016893 29.327179
24.567171 29.604450
24.464409 29.604450
24.688982 29.465221
24.688982 29.465221
24.362453 29.604450
24.464409 29.604450
24.464409 29.604450
24.912746 29.327179
24.586329 29.465221
24.261290 29.604450
24.706869 29.327179
23.937643 29.744883
24.504160 29.327179
24.061317 29.604450
23.962490 29.604450
23.294563 30.029402
23.643227 29.744883
24.061317 29.604450
24.403971 29.327179
24.283125 29.465221
24.605124 29.327179
24.809408 29.327179
24.912746 29.327179
25.016893 29.327179
24.896715 29.465221
24.775141 29.604450
24.443956 29.744883
24.423098 29.886526
24.612541 56.976131
24.876549 56.976131
24.515070 56.976131
24.775141 57.380756
25.034126 57.380756
25.170959 57.380756
25.548824 57.380756
25.796026 57.789074
26.435423 57.789074
25.452652 29.190311
25.784807 29.054605
25.784807 29.054605
25.893646 29.054605
26.003345 29.054605
26.113913 29.054605
26.113913 29.054605
26.113913 29.054605
26.113913 29.054605
26.003345 29.054605
25.893646 29.054605
25.893646 29.054605
25.893646 29.054605
26.003345 29.054605
26.113913 29.054605
26.003345 29.054605
26.113913 29.054605
26.113913 29.054605
26.225357 29.054605
26.225357 29.054605
26.225357 29.054605
26.450916 29.054605
26.450916 29.054605
26.450916 29.054605
26.565052 29.054605
26.450916 29.054605
26.450916 29.054605
26.565052 29.054605
26.450916 29.054605
26.450916 29.054605
26.337688 29.054605
26.113913 29.054605
26.225357 29.054605
26.225357 29.054605
26.225357 29.054605
26.225357 29.054605
26.225357 29.054605
26.225357 29.054605
26.225357 29.054605
26.225357 29.054605
26.225357 29.054605
26.225357 29.054605
26.565052 29.054605
26.565052 29.054605
26.565052 29.054605
26.796080 29.054605
26.796080 29.054605
26.680103 29.054605
26.680103 29.054605
26.565052 29.054605
26.565052 29.054605
26.565052 29.054605
26.450916 29.054605
26.565052 29.054605
26.565052 29.054605
28.054676 57.380756
27.377703 56.976131
27.645977 57.380756
27.517624 57.380756
26.337688 29.054605
26.337688 29.054605
26.337688 29.054605
26.337688 29.054605
26.337688 29.054605
27.368212 57.789074
27.231251 57.789074
27.101765 57.380756
26.830923 57.380756
27.506447 57.789074
26.680103 29.054605
26.565052 29.054605
26.450916 29.054605
26.450916 29.054605
26.450916 29.054605
26.450916 29.054605
26.565052 29.054605
26.565052 29.054605
27.517624 60.751175
27.786816 60.316860
27.928980 59.886265
28.072489 60.316860
26.912996 29.054605
26.796080 29.054605
27.928980 60.751175
27.786816 60.316860
27.786816 59.886265
27.786816 60.316860
27.231251 60.316860
27.645977 60.316860
26.796080 29.054605
26.912996 29.054605
26.796080 29.054605
26.796080 29.054605
26.680103 29.054605
26.565052 29.054605
26.565052 29.054605
26.680103 29.054605
26.565052 29.054605
26.796080 29.054605
26.680103 29.054605
26.796080 29.054605
26.965715 57.789074
27.231251 57.789074
26.965715 57.789074
27.231251 58.616810
26.796080 29.054605
26.796080 29.054605
26.680103 29.054605
26.680103 29.054605
26.796080 29.054605
26.796080 29.054605
26.796080 29.054605
26.912996 29.054605
26.796080 29.054605
26.796080 29.054605
26.912996 29.054605
26.796080 29.054605
26.796080 29.054605
28.072489 58.781597
27.945404 57.789074
27.658871 57.380756
26.912996 29.054605
27.030861 29.054605
27.030861 29.054605
27.030861 29.054605
27.377703 56.575188
26.912996 29.054605
26.796080 29.054605
26.796080 29.054605
26.796080 29.054605
26.680103 29.054605
26.680103 29.054605
26.680103 29.054605
26.680103 29.054605
26.796080 29.054605
26.796080 29.054605
26.796080 29.054605
26.796080 29.054605
26.680103 29.054605
26.680103 29.054605
26.796080 29.054605
26.796080 29.054605
26.796080 29.054605
26.796080 29.054605
26.796080 29.054605
27.247112 56.976131
27.247112 56.575188
27.517624 56.976131
27.658871 56.976131
26.796080 29.054605
26.796080 29.054605
26.680103 29.054605
26.680103 29.054605
26.796080 29.054605
26.796080 29.054605
26.796080 29.054605
26.796080 29.054605
26.796080 29.054605
26.796080 29.054605
26.796080 29.054605
26.796080 29.054605
26.796080 29.054605
26.796080 29.054605
26.796080 29.054605
26.796080 29.054605
26.912996 29.054605
26.912996 29.054605
26.912996 29.054605
26.796080 29.054605
26.912996 29.054605
26.796080 29.054605
26.680103 29.054605
26.565052 29.054605
26.565052 29.054605
26.450916 29.054605
26.450916 29.054605
26.450916 29.054605
26.337688 29.054605
26.337688 29.054605
26.225357 29.054605
26.225357 29.054605
26.225357 29.054605
26.225357 29.054605
26.225357 29.054605
26.225357 29.054605
26.432423 56.976131
27.223593 56.976131
26.830923 57.380756
26.961098 57.380756
26.830923 57.380756
26.565052 56.976131
26.297939 56.976131
26.225357 29.054605
26.113913 29.054605
26.003345 29.054605
25.893646 29.054605
25.893646 29.054605
25.784807 29.054605
25.893646 29.054605
25.784807 29.054605
25.784807 29.054605
25.893646 29.054605
25.893646 29.054605
25.893646 29.054605
25.893646 29.054605
25.893646 29.054605
26.003345 29.054605
26.003345 29.054605
26.035774 56.976131
26.697374 56.976131
26.225357 29.054605
26.301016 56.575188
26.166248 56.177914
26.113913 29.054605
26.113913 29.054605
26.113913 29.054605
26.113913 29.054605
26.113913 29.054605
26.113913 29.054605
26.225357 29.054605
26.225357 29.054605
25.769327 55.007980
25.778431 55.394325
26.113913 29.054605
26.113913 29.054605
26.301016 56.177914
25.784807 29.054605
25.784807 29.054605
25.784807 29.054605
25.784807 29.054605
26.166248 56.976131
26.565052 56.976131
26.035774 56.575188
26.166248 56.976131
26.301016 57.380756
26.565052 56.575188
26.697374 56.575188
26.003345 29.054605
26.113913 29.054605
26.003345 29.054605
26.113913 29.054605
26.225357 29.054605
26.113913 29.054605
25.893646 29.054605
25.893646 29.054605
25.893646 29.054605
25.893646 29.054605
25.784807 29.054605
25.784807 29.054605
25.784807 29.054605
25.893646 29.054605
25.893646 29.054605
26.301016 56.575188
25.893646 29.054605
26.003345 29.054605
26.035774 56.575188
26.035774 56.575188
26.003345 29.054605
26.003345 29.054605
26.113913 29.054605
26.003345 29.054605
26.113913 29.054605
26.113913 29.054605
26.113913 29.054605
26.003345 29.054605
26.113913 29.054605
25.893646 29.054605
25.893646 29.054605
25.784807 29.054605
25.676815 29.054605
25.676815 29.054605
25.784807 29.054605
25.569664 29.054605
25.784807 29.054605
25.784807 29.054605
25.784807 29.054605
25.784807 29.054605
25.784807 29.054605
25.784807 29.054605
25.784807 29.054605
25.784807 29.054605
25.784807 29.054605
25.784807 29.054605
26.003345 29.054605
25.641005 55.007980
25.769327 55.394325
25.893646 29.054605
25.784807 29.054605
25.784807 29.054605
25.784807 29.054605
25.784807 29.054605
25.676815 29.054605
25.569664 29.054605
25.569664 29.054605
25.676815 29.054605
25.569664 29.054605
25.676815 29.054605
25.676815 29.054605
25.676815 29.054605
25.784807 29.054605
25.784807 29.054605
25.676815 29.054605
25.676815 29.054605
25.784807 29.054605
25.676815 29.054605
25.676815 29.054605
25.784807 29.054605
25.893646 29.054605
25.784807 29.054605
25.676815 29.054605
25.676815 29.054605
25.676815 29.054605
25.676815 29.054605
25.784807 29.054605
25.569664 29.054605
25.569664 29.054605
25.569664 29.054605
25.676815 29.054605
25.676815 29.054605
25.784807 29.054605
25.676815 29.054605
25.676815 29.054605
25.784807 29.054605
25.784807 29.054605
25.893646 29.054605
25.784807 29.054605
25.784807 29.054605
25.784807 29.054605
25.676815 29.054605
25.463345 29.054605
25.569664 29.054605
25.357847 29.054605
25.357847 29.054605
25.357847 29.054605
25.463345 29.054605
25.357847 29.054605
25.463345 29.054605
25.569664 29.054605
25.569664 29.054605
25.569664 29.054605
25.463345 29.054605
25.569664 29.054605
25.569664 29.054605
25.784807 29.054605
25.676815 29.054605
25.676815 29.054605
25.676815 29.054605
25.569664 29.054605
25.676815 29.054605
25.463345 29.054605
25.569664 29.054605
25.569664 29.054605
25.463345 29.054605
25.463345 29.054605
25.569664 29.054605
25.569664 29.054605
25.569664 29.054605
25.569664 29.054605
25.569664 29.054605
25.676815 29.054605
25.676815 29.054605
25.784807 29.054605
25.676815 29.054605
25.784807 29.054605
25.676815 29.054605
25.676815 29.054605
25.641005 55.007980
25.641005 54.625248
26.170820 54.625248
25.641005 55.007980
25.569664 29.054605
25.463345 29.054605
25.569664 29.054605
25.569664 29.054605
25.569664 29.054605
25.898851 55.394325
25.569664 29.054605
25.569664 29.054605
25.676815 29.054605
25.569664 29.054605
25.569664 29.054605
25.569664 29.054605
25.676815 29.054605
25.387905 55.394325
25.525785 56.177914
25.016893 56.177914
24.895468 56.575188
24.895468 56.976131
25.661814 57.380756
25.913990 57.380756
25.676815 29.054605
25.676815 29.054605
25.676815 29.054605
25.676815 29.054605
25.676815 29.054605
25.784807 29.054605
26.041817 57.789074
25.778431 58.201088
26.432423 58.201088
25.676815 29.054605
25.784807 29.054605
25.784807 29.054605
25.784807 29.054605
25.893646 29.054605
26.980230 57.380756
25.893646 29.054605
25.784807 29.054605
26.975277 56.976131
25.784807 29.054605
25.784807 29.054605
25.784807 29.054605
25.784807 29.054605
25.784807 29.054605
25.784807 29.054605
25.784807 29.054605
25.784807 29.054605
25.784807 29.054605
25.784807 29.054605
25.784807 29.054605
25.784807 29.054605
25.676815 29.054605
25.501678 57.380756
26.035774 56.976131
25.769327 56.976131
26.170820 56.976131
25.769327 56.575188
25.906507 56.177914
25.913990 56.177914
25.913990 56.575188
25.787329 56.575188
25.016893 56.575188
25.787329 56.575188
25.414175 56.575188
25.292021 56.976131
25.034126 56.976131
24.537729 56.976131
24.420616 56.976131
24.420616 56.976131
24.048176 56.976131
24.163324 56.976131
23.934055 56.976131
23.934055 56.976131
24.163324 57.380756
24.420616 57.380756
24.396759 57.380756
25.387905 56.976131
25.651527 56.575188
24.706869 29.327179
24.605124 29.327179
24.605124 29.327179
25.525785 57.380756
25.525785 57.789074
24.304548 57.789074
24.189514 58.201088
23.820950 58.201088
23.454210 58.616810
22.981012 58.616810
23.454210 59.036243
23.565395 58.201088
24.420616 58.201088
24.676863 57.789074
24.913967 59.036243
24.794884 57.789074
25.050978 57.789074
24.676863 59.459396
24.443956 57.380756
24.215139 58.616810
23.962490 58.201088
24.102234 58.201088
24.102234 57.789074
24.489141 56.976131
24.602795 56.575188
24.717442 56.575188
25.099380 57.380756
24.851585 56.976131
25.099380 56.976131
25.581530 56.976131
24.424150 29.190311
23.986870 29.465221
24.084864 29.465221
23.986870 29.465221
23.767109 29.604450
23.864422 29.604450
23.864422 29.604450
22.845512 30.318895
24.061317 29.604450
24.283125 29.465221
24.183611 29.465221
23.962490 29.604450
24.061317 29.604450
24.283125 29.465221
24.160915 29.604450
24.261290 29.604450
24.261290 29.604450
24.484476 29.465221
24.706869 29.327179
24.809408 29.327179
25.149282 29.054605
26.053495 55.007980
25.548824 56.177914
24.814198 57.094757
23.565395 56.575188
22.792768 56.177914
21.960564 56.976131
22.067900 58.954510
23.272905 59.118923
25.319687 59.778164
25.319687 59.778164
25.439297 60.018360
25.570864 60.018360
25.691326 60.433426
25.570864 60.433426
25.439297 60.433426
24.420616 60.668159
24.163324 60.018360
24.913967 60.018360
25.050978 59.676395
26.304024 58.392498
26.312649 58.547939
26.070068 55.784298
26.318089 57.380756
26.565052 56.575188
25.186207 54.625248
22.940792 30.318895
22.773214 30.613482
20.820892 31.845160
19.158138 32.997704
18.841295 33.340706
17.121807 34.592289
16.448608 35.154179
15.873642 35.537678
14.676394 36.528854
13.588129 37.356621
12.816002 37.998734
12.094757 38.659809
11.572034 39.111393
11.625898 39.111393
11.309933 39.340519
11.362642 39.340519
11.047351 39.571903
10.784298 39.805569
11.205947 39.340519
11.465769 39.111393
12.500189 38.216949
13.404563 37.356621
15.164461 35.928501
16.086086 35.154179
16.404036 34.965122
18.595442 33.340706
18.992748 32.997704
18.992748 32.997704
21.480556 31.218403
22.300409 30.613482
23.421284 29.886526
24.383410 29.465221
23.912319 29.886526
24.114199 29.886526
21.858820 60.751175
22.197718 61.630955
21.583969 62.543259
22.109447 63.434948
20.939503 64.306297
20.684080 64.306297
21.194056 64.081116
20.620749 64.081116
22.213974 62.795990
22.101646 62.592426
22.538450 61.982105
22.394613 61.169033
24.396759 60.989639
24.372364 60.199055
23.385221 59.036243
24.372364 58.654785
23.126520 57.901073
23.270210 57.763214
23.270210 57.628223
23.304892 57.264774
23.445099 57.136826
22.885122 57.011478
23.061520 56.888657
24.145542 56.424065
24.986433 56.198029
25.357847 54.877838
25.918886 53.285797
26.142990 51.458817
26.255905 49.159641
26.062469 46.520767
26.168547 44.754097
26.274212 43.074818
25.998720 41.248272
25.743990 39.356682
24.911074 37.476177
22.789169 35.942112
31.092222 0.000000
29.010361 49.913799
28.403307 49.359409
26.041817 48.949566
25.559965 48.544765
25.982965 48.144958
25.574444 48.277676
24.762346 48.679142
23.294563 49.635464
16.401245 0.000000
16.276262 0.000000
16.378422 0.000000
16.959846 0.000000
16.680927 0.000000
16.771225 0.000000
0.000000 0.000000
0.000000 0.000000
0.000000 0.000000
0.000000 0.000000
0.000000 0.000000
0.000000 0.000000
0.000000 0.000000
0.000000 0.000000
0.000000 0.000000
0.000000 0.000000
0.000000 0.000000
0.000000 0.000000
0.000000 0.000000
0.000000 0.000000
0.000000 0.000000
0.000000 0.000000
0.000000 0.000000
0.000000 0.000000
0.000000 0.000000
0.000000 0.000000
0.000000 0.000000
0.000000 0.000000
0.000000 0.000000
0.000000 0.000000
0.000000 0.000000
0.000000 0.000000
0.000000 0.000000
0.000000 0.000000
0.000000 0.000000
0.000000 0.000000
0.000000 0.000000
0.000000 0.000000
0.000000 0.000000
0.000000 0.000000
0.000000 0.000000
0.000000 0.000000
0.000000 0.000000
0.000000 0.000000
0.000000 0.000000
0.000000 0.000000
0.000000 0.000000
0.000000 0.000000
0.000000 0.000000
0.000000 0.000000
0.000000 0.000000
0.000000 0.000000
0.000000 0.000000
0.000000 0.000000
0.000000 0.000000
0.000000 0.000000
0.000000 0.000000
0.000000 0.000000
0.000000 0.000000
0.000000 0.000000
0.000000 0.000000
0.000000 0.000000
0.000000 0.000000
0.000000 0.000000
0.000000 0.000000
0.000000 0.000000
0.000000 0.000000
0.000000 0.000000
0.000000 0.000000
0.000000 0.000000
0.000000 0.000000
0.000000 0.000000
0.000000 0.000000
0.000000 0.000000
0.000000 0.000000
0.000000 0.000000
0.000000 0.000000
0.000000 0.000000
0.000000 0.000000
0.000000 0.000000
