0	-1000
1	-1000
2	-1000
3	-1000
4	-1000
5	-1000
6	-1000
7	-1000
8	-1000
9	-1000
10	-1000
11	-1000
12	-1000
13	-1000
14	-1000
15	-1000
16	-1000
17	-1000
18	-1000
19	-1000
20	-1000
21	-1000
22	-1000
23	-1000
24	-1000
25	-1000
26	-1000
27	-1000
28	-1000
29	-1000
30	-1000
31	-1000
32	-1000
33	-1000
34	-1000
35	-1000
36	-1000
37	-1000
38	-1000
39	-1000
40	-1000
41	-1000
42	-1000
43	-1000
44	-1000
45	-1000
46	-1000
47	-1000
48	-1000
49	-1000
50	-1000
51	-1000
52	-1000
53	-1000
54	-1000
55	-1000
56	-1000
57	-1000
58	-1000
59	-1000
60	-1000
61	-1000
62	-1000
63	-1000
64	-1000
65	-1000
66	-1000
67	-1000
68	-1000
69	-1000
70	-1000
71	-1000
72	-1000
73	-1000
74	-1000
75	-1000
76	-1000
77	-1000
78	-1000
79	-1000
80	-1000
81	-1000
82	-1000
83	-1000
84	-1000
85	-1000
86	-1000
87	-1000
88	-1000
89	-1000
90	-1000
91	-1000
92	-1000
93	-1000
94	-1000
95	-1000
96	-1000
97	-1000
98	-1000
99	-1000
100	-1000
101	-1000
102	-1000
103	-1000
104	-1000
105	-1000
106	-1000
107	-1000
108	-1000
109	-1000
110	-1000
111	-1000
112	-1000
113	-1000
114	-1000
115	-1000
116	-1000
117	-1000
118	-1000
119	-1000
120	-1000
121	-1000
122	-1000
123	-1000
124	-1000
125	-1000
126	-1000
127	-1000
128	-1000
129	-1000
130	-1000
131	-1000
132	-1000
133	-1000
134	-1000
135	-1000
136	-1000
137	-1000
138	-1000
139	-1000
140	-1000
141	-1000
142	-1000
143	-1000
144	-1000
145	-1000
146	-1000
147	-1000
148	-1000
149	-1000
150	-1000
151	-1000
152	-1000
153	-1000
154	-1000
155	-1000
156	-1000
157	-1000
158	-1000
159	-1000
160	-1000
161	-1000
162	-1000
163	-1000
164	-1000
165	-1000
166	-1000
167	-1000
168	-1000
169	-1000
170	-1000
171	-1000
172	-1000
173	-1000
174	-1000
175	-1000
176	-1000
177	-1000
178	-1000
179	-1000
180	-1000
181	-1000
182	-1000
183	-1000
184	-1000
185	-1000
186	-1000
187	-1000
188	-1000
189	-1000
190	-1000
191	-1000
192	-1000
193	-1000
194	-1000
195	-1000
196	-1000
197	-1000
198	-1000
199	-1000
200	-1000
201	-1000
202	-1000
203	-1000
204	-1000
205	-1000
206	-1000
207	-1000
208	-1000
209	-1000
210	-1000
211	-1000
212	-1000
213	-1000
214	-1000
215	-1000
216	-1000
217	-1000
218	-1000
219	-1000
220	-1000
221	-1000
222	-1000
223	-1000
224	-1000
225	1
226	1
227	1
228	1
229	1
230	1
231	1
232	1
233	1
234	1
235	1
236	1
237	1
238	1
239	1
240	1
241	1
242	1
243	1
244	1
245	1
246	1
247	1
248	1
249	1
250	1
251	1
252	1
253	1
254	1
255	1
256	1
257	1
258	1
259	1
260	1
261	1
262	1
263	1
264	1
265	1
266	1
267	1
268	1
269	1
270	1
271	1
272	1
273	1
274	1
275	1
276	1
277	1
278	1
279	1
280	1
281	1
282	1
283	1
284	1
285	1
286	1
287	1
288	1
289	1
290	1
291	1
292	1
293	1
294	1
295	1
296	1
297	1
298	1
299	1
300	1
301	1
302	1
303	1
304	1
305	1
306	1
307	1
308	1
309	1
310	1
311	1
312	1
313	1
314	1
315	1
316	1
317	1
318	1
319	1
320	1
321	1
322	1
323	1
324	-1000
325	-1000
326	-1000
327	-1000
328	-1000
329	-1000
330	-1000
331	-1000
332	-1000
333	-1000
334	-1000
335	-1000
336	-1000
337	-1000
338	-1000
339	-1000
340	-1000
341	-1000
342	-1000
343	-1000
344	-1000
345	-1000
346	-1000
347	-1000
348	-1000
349	-1000
350	-1000
351	-1000
352	-1000
353	-1000
354	-1000
355	-1000
356	-1000
357	1
358	1
359	1
360	1
361	1
362	1
363	1
364	1
365	1
366	1
367	1
368	1
369	1
370	1
371	1
372	1
373	1
374	1
375	1
376	1
377	1
378	1
379	1
380	1
381	1
382	1
383	1
384	1
385	1
386	1
387	1
388	1
389	1
390	1
391	1
392	1
393	1
394	1
395	1
396	1
397	1
398	1
399	1
400	1
401	1
402	1
403	1
404	1
405	1
406	1
407	1
408	1
409	1
410	1
411	1
412	1
413	1
414	1
415	1
416	1
417	1
418	1
419	1
420	1
421	1
422	1
423	1
424	1
425	1
426	1
427	1
428	1
429	1
430	1
431	1
432	1
433	1
434	1
435	1
436	1
437	1
438	1
439	1
440	1
441	1
442	1
443	1
444	1
445	1
446	1
447	1
448	1
449	1
450	1
451	1
452	1
453	1
454	1
455	1
456	1
457	1
458	1
459	1
460	1
461	1
462	1
463	1
464	1
465	1
466	1
467	1
468	1
469	1
470	1
471	1
472	1
473	1
474	1
475	1
476	-1000
477	-1000
478	-1000
479	-1000
480	-1000
481	-1000
482	-1000
483	-1000
484	-1000
485	-1000
486	-1000
487	-1000
488	-1000
489	-1000
490	-1000
491	-1000
492	-1000
493	-1000
494	-1000
495	-1000
496	-1000
497	-1000
498	-1000
499	-1000
500	-1000
501	-1000
502	-1000
503	-1000
504	-1000
505	-1000
506	-1000
507	-1000
508	-1000
509	-1000
510	-1000
511	-1000
512	-1000
513	-1000
514	-1000
515	-1000
516	-1000
517	-1000
518	-1000
519	-1000
520	-1000
521	-1000
522	-1000
523	-1000
524	-1000
525	-1000
526	-1000
527	-1000
528	-1000
529	-1000
530	-1000
531	-1000
532	-1000
533	-1000
534	-1000
535	-1000
536	-1000
537	-1000
538	-1000
539	-1000
540	-1000
541	-1000
542	-1000
543	-1000
544	-1000
545	-1000
546	-1000
547	-1000
548	-1000
549	-1000
550	-1000
551	-1000
552	-1000
553	-1000
554	-1000
555	-1000
556	-1000
557	-1000
558	-1000
559	-1000
560	-1000
561	-1000
562	-1000
563	-1000
564	-1000
565	-1000
566	-1000
567	-1000
568	-1000
569	-1000
570	-1000
571	-1000
572	-1000
573	-1000
574	-1000
575	-1000
576	-1000
577	-1000
578	-1000
579	-1000
580	-1000
581	-1000
582	-1000
583	-1000
584	-1000
585	-1000
586	-1000
587	-1000
588	-1000
589	-1000
590	-1000
591	-1000
592	-1000
593	-1000
594	-1000
595	-1000
596	-1000
597	-1000
598	-1000
599	-1000
600	-1000
601	-1000
602	-1000
603	-1000
604	-1000
605	-1000
606	-1000
607	-1000
608	-1000
609	-1000
610	-1000
611	-1000
612	-1000
613	-1000
614	-1000
615	-1000
616	-1000
617	-1000
618	-1000
619	-1000
620	-1000
621	-1000
622	-1000
623	-1000
624	-1000
625	-1000
626	-1000
627	-1000
628	-1000
629	-1000
630	-1000
631	-1000
632	-1000
633	-1000
634	-1000
635	-1000
636	-1000
637	-1000
638	-1000
639	-1000
640	-1000
641	-1000
642	-1000
643	-1000
644	-1000
645	-1000
646	-1000
647	-1000
648	-1000
649	-1000
650	-1000
651	-1000
652	-1000
653	-1000
654	-1000
655	-1000
656	-1000
657	-1000
658	-1000
659	-1000
660	-1000
661	-1000
662	-1000
663	-1000
664	-1000
665	-1000
666	-1000
667	-1000
668	-1000
669	-1000
670	-1000
671	-1000
672	-1000
673	-1000
674	-1000
675	-1000
676	-1000
677	-1000
678	-1000
679	-1000
680	-1000
681	-1000
682	-1000
683	-1000
684	-1000
685	-1000
686	-1000
687	-1000
688	-1000
689	-1000
690	-1000
691	-1000
692	-1000
693	-1000
694	-1000
695	-1000
696	-1000
697	-1000
698	-1000
699	-1000
700	-1000
701	-1000
702	-1000
703	-1000
704	-1000
705	-1000
706	-1000
707	-1000
708	-1000
709	-1000
710	-1000
711	-1000
712	-1000
713	-1000
714	-1000
715	-1000
716	-1000
717	-1000
718	-1000
719	-1000
720	-1000
721	-1000
722	-1000
723	-1000
724	-1000
725	-1000
726	-1000
727	-1000
728	-1000
729	-1000
730	-1000
731	-1000
732	-1000
733	-1000
734	-1000
735	-1000
736	-1000
737	-1000
738	-1000
739	-1000
740	-1000
741	-1000
742	-1000
743	-1000
744	-1000
745	-1000
746	-1000
747	-1000
748	-1000
749	-1000
750	-1000
751	-1000
752	-1000
753	-1000
754	-1000
755	-1000
756	-1000
757	-1000
758	-1000
759	-1000
760	-1000
761	-1000
762	-1000
763	-1000
764	-1000
765	-1000
766	-1000
767	-1000
768	-1000
769	-1000
770	-1000
771	-1000
772	-1000
773	-1000
774	-1000
775	-1000
776	-1000
777	5
778	5
779	5
780	5
781	5
782	5
783	5
784	5
785	5
786	5
787	5
788	5
789	5
790	5
791	5
792	5
793	5
794	5
795	5
796	5
797	5
798	5
799	5
800	5
801	5
802	5
803	5
804	5
805	5
806	5
807	5
808	5
809	5
810	5
811	5
812	5
813	5
814	5
815	5
816	5
817	5
818	5
819	5
820	5
821	5
822	5
823	5
824	5
825	5
826	5
827	5
828	5
829	5
830	5
831	5
832	5
833	5
834	5
835	5
836	5
837	5
838	5
839	5
840	5
841	5
842	5
843	5
844	5
845	5
846	5
847	5
848	5
849	5
850	5
851	5
852	5
853	5
854	5
855	5
856	5
857	5
858	5
859	5
860	5
861	5
862	5
863	5
864	5
865	5
866	5
867	5
868	5
869	5
870	5
871	5
872	5
873	5
874	5
875	5
876	5
877	5
878	5
879	5
880	5
881	5
882	5
883	5
884	5
885	5
886	5
887	5
888	5
889	5
890	5
891	5
892	5
893	5
894	5
895	5
896	5
897	5
898	5
899	5
900	5
901	5
902	5
903	5
904	5
905	5
906	5
907	5
908	5
909	5
910	5
911	5
912	5
913	5
914	5
915	5
916	5
917	5
918	5
919	5
920	5
921	5
922	5
923	5
924	5
925	5
926	5
927	5
928	5
929	5
930	5
931	5
932	5
933	5
934	5
935	5
936	5
937	5
938	5
939	5
940	5
941	5
942	5
943	5
944	5
945	5
946	5
947	5
948	5
949	5
950	5
951	5
952	5
953	5
954	5
955	5
956	5
957	5
958	5
959	5
960	5
961	5
962	5
963	5
964	5
965	5
966	5
967	5
968	5
969	5
970	5
971	5
972	5
973	5
974	5
975	5
976	5
977	5
978	5
979	5
980	5
981	5
982	5
983	5
984	5
985	5
986	5
987	5
988	5
989	5
990	5
991	5
992	5
993	5
994	5
995	5
996	5
997	5
998	5
999	5
1000	5
1001	5
1002	5
1003	5
1004	5
1005	5
1006	5
1007	5
1008	5
1009	5
1010	5
1011	5
1012	5
1013	5
1014	5
1015	5
1016	5
1017	5
1018	5
1019	5
1020	5
1021	5
1022	5
1023	5
1024	5
1025	5
1026	5
1027	5
1028	5
1029	5
1030	5
1031	5
1032	5
1033	5
1034	5
1035	5
1036	5
1037	5
1038	5
1039	5
1040	5
1041	5
1042	5
1043	5
1044	5
1045	5
1046	5
1047	5
1048	5
1049	5
1050	5
1051	5
1052	5
1053	5
1054	5
1055	5
1056	5
1057	5
1058	5
1059	5
1060	5
1061	5
1062	5
1063	5
1064	5
1065	5
1066	5
1067	5
1068	5
1069	5
1070	5
1071	5
1072	5
1073	5
1074	5
1075	5
1076	5
1077	5
1078	5
1079	5
1080	5
1081	5
1082	5
1083	5
1084	5
1085	5
1086	5
1087	5
1088	5
1089	5
1090	5
1091	5
1092	5
1093	5
1094	5
1095	5
1096	5
1097	5
1098	5
1099	5
1100	5
1101	5
1102	5
1103	5
1104	5
1105	5
1106	5
1107	5
1108	5
1109	5
1110	5
1111	5
1112	5
1113	5
1114	5
1115	5
1116	5
1117	5
1118	5
1119	5
1120	5
1121	5
1122	5
1123	5
1124	5
1125	5
1126	5
1127	5
1128	5
1129	5
1130	5
1131	5
1132	5
1133	5
1134	5
1135	5
1136	5
1137	5
1138	5
1139	5
1140	5
1141	5
1142	5
1143	5
1144	5
1145	5
1146	5
1147	5
1148	5
1149	5
1150	5
1151	5
1152	5
1153	5
1154	5
1155	5
1156	5
1157	5
1158	5
1159	5
1160	5
1161	5
1162	5
1163	5
1164	5
1165	5
1166	5
1167	5
1168	5
1169	5
1170	5
1171	5
1172	5
1173	5
1174	5
1175	5
1176	5
1177	5
1178	5
1179	5
1180	5
1181	5
1182	5
1183	5
1184	5
1185	5
1186	5
1187	5
1188	5
1189	5
1190	5
1191	5
1192	5
1193	5
1194	5
1195	5
1196	5
1197	5
1198	5
1199	5
1200	5
1201	5
1202	5
1203	5
1204	5
1205	5
1206	5
1207	5
1208	5
1209	5
1210	5
1211	5
1212	5
1213	5
1214	5
1215	5
1216	5
1217	5
1218	5
1219	5
1220	5
1221	5
1222	5
1223	5
1224	5
1225	5
1226	5
1227	5
1228	5
1229	5
1230	5
1231	5
1232	5
1233	5
1234	5
1235	5
1236	5
1237	5
1238	5
1239	5
1240	5
1241	5
1242	5
1243	5
1244	5
1245	5
1246	5
1247	5
1248	5
1249	5
1250	5
1251	5
1252	5
1253	5
1254	5
1255	5
1256	5
1257	5
1258	5
1259	5
1260	5
1261	5
1262	5
1263	5
1264	5
1265	5
1266	5
1267	5
1268	5
1269	5
1270	5
1271	5
1272	5
1273	5
1274	-1000
1275	-1000
1276	-1000
1277	-1000
1278	-1000
1279	-1000
1280	-1000
1281	-1000
1282	-1000
1283	-1000
1284	-1000
1285	-1000
1286	-1000
1287	-1000
1288	-1000
1289	-1000
1290	-1000
1291	-1000
1292	-1000
1293	-1000
1294	-1000
1295	-1000
1296	-1000
1297	-1000
1298	-1000
1299	-1000
1300	-1000
1301	-1000
1302	-1000
1303	-1000
1304	-1000
1305	-1000
1306	-1000
1307	-1000
1308	-1000
1309	-1000
1310	-1000
1311	-1000
1312	-1000
1313	-1000
1314	-1000
1315	-1000
1316	-1000
1317	-1000
1318	-1000
1319	-1000
1320	-1000
1321	-1000
1322	-1000
1323	-1000
1324	-1000
1325	-1000
1326	-1000
1327	-1000
1328	-1000
1329	-1000
1330	-1000
1331	-1000
1332	-1000
1333	-1000
1334	-1000
1335	-1000
1336	-1000
1337	-1000
1338	-1000
1339	-1000
1340	-1000
1341	-1000
1342	-1000
1343	-1000
1344	-1000
1345	-1000
1346	-1000
1347	-1000
1348	-1000
1349	-1000
1350	-1000
1351	-1000
1352	-1000
1353	-1000
1354	-1000
1355	-1000
1356	-1000
1357	-1000
1358	-1000
1359	-1000
1360	-1000
1361	-1000
1362	-1000
1363	-1000
1364	-1000
1365	-1000
1366	-1000
1367	-1000
1368	-1000
1369	-1000
1370	-1000
1371	-1000
1372	-1000
1373	-1000
1374	-1000
1375	-1000
1376	-1000
1377	-1000
1378	-1000
1379	-1000
1380	-1000
1381	-1000
1382	-1000
1383	-1000
1384	-1000
1385	-1000
1386	-1000
1387	-1000
1388	-1000
1389	-1000
1390	-1000
1391	-1000
1392	-1000
1393	-1000
1394	-1000
1395	-1000
1396	-1000
1397	-1000
1398	-1000
1399	-1000
1400	-1000
1401	-1000
1402	-1000
1403	-1000
1404	-1000
1405	-1000
1406	-1000
1407	-1000
1408	-1000
1409	-1000
1410	-1000
1411	-1000
1412	-1000
1413	-1000
1414	-1000
1415	-1000
1416	-1000
1417	-1000
1418	-1000
1419	-1000
1420	-1000
1421	-1000
1422	-1000
1423	-1000
1424	-1000
1425	-1000
1426	-1000
1427	-1000
1428	-1000
1429	-1000
1430	-1000
1431	-1000
1432	-1000
1433	-1000
1434	-1000
1435	-1000
1436	-1000
1437	-1000
1438	-1000
1439	-1000
1440	-1000
1441	-1000
1442	-1000
1443	-1000
1444	-1000
1445	-1000
1446	-1000
1447	-1000
1448	-1000
1449	-1000
1450	-1000
1451	-1000
1452	-1000
1453	-1000
1454	-1000
1455	-1000
1456	-1000
1457	-1000
1458	-1000
1459	-1000
1460	-1000
1461	-1000
1462	-1000
1463	-1000
1464	-1000
1465	-1000
1466	-1000
1467	-1000
1468	-1000
1469	-1000
1470	-1000
1471	-1000
1472	-1000
1473	-1000
1474	-1000
1475	-1000
1476	-1000
1477	-1000
1478	-1000
1479	-1000
1480	-1000
1481	-1000
1482	-1000
1483	-1000
1484	-1000
1485	-1000
1486	-1000
1487	-1000
1488	-1000
1489	-1000
1490	-1000
1491	-1000
1492	-1000
1493	-1000
1494	-1000
1495	-1000
1496	-1000
1497	-1000
1498	-1000
1499	-1000
1500	-1000
1501	-1000
1502	-1000
1503	-1000
1504	-1000
1505	-1000
1506	-1000
1507	-1000
1508	-1000
1509	-1000
1510	-1000
1511	-1000
1512	-1000
1513	-1000
1514	-1000
1515	-1000
1516	-1000
1517	-1000
1518	-1000
1519	-1000
1520	-1000
1521	-1000
1522	-1000
1523	-1000
1524	-1000
1525	-1000
1526	-1000
1527	-1000
1528	-1000
1529	-1000
1530	-1000
1531	-1000
1532	-1000
1533	-1000
1534	-1000
1535	-1000
1536	-1000
1537	-1000
1538	-1000
1539	-1000
1540	-1000
1541	-1000
1542	-1000
1543	-1000
1544	-1000
1545	-1000
1546	-1000
1547	-1000
1548	-1000
1549	-1000
1550	-1000
1551	-1000
1552	-1000
1553	-1000
1554	-1000
1555	-1000
1556	-1000
1557	-1000
1558	-1000
1559	-1000
1560	-1000
1561	-1000
1562	-1000
1563	-1000
1564	-1000
1565	-1000
1566	-1000
1567	-1000
1568	-1000
1569	-1000
1570	-1000
1571	-1000
1572	-1000
1573	-1000
1574	-1000
1575	-1000
1576	-1000
1577	-1000
1578	-1000
1579	-1000
1580	-1000
1581	-1000
1582	-1000
1583	-1000
1584	-1000
1585	-1000
1586	-1000
1587	-1000
1588	-1000
1589	-1000
1590	-1000
1591	-1000
1592	-1000
1593	-1000
1594	-1000
1595	7
1596	7
1597	7
1598	7
1599	7
1600	7
1601	7
1602	7
1603	7
1604	7
1605	7
1606	7
1607	7
1608	7
1609	7
1610	7
1611	7
1612	7
1613	7
1614	7
1615	7
1616	7
1617	7
1618	7
1619	7
1620	7
1621	7
1622	7
1623	7
1624	7
1625	7
1626	7
1627	7
1628	7
1629	7
1630	7
1631	7
1632	7
1633	7
1634	7
1635	7
1636	7
1637	7
1638	7
1639	7
1640	7
1641	7
1642	7
1643	7
1644	7
1645	7
1646	7
1647	7
1648	7
1649	7
1650	7
1651	7
1652	7
1653	7
1654	7
1655	7
1656	7
1657	7
1658	7
1659	7
1660	7
1661	7
1662	7
1663	7
1664	7
1665	7
1666	7
1667	7
1668	7
1669	7
1670	7
1671	7
1672	7
1673	7
1674	7
1675	7
1676	7
1677	7
1678	7
1679	7
1680	7
1681	7
1682	7
1683	7
1684	7
1685	7
1686	7
1687	7
1688	7
1689	7
1690	7
1691	7
1692	7
1693	7
1694	7
1695	7
1696	7
1697	7
1698	7
1699	7
1700	7
1701	7
1702	7
1703	7
1704	7
1705	7
1706	7
1707	7
1708	7
1709	7
1710	7
1711	7
1712	7
1713	7
1714	7
1715	7
1716	7
1717	7
1718	7
1719	7
1720	7
1721	7
1722	7
1723	7
1724	7
1725	7
1726	7
1727	7
1728	7
1729	7
1730	7
1731	7
1732	7
1733	7
1734	7
1735	7
1736	7
1737	7
1738	7
1739	7
1740	7
1741	7
1742	7
1743	7
1744	7
1745	7
1746	7
1747	7
1748	7
1749	7
1750	7
1751	7
1752	7
1753	7
1754	7
1755	7
1756	7
1757	7
1758	7
1759	7
1760	7
1761	7
1762	7
1763	7
1764	7
1765	7
1766	7
1767	7
1768	7
1769	7
1770	7
1771	7
1772	7
1773	7
1774	7
1775	7
1776	7
1777	7
1778	7
1779	7
1780	7
1781	7
1782	7
1783	7
1784	7
1785	7
1786	7
1787	7
1788	7
1789	7
1790	7
1791	7
1792	7
1793	7
1794	7
1795	7
1796	7
1797	7
1798	7
1799	7
1800	7
1801	7
1802	7
1803	7
1804	7
1805	7
1806	7
1807	7
1808	7
1809	7
1810	7
1811	7
1812	7
1813	7
1814	7
1815	7
1816	7
1817	7
1818	7
1819	7
1820	7
1821	7
1822	7
1823	7
1824	7
1825	7
1826	7
1827	7
1828	7
1829	7
1830	7
1831	7
1832	7
1833	7
1834	7
1835	7
1836	7
1837	7
1838	7
1839	7
1840	7
1841	7
1842	7
1843	7
1844	7
1845	7
1846	7
1847	7
1848	7
1849	7
1850	7
1851	7
1852	7
1853	7
1854	-1000
1855	-1000
1856	-1000
1857	-1000
1858	-1000
1859	-1000
1860	-1000
1861	-1000
1862	-1000
1863	-1000
1864	-1000
1865	-1000
1866	-1000
1867	-1000
1868	-1000
1869	-1000
1870	-1000
1871	-1000
1872	-1000
1873	-1000
1874	-1000
1875	-1000
1876	-1000
1877	-1000
1878	-1000
1879	-1000
1880	-1000
1881	-1000
1882	-1000
1883	-1000
1884	-1000
1885	-1000
1886	-1000
1887	-1000
1888	-1000
1889	-1000
1890	-1000
1891	-1000
1892	-1000
1893	-1000
1894	-1000
1895	-1000
1896	-1000
1897	-1000
1898	-1000
1899	-1000
1900	-1000
1901	-1000
1902	-1000
1903	-1000
1904	-1000
1905	-1000
1906	-1000
1907	-1000
1908	-1000
1909	-1000
1910	-1000
1911	-1000
1912	-1000
1913	-1000
1914	-1000
1915	-1000
1916	-1000
1917	-1000
1918	-1000
1919	-1000
1920	-1000
1921	-1000
1922	-1000
1923	-1000
1924	-1000
1925	-1000
1926	-1000
1927	-1000
1928	-1000
1929	-1000
1930	-1000
1931	-1000
1932	-1000
1933	-1000
1934	-1000
1935	-1000
1936	-1000
1937	-1000
1938	-1000
1939	-1000
1940	-1000
1941	-1000
1942	-1000
1943	-1000
1944	-1000
1945	-1000
1946	-1000
1947	-1000
1948	-1000
1949	-1000
1950	-1000
1951	-1000
1952	-1000
1953	-1000
1954	-1000
1955	-1000
1956	-1000
1957	-1000
1958	-1000
1959	-1000
1960	-1000
1961	-1000
1962	-1000
1963	-1000
1964	-1000
1965	-1000
1966	-1000
1967	-1000
1968	-1000
1969	-1000
1970	-1000
1971	-1000
1972	-1000
1973	-1000
1974	-1000
1975	-1000
1976	-1000
1977	-1000
1978	-1000
1979	-1000
1980	-1000
1981	-1000
1982	-1000
1983	-1000
1984	-1000
1985	-1000
1986	-1000
1987	-1000
1988	-1000
1989	-1000
1990	-1000
1991	-1000
1992	-1000
1993	-1000
1994	-1000
1995	-1000
1996	-1000
1997	-1000
1998	-1000
1999	-1000
2000	-1000
2001	-1000
2002	-1000
2003	-1000
2004	-1000
2005	-1000
2006	-1000
2007	-1000
2008	-1000
2009	-1000
2010	-1000
2011	-1000
2012	-1000
2013	-1000
2014	-1000
2015	-1000
2016	-1000
2017	-1000
2018	-1000
2019	-1000
2020	-1000
2021	-1000
2022	-1000
2023	-1000
2024	-1000
2025	-1000
2026	-1000
2027	-1000
2028	-1000
2029	-1000
2030	-1000
2031	-1000
2032	-1000
2033	-1000
2034	-1000
2035	-1000
2036	-1000
2037	-1000
2038	-1000
2039	-1000
2040	-1000
2041	-1000
2042	-1000
2043	-1000
2044	-1000
2045	-1000
2046	-1000
2047	-1000
2048	-1000
2049	-1000
2050	-1000
2051	-1000
2052	-1000
2053	-1000
2054	-1000
2055	-1000
2056	-1000
2057	-1000
2058	-1000
2059	-1000
2060	-1000
2061	-1000
2062	-1000
2063	-1000
2064	-1000
2065	-1000
2066	-1000
2067	-1000
2068	-1000
2069	-1000
2070	-1000
2071	-1000
2072	-1000
2073	-1000
2074	-1000
2075	-1000
2076	-1000
2077	-1000
2078	-1000
2079	-1000
2080	-1000
2081	-1000
2082	-1000
2083	-1000
2084	-1000
2085	-1000
2086	-1000
2087	-1000
2088	-1000
2089	-1000
2090	-1000
2091	-1000
2092	-1000
2093	-1000
2094	-1000
2095	-1000
2096	-1000
2097	-1000
2098	-1000
2099	-1000
2100	-1000
2101	-1000
2102	-1000
2103	-1000
2104	-1000
2105	-1000
2106	-1000
2107	-1000
2108	-1000
2109	-1000
2110	-1000
2111	-1000
2112	-1000
2113	-1000
2114	-1000
2115	-1000
2116	-1000
2117	-1000
2118	-1000
2119	-1000
2120	2
2121	2
2122	2
2123	2
2124	2
2125	2
2126	2
2127	2
2128	2
2129	2
2130	2
2131	2
2132	2
2133	2
2134	2
2135	2
2136	2
2137	2
2138	2
2139	2
2140	2
2141	2
2142	2
2143	2
2144	2
2145	2
2146	2
2147	2
2148	2
2149	2
2150	2
2151	2
2152	2
2153	2
2154	2
2155	2
2156	2
2157	2
2158	2
2159	2
2160	2
2161	2
2162	2
2163	2
2164	2
2165	2
2166	2
2167	2
2168	2
2169	2
2170	2
2171	2
2172	2
2173	2
2174	2
2175	2
2176	2
2177	2
2178	2
2179	2
2180	2
2181	2
2182	2
2183	2
2184	2
2185	2
2186	2
2187	2
2188	2
2189	2
2190	2
2191	2
2192	2
2193	2
2194	2
2195	2
2196	2
2197	2
2198	2
2199	2
2200	2
2201	2
2202	2
2203	2
2204	2
2205	2
2206	2
2207	2
2208	2
2209	2
2210	2
2211	2
2212	2
2213	2
2214	2
2215	2
2216	2
2217	2
2218	2
2219	2
2220	2
2221	2
2222	2
2223	2
2224	2
2225	2
2226	2
2227	2
2228	2
2229	2
2230	2
2231	2
2232	2
2233	2
2234	2
2235	2
2236	2
2237	2
2238	2
2239	2
2240	2
2241	2
2242	2
2243	2
2244	2
2245	2
2246	2
2247	2
2248	2
2249	2
2250	2
2251	2
2252	2
2253	2
2254	2
2255	2
2256	2
2257	2
2258	2
2259	2
2260	2
2261	2
2262	2
2263	2
2264	2
2265	2
2266	2
2267	2
2268	2
2269	2
2270	2
2271	2
2272	2
2273	2
2274	2
2275	2
2276	2
2277	2
2278	2
2279	2
2280	2
2281	2
2282	2
2283	2
2284	2
2285	2
2286	2
2287	2
2288	2
2289	2
2290	2
2291	2
2292	2
2293	2
2294	2
2295	2
2296	2
2297	2
2298	2
2299	2
2300	2
2301	2
2302	2
2303	2
2304	2
2305	2
2306	2
2307	2
2308	2
2309	2
2310	2
2311	2
2312	2
2313	2
2314	2
2315	2
2316	2
2317	2
2318	2
2319	2
2320	2
2321	2
2322	2
2323	2
2324	2
2325	2
2326	2
2327	2
2328	2
2329	2
2330	2
2331	2
2332	2
2333	2
2334	2
2335	2
2336	2
2337	2
2338	2
2339	2
2340	2
2341	2
2342	2
2343	2
2344	2
2345	2
2346	2
2347	2
2348	2
2349	2
2350	2
2351	2
2352	2
2353	2
2354	2
2355	2
2356	2
2357	2
2358	2
2359	2
2360	2
2361	2
2362	2
2363	2
2364	2
2365	2
2366	2
2367	2
2368	2
2369	2
2370	2
2371	2
2372	2
2373	2
2374	2
2375	2
2376	2
2377	2
2378	2
2379	2
2380	2
2381	2
2382	2
2383	2
2384	2
2385	2
2386	2
2387	2
2388	2
2389	2
2390	2
2391	2
2392	2
2393	2
2394	2
2395	2
2396	2
2397	2
2398	2
2399	2
2400	2
2401	2
2402	2
2403	2
2404	2
2405	2
2406	2
2407	2
2408	2
2409	2
2410	2
2411	2
2412	2
2413	2
2414	2
2415	2
2416	2
2417	2
2418	2
2419	2
2420	2
2421	2
2422	2
2423	2
2424	2
2425	2
2426	2
2427	2
2428	2
2429	2
2430	2
2431	2
2432	2
2433	2
2434	2
2435	2
2436	2
2437	2
2438	2
2439	2
2440	2
2441	2
2442	2
2443	2
2444	2
2445	2
2446	2
2447	2
2448	2
2449	2
2450	2
2451	2
2452	2
2453	2
2454	2
2455	2
2456	2
2457	2
2458	2
2459	2
2460	2
2461	2
2462	2
2463	2
2464	2
2465	2
2466	2
2467	2
2468	2
2469	2
2470	2
2471	2
2472	2
2473	2
2474	2
2475	2
2476	2
2477	2
2478	2
2479	2
2480	2
2481	2
2482	2
2483	2
2484	2
2485	2
2486	2
2487	2
2488	2
2489	2
2490	2
2491	2
2492	2
2493	2
2494	2
2495	2
2496	2
2497	2
2498	2
2499	2
2500	2
2501	2
2502	2
2503	2
2504	2
2505	2
2506	2
2507	2
2508	2
2509	2
2510	2
2511	2
2512	2
2513	2
2514	2
2515	2
2516	2
2517	2
2518	2
2519	2
2520	2
2521	2
2522	2
2523	2
2524	2
2525	2
2526	2
2527	2
2528	2
2529	2
2530	2
2531	2
2532	2
2533	2
2534	2
2535	2
2536	2
2537	2
2538	2
2539	2
2540	2
2541	2
2542	2
2543	2
2544	2
2545	2
2546	2
2547	2
2548	2
2549	2
2550	2
2551	2
2552	2
2553	2
2554	2
2555	2
2556	2
2557	2
2558	2
2559	2
2560	2
2561	2
2562	2
2563	2
2564	2
2565	2
2566	2
2567	2
2568	2
2569	2
2570	2
2571	2
2572	2
2573	2
2574	2
2575	2
2576	2
2577	2
2578	2
2579	2
2580	2
2581	2
2582	2
2583	2
2584	2
2585	2
2586	2
2587	2
2588	2
2589	2
2590	2
2591	2
2592	2
2593	2
2594	2
2595	2
2596	2
2597	2
2598	2
2599	2
2600	2
2601	2
2602	2
2603	2
2604	2
2605	2
2606	2
2607	2
2608	2
2609	2
2610	2
2611	2
2612	2
2613	2
2614	2
2615	2
2616	2
2617	2
2618	2
2619	2
2620	2
2621	2
2622	2
2623	2
2624	2
2625	2
2626	2
2627	2
2628	2
2629	2
2630	2
2631	2
2632	2
2633	2
2634	2
2635	2
2636	2
2637	2
2638	2
2639	2
2640	2
2641	2
2642	2
2643	2
2644	2
2645	2
2646	2
2647	2
2648	2
2649	2
2650	2
2651	2
2652	2
2653	2
2654	2
2655	2
2656	2
2657	2
2658	2
2659	2
2660	2
2661	2
2662	2
2663	2
2664	2
2665	2
2666	2
2667	2
2668	2
2669	2
2670	2
2671	2
2672	2
2673	2
2674	2
2675	2
2676	2
2677	2
2678	2
2679	2
2680	2
2681	2
2682	2
2683	2
2684	2
2685	2
2686	2
2687	2
2688	2
2689	2
2690	2
2691	2
2692	2
2693	2
2694	2
2695	2
2696	2
2697	2
2698	2
2699	2
2700	2
2701	2
2702	2
2703	2
2704	2
2705	2
2706	2
2707	2
2708	2
2709	2
2710	2
2711	2
2712	2
2713	2
2714	2
2715	2
2716	2
2717	2
2718	2
2719	2
2720	2
2721	2
2722	2
2723	2
2724	2
2725	2
2726	2
2727	2
2728	2
2729	2
2730	2
2731	2
2732	2
2733	2
2734	2
2735	2
2736	2
2737	2
2738	2
2739	2
2740	2
2741	2
2742	2
2743	2
2744	2
2745	2
2746	2
2747	2
2748	2
2749	2
2750	2
2751	2
2752	2
2753	2
2754	2
2755	2
2756	2
2757	2
2758	2
2759	2
2760	2
2761	2
2762	2
2763	2
2764	2
2765	2
2766	2
2767	2
2768	2
2769	2
2770	2
2771	2
2772	2
2773	2
2774	2
2775	2
2776	2
2777	2
2778	2
2779	2
2780	2
2781	2
2782	2
2783	2
2784	2
2785	2
2786	2
2787	2
2788	2
2789	2
2790	2
2791	2
2792	2
2793	2
2794	2
2795	2
2796	2
2797	2
2798	2
2799	2
2800	2
2801	2
2802	2
2803	2
2804	2
2805	2
2806	2
2807	2
2808	2
2809	2
2810	2
2811	2
2812	2
2813	2
2814	2
2815	2
2816	2
2817	2
2818	2
2819	2
2820	2
2821	2
2822	2
2823	2
2824	2
2825	2
2826	2
2827	2
2828	2
2829	2
2830	2
2831	2
2832	2
2833	2
2834	2
2835	2
2836	-1000
2837	-1000
2838	-1000
2839	-1000
2840	-1000
2841	-1000
2842	-1000
2843	-1000
2844	-1000
2845	-1000
2846	-1000
2847	-1000
2848	-1000
2849	-1000
2850	-1000
2851	-1000
2852	-1000
2853	-1000
2854	-1000
2855	-1000
2856	-1000
2857	-1000
2858	-1000
2859	-1000
2860	-1000
2861	-1000
2862	-1000
2863	-1000
2864	-1000
2865	-1000
2866	-1000
2867	-1000
2868	-1000
2869	-1000
2870	-1000
2871	-1000
2872	-1000
2873	-1000
2874	-1000
2875	-1000
2876	-1000
2877	-1000
2878	-1000
2879	-1000
2880	-1000
2881	-1000
2882	-1000
2883	-1000
2884	-1000
2885	-1000
2886	-1000
2887	-1000
2888	-1000
2889	-1000
2890	-1000
2891	-1000
2892	-1000
2893	-1000
2894	-1000
2895	-1000
2896	-1000
2897	-1000
2898	-1000
2899	-1000
2900	-1000
2901	-1000
2902	-1000
2903	-1000
2904	-1000
2905	-1000
2906	-1000
2907	-1000
2908	-1000
2909	-1000
2910	-1000
2911	-1000
2912	-1000
2913	-1000
2914	-1000
2915	-1000
2916	-1000
2917	-1000
2918	-1000
2919	-1000
2920	-1000
2921	-1000
2922	-1000
2923	-1000
2924	-1000
2925	-1000
2926	-1000
2927	-1000
2928	-1000
2929	-1000
2930	-1000
2931	-1000
2932	-1000
2933	-1000
2934	-1000
2935	-1000
2936	-1000
2937	-1000
2938	-1000
2939	-1000
2940	-1000
2941	-1000
2942	-1000
2943	-1000
2944	-1000
2945	-1000
2946	-1000
2947	-1000
2948	-1000
2949	-1000
2950	-1000
2951	-1000
2952	-1000
2953	-1000
2954	-1000
2955	-1000
2956	-1000
2957	-1000
2958	-1000
2959	-1000
2960	-1000
2961	-1000
2962	-1000
2963	-1000
2964	-1000
2965	-1000
2966	-1000
2967	-1000
2968	-1000
2969	-1000
2970	-1000
2971	-1000
2972	-1000
2973	-1000
2974	-1000
2975	-1000
2976	-1000
2977	-1000
2978	-1000
2979	-1000
2980	-1000
2981	-1000
2982	-1000
2983	-1000
2984	-1000
2985	-1000
2986	-1000
2987	-1000
2988	-1000
2989	-1000
2990	-1000
2991	-1000
2992	-1000
2993	-1000
2994	-1000
2995	-1000
2996	-1000
2997	-1000
2998	-1000
2999	-1000
3000	-1000
3001	-1000
3002	-1000
3003	-1000
3004	-1000
3005	-1000
3006	-1000
3007	-1000
3008	-1000
3009	-1000
3010	-1000
3011	-1000
3012	-1000
3013	-1000
3014	-1000
3015	-1000
3016	-1000
3017	-1000
3018	-1000
3019	-1000
3020	-1000
3021	-1000
3022	-1000
3023	-1000
3024	-1000
3025	-1000
3026	-1000
3027	-1000
3028	-1000
3029	-1000
3030	-1000
3031	-1000
3032	-1000
3033	-1000
3034	-1000
3035	-1000
3036	-1000
3037	-1000
3038	-1000
3039	-1000
3040	-1000
3041	-1000
3042	-1000
3043	-1000
3044	-1000
3045	-1000
3046	-1000
3047	-1000
3048	-1000
3049	-1000
3050	-1000
3051	-1000
3052	-1000
3053	-1000
3054	-1000
3055	-1000
3056	-1000
3057	-1000
3058	-1000
3059	-1000
3060	-1000
3061	-1000
3062	-1000
3063	-1000
3064	-1000
3065	-1000
3066	-1000
3067	-1000
3068	-1000
3069	-1000
3070	-1000
3071	-1000
3072	-1000
3073	-1000
3074	-1000
3075	-1000
3076	-1000
3077	-1000
3078	-1000
3079	-1000
3080	-1000
3081	-1000
3082	-1000
3083	-1000
3084	-1000
3085	-1000
3086	-1000
3087	-1000
3088	-1000
3089	-1000
3090	-1000
3091	-1000
3092	-1000
3093	-1000
3094	-1000
3095	-1000
3096	-1000
3097	-1000
3098	-1000
3099	-1000
3100	-1000
3101	-1000
3102	-1000
3103	-1000
3104	-1000
3105	-1000
3106	-1000
3107	-1000
3108	-1000
3109	-1000
3110	-1000
3111	-1000
3112	-1000
3113	-1000
3114	-1000
3115	-1000
3116	-1000
3117	-1000
3118	-1000
3119	-1000
3120	-1000
3121	-1000
3122	-1000
3123	-1000
3124	-1000
3125	-1000
3126	-1000
3127	-1000
3128	-1000
3129	-1000
3130	-1000
3131	-1000
3132	-1000
3133	-1000
3134	-1000
3135	-1000
3136	-1000
3137	-1000
3138	-1000
3139	-1000
3140	-1000
3141	-1000
3142	-1000
3143	-1000
3144	-1000
3145	-1000
3146	-1000
3147	-1000
3148	-1000
3149	-1000
3150	-1000
3151	-1000
3152	-1000
3153	-1000
3154	-1000
3155	-1000
3156	-1000
3157	-1000
3158	-1000
3159	-1000
3160	-1000
3161	-1000
3162	-1000
3163	-1000
3164	-1000
3165	-1000
3166	-1000
3167	-1000
3168	-1000
3169	-1000
3170	-1000
3171	-1000
3172	-1000
3173	-1000
3174	-1000
3175	-1000
3176	-1000
3177	-1000
3178	-1000
3179	-1000
3180	-1000
3181	-1000
3182	-1000
3183	-1000
3184	-1000
3185	-1000
3186	-1000
3187	-1000
3188	-1000
3189	-1000
3190	-1000
3191	-1000
3192	-1000
3193	-1000
3194	-1000
3195	-1000
3196	-1000
3197	-1000
3198	-1000
3199	-1000
3200	-1000
3201	-1000
3202	-1000
3203	-1000
3204	-1000
3205	-1000
3206	-1000
3207	-1000
3208	-1000
3209	-1000
3210	-1000
3211	-1000
3212	-1000
3213	-1000
3214	-1000
3215	-1000
3216	-1000
3217	-1000
3218	-1000
3219	-1000
3220	-1000
3221	-1000
3222	-1000
3223	-1000
3224	-1000
3225	-1000
3226	-1000
3227	-1000
3228	-1000
3229	-1000
3230	-1000
3231	-1000
3232	-1000
3233	-1000
3234	-1000
3235	-1000
3236	-1000
3237	-1000
3238	-1000
3239	-1000
3240	-1000
3241	-1000
3242	-1000
3243	-1000
3244	-1000
3245	-1000
3246	-1000
3247	-1000
3248	-1000
3249	-1000
3250	-1000
3251	-1000
3252	-1000
3253	-1000
3254	-1000
3255	-1000
3256	-1000
3257	-1000
3258	-1000
3259	-1000
3260	-1000
3261	-1000
3262	-1000
3263	-1000
3264	-1000
3265	-1000
3266	-1000
3267	-1000
3268	-1000
3269	-1000
3270	-1000
3271	-1000
3272	-1000
3273	-1000
3274	-1000
3275	-1000
3276	-1000
3277	-1000
3278	-1000
3279	-1000
3280	-1000
3281	-1000
3282	-1000
3283	-1000
3284	-1000
3285	-1000
3286	-1000
3287	-1000
3288	-1000
3289	-1000
3290	-1000
3291	-1000
3292	-1000
3293	-1000
3294	-1000
3295	-1000
3296	-1000
3297	-1000
3298	-1000
3299	-1000
3300	-1000
3301	-1000
3302	-1000
3303	-1000
3304	-1000
3305	-1000
3306	-1000
3307	-1000
3308	-1000
3309	-1000
3310	-1000
3311	-1000
3312	-1000
3313	-1000
3314	-1000
3315	-1000
3316	-1000
3317	-1000
3318	-1000
3319	-1000
3320	-1000
3321	-1000
3322	-1000
3323	-1000
3324	-1000
3325	-1000
3326	-1000
3327	-1000
3328	-1000
3329	-1000
3330	-1000
3331	-1000
3332	-1000
3333	-1000
3334	-1000
3335	-1000
3336	-1000
3337	-1000
3338	-1000
3339	-1000
3340	-1000
3341	-1000
3342	-1000
3343	-1000
3344	-1000
3345	-1000
3346	-1000
3347	-1000
3348	-1000
3349	-1000
3350	-1000
3351	-1000
3352	-1000
3353	-1000
3354	-1000
3355	-1000
3356	-1000
3357	-1000
3358	-1000
3359	-1000
3360	-1000
3361	-1000
3362	-1000
3363	-1000
3364	-1000
3365	-1000
3366	-1000
3367	-1000
3368	-1000
3369	-1000
3370	-1000
3371	-1000
3372	-1000
3373	-1000
3374	-1000
3375	-1000
3376	-1000
3377	-1000
3378	-1000
3379	-1000
3380	-1000
3381	-1000
3382	-1000
3383	-1000
3384	-1000
3385	-1000
3386	-1000
3387	-1000
3388	-1000
3389	-1000
3390	-1000
3391	-1000
3392	-1000
3393	-1000
3394	-1000
3395	-1000
3396	-1000
3397	-1000
3398	-1000
3399	-1000
3400	-1000
3401	-1000
3402	-1000
3403	-1000
3404	-1000
3405	-1000
3406	-1000
3407	-1000
3408	-1000
3409	-1000
3410	-1000
3411	-1000
3412	-1000
3413	-1000
3414	-1000
3415	-1000
3416	-1000
3417	-1000
3418	-1000
3419	-1000
3420	-1000
3421	-1000
3422	-1000
3423	-1000
3424	-1000
3425	-1000
3426	-1000
3427	-1000
3428	-1000
3429	-1000
3430	-1000
3431	-1000
3432	-1000
3433	-1000
3434	-1000
3435	-1000
3436	-1000
3437	-1000
3438	-1000
3439	-1000
3440	-1000
3441	-1000
3442	-1000
3443	-1000
3444	-1000
3445	-1000
3446	-1000
3447	-1000
3448	-1000
3449	-1000
3450	-1000
3451	-1000
3452	-1000
3453	-1000
3454	-1000
3455	-1000
3456	-1000
3457	-1000
3458	-1000
3459	-1000
3460	-1000
3461	-1000
3462	-1000
3463	-1000
3464	-1000
3465	-1000
3466	-1000
3467	-1000
3468	-1000
3469	-1000
3470	-1000
3471	-1000
3472	-1000
3473	-1000
3474	-1000
3475	-1000
3476	-1000
3477	-1000
3478	-1000
3479	-1000
3480	-1000
3481	-1000
3482	-1000
3483	-1000
3484	-1000
3485	-1000
3486	-1000
3487	-1000
3488	-1000
3489	-1000
3490	-1000
3491	-1000
3492	-1000
3493	-1000
3494	-1000
3495	-1000
3496	-1000
3497	-1000
3498	-1000
3499	-1000
3500	-1000
3501	-1000
3502	-1000
3503	-1000
3504	-1000
3505	-1000
3506	-1000
3507	-1000
3508	-1000
3509	-1000
3510	-1000
3511	-1000
3512	-1000
3513	-1000
3514	-1000
3515	-1000
3516	-1000
3517	-1000
3518	-1000
3519	-1000
3520	-1000
3521	-1000
3522	-1000
3523	-1000
3524	-1000
3525	-1000
3526	-1000
3527	-1000
3528	-1000
3529	-1000
3530	-1000
3531	-1000
3532	-1000
3533	-1000
3534	-1000
3535	-1000
3536	-1000
3537	-1000
3538	-1000
3539	-1000
3540	-1000
3541	-1000
3542	-1000
3543	-1000
3544	-1000
3545	-1000
3546	-1000
3547	-1000
3548	-1000
3549	-1000
3550	-1000
3551	-1000
3552	-1000
3553	-1000
3554	-1000
3555	-1000
3556	-1000
3557	-1000
3558	-1000
3559	-1000
3560	-1000
3561	-1000
3562	-1000
3563	-1000
3564	-1000
3565	-1000
3566	-1000
3567	-1000
3568	-1000
3569	-1000
3570	-1000
3571	-1000
3572	-1000
3573	-1000
3574	-1000
3575	-1000
3576	-1000
3577	-1000
3578	-1000
3579	-1000
3580	-1000
3581	-1000
3582	-1000
3583	-1000
3584	-1000
3585	-1000
3586	-1000
3587	-1000
3588	-1000
3589	-1000
3590	-1000
3591	-1000
3592	-1000
3593	-1000
3594	-1000
3595	-1000
3596	-1000
3597	-1000
3598	-1000
3599	-1000
3600	-1000
3601	-1000
3602	-1000
3603	-1000
3604	-1000
3605	-1000
3606	-1000
3607	-1000
3608	-1000
3609	-1000
3610	-1000
3611	-1000
3612	-1000
3613	-1000
3614	-1000
3615	-1000
3616	-1000
3617	-1000
3618	-1000
3619	-1000
3620	-1000
3621	-1000
3622	-1000
3623	-1000
3624	-1000
3625	-1000
3626	-1000
3627	-1000
3628	-1000
3629	-1000
3630	-1000
3631	-1000
3632	-1000
3633	-1000
3634	-1000
3635	-1000
3636	-1000
3637	-1000
3638	-1000
3639	-1000
3640	-1000
3641	-1000
3642	-1000
3643	-1000
3644	-1000
3645	-1000
3646	-1000
3647	-1000
3648	-1000
3649	-1000
3650	-1000
3651	-1000
3652	-1000
3653	-1000
3654	-1000
3655	-1000
3656	-1000
3657	-1000
3658	-1000
3659	-1000
3660	-1000
3661	-1000
3662	-1000
3663	-1000
3664	-1000
3665	-1000
3666	-1000
3667	-1000
3668	-1000
3669	-1000
3670	-1000
3671	-1000
3672	-1000
3673	-1000
3674	-1000
3675	-1000
3676	-1000
3677	-1000
3678	-1000
3679	-1000
3680	-1000
3681	-1000
3682	-1000
3683	-1000
3684	-1000
3685	-1000
3686	-1000
3687	-1000
3688	-1000
3689	-1000
3690	-1000
3691	-1000
3692	-1000
3693	-1000
3694	-1000
3695	-1000
3696	-1000
3697	-1000
3698	-1000
3699	-1000
3700	-1000
3701	-1000
3702	-1000
3703	-1000
3704	-1000
3705	-1000
3706	-1000
3707	-1000
3708	-1000
3709	-1000
3710	-1000
3711	-1000
3712	-1000
3713	-1000
3714	-1000
3715	-1000
3716	-1000
3717	-1000
3718	-1000
3719	-1000
3720	-1000
3721	-1000
3722	-1000
3723	-1000
3724	-1000
3725	-1000
3726	-1000
3727	-1000
3728	-1000
3729	-1000
3730	-1000
3731	-1000
3732	-1000
3733	-1000
3734	-1000
3735	-1000
3736	-1000
3737	-1000
3738	-1000
3739	-1000
3740	-1000
3741	-1000
3742	-1000
3743	-1000
3744	-1000
3745	-1000
3746	-1000
3747	-1000
3748	-1000
3749	-1000
3750	-1000
3751	-1000
3752	-1000
3753	-1000
3754	-1000
3755	-1000
3756	-1000
3757	-1000
3758	-1000
3759	-1000
3760	-1000
3761	-1000
3762	-1000
3763	-1000
3764	-1000
3765	-1000
3766	-1000
3767	-1000
3768	-1000
3769	-1000
3770	-1000
3771	-1000
3772	-1000
3773	-1000
3774	-1000
3775	-1000
3776	-1000
3777	-1000
3778	-1000
3779	-1000
3780	-1000
3781	-1000
3782	-1000
3783	-1000
3784	-1000
3785	-1000
3786	-1000
3787	-1000
3788	-1000
3789	-1000
3790	-1000
3791	-1000
3792	-1000
3793	-1000
3794	-1000
3795	-1000
3796	-1000
3797	-1000
3798	-1000
3799	-1000
3800	-1000
3801	-1000
3802	-1000
3803	-1000
3804	-1000
3805	-1000
3806	-1000
3807	-1000
3808	-1000
3809	-1000
3810	-1000
3811	-1000
3812	-1000
3813	-1000
3814	-1000
3815	-1000
3816	-1000
3817	-1000
3818	-1000
3819	-1000
3820	-1000
3821	-1000
3822	-1000
3823	-1000
3824	-1000
3825	-1000
3826	-1000
3827	-1000
3828	-1000
3829	-1000
3830	-1000
3831	-1000
3832	-1000
3833	-1000
3834	-1000
3835	-1000
3836	-1000
3837	-1000
3838	-1000
3839	-1000
3840	-1000
3841	-1000
3842	-1000
3843	-1000
3844	-1000
3845	-1000
3846	-1000
3847	-1000
3848	-1000
3849	-1000
3850	-1000
3851	-1000
3852	-1000
3853	-1000
3854	-1000
3855	-1000
3856	-1000
3857	-1000
3858	-1000
3859	-1000
3860	-1000
3861	-1000
3862	-1000
3863	-1000
3864	-1000
3865	-1000
3866	-1000
3867	-1000
3868	-1000
3869	-1000
3870	-1000
3871	-1000
3872	-1000
3873	-1000
3874	-1000
3875	-1000
3876	-1000
3877	-1000
3878	-1000
3879	-1000
3880	-1000
3881	-1000
3882	-1000
3883	-1000
3884	-1000
3885	-1000
3886	-1000
3887	-1000
3888	-1000
3889	-1000
3890	-1000
3891	-1000
3892	-1000
3893	-1000
3894	-1000
3895	-1000
3896	-1000
3897	-1000
3898	-1000
3899	-1000
3900	-1000
3901	-1000
3902	-1000
3903	-1000
3904	-1000
3905	-1000
3906	-1000
3907	-1000
3908	-1000
3909	-1000
3910	-1000
3911	-1000
3912	-1000
3913	-1000
3914	-1000
3915	-1000
3916	-1000
3917	-1000
3918	-1000
3919	-1000
3920	-1000
3921	-1000
3922	-1000
3923	-1000
3924	-1000
3925	-1000
3926	-1000
3927	-1000
3928	-1000
3929	-1000
3930	-1000
3931	-1000
3932	-1000
3933	-1000
3934	-1000
3935	-1000
3936	-1000
3937	-1000
3938	-1000
3939	-1000
3940	-1000
3941	-1000
3942	-1000
3943	-1000
3944	-1000
3945	-1000
3946	-1000
3947	-1000
3948	-1000
3949	-1000
3950	-1000
3951	-1000
3952	-1000
3953	-1000
3954	-1000
3955	-1000
3956	-1000
3957	-1000
3958	-1000
3959	-1000
3960	-1000
3961	-1000
3962	-1000
3963	-1000
3964	-1000
3965	-1000
3966	-1000
3967	-1000
3968	-1000
3969	-1000
3970	-1000
3971	-1000
3972	-1000
3973	-1000
3974	-1000
3975	-1000
3976	-1000
3977	-1000
3978	-1000
3979	-1000
3980	-1000
3981	-1000
3982	-1000
3983	-1000
3984	-1000
3985	-1000
3986	-1000
3987	-1000
3988	-1000
3989	-1000
3990	-1000
3991	-1000
3992	-1000
3993	-1000
3994	-1000
3995	-1000
3996	-1000
3997	-1000
3998	-1000
3999	-1000
4000	-1000
4001	-1000
4002	-1000
4003	-1000
4004	-1000
4005	-1000
4006	-1000
4007	-1000
4008	-1000
4009	-1000
4010	-1000
4011	-1000
4012	-1000
4013	-1000
4014	-1000
4015	-1000
4016	-1000
4017	-1000
4018	-1000
4019	-1000
4020	-1000
4021	-1000
4022	-1000
4023	-1000
4024	-1000
4025	-1000
4026	-1000
4027	-1000
4028	-1000
4029	-1000
4030	-1000
4031	-1000
4032	-1000
4033	-1000
4034	-1000
4035	-1000
4036	-1000
4037	-1000
4038	-1000
4039	-1000
4040	-1000
4041	-1000
4042	-1000
4043	-1000
4044	-1000
4045	-1000
4046	-1000
4047	-1000
4048	-1000
4049	-1000
4050	-1000
4051	-1000
4052	-1000
4053	-1000
4054	-1000
4055	-1000
4056	-1000
4057	-1000
4058	-1000
4059	-1000
4060	-1000
4061	-1000
4062	-1000
4063	-1000
4064	-1000
4065	-1000
4066	-1000
4067	-1000
4068	-1000
4069	-1000
4070	-1000
4071	-1000
4072	-1000
4073	-1000
4074	-1000
4075	-1000
4076	-1000
4077	-1000
4078	-1000
4079	-1000
4080	-1000
4081	-1000
4082	-1000
4083	-1000
4084	-1000
4085	-1000
4086	-1000
4087	-1000
4088	-1000
4089	-1000
4090	-1000
4091	-1000
4092	-1000
4093	-1000
4094	-1000
4095	-1000
4096	-1000
4097	-1000
4098	-1000
4099	-1000
4100	3
4101	3
4102	3
4103	3
4104	3
4105	3
4106	3
4107	3
4108	3
4109	3
4110	3
4111	3
4112	3
4113	3
4114	3
4115	3
4116	3
4117	3
4118	3
4119	3
4120	3
4121	3
4122	3
4123	3
4124	3
4125	3
4126	3
4127	3
4128	3
4129	3
4130	3
4131	3
4132	3
4133	3
4134	3
4135	3
4136	3
4137	3
4138	3
4139	3
4140	3
4141	3
4142	3
4143	3
4144	3
4145	3
4146	3
4147	3
4148	3
4149	3
4150	3
4151	3
4152	3
4153	3
4154	3
4155	3
4156	3
4157	3
4158	3
4159	3
4160	3
4161	3
4162	3
4163	3
4164	3
4165	3
4166	3
4167	3
4168	3
4169	3
4170	3
4171	3
4172	3
4173	3
4174	3
4175	3
4176	3
4177	3
4178	3
4179	3
4180	3
4181	3
4182	3
4183	3
4184	3
4185	3
4186	3
4187	3
4188	3
4189	3
4190	3
4191	3
4192	3
4193	3
4194	3
4195	3
4196	3
4197	3
4198	3
4199	3
4200	3
4201	3
4202	3
4203	3
4204	3
4205	3
4206	3
4207	3
4208	3
4209	3
4210	3
4211	3
4212	3
4213	3
4214	3
4215	3
4216	3
4217	3
4218	3
4219	3
4220	3
4221	3
4222	3
4223	3
4224	3
4225	3
4226	3
4227	3
4228	3
4229	3
4230	3
4231	3
4232	3
4233	3
4234	3
4235	3
4236	3
4237	3
4238	3
4239	3
4240	3
4241	3
4242	3
4243	3
4244	3
4245	3
4246	3
4247	3
4248	3
4249	3
4250	3
4251	3
4252	3
4253	3
4254	3
4255	3
4256	3
4257	3
4258	3
4259	3
4260	3
4261	3
4262	3
4263	3
4264	3
4265	3
4266	3
4267	3
4268	3
4269	3
4270	3
4271	3
4272	3
4273	3
4274	3
4275	3
4276	3
4277	-1000
4278	2
4279	2
4280	2
4281	2
4282	2
4283	2
4284	2
4285	2
4286	2
4287	2
4288	2
4289	2
4290	2
4291	2
4292	2
4293	2
4294	2
4295	2
4296	2
4297	2
4298	2
4299	2
4300	2
4301	2
4302	2
4303	2
4304	2
4305	2
4306	2
4307	2
4308	2
4309	2
4310	2
4311	2
4312	2
4313	2
4314	2
4315	2
4316	2
4317	2
4318	2
4319	2
4320	2
4321	2
4322	2
4323	2
4324	2
4325	2
4326	2
4327	2
4328	2
4329	2
4330	2
4331	2
4332	2
4333	2
4334	2
4335	2
4336	2
4337	2
4338	2
4339	2
4340	2
4341	2
4342	2
4343	2
4344	2
4345	2
4346	2
4347	2
4348	2
4349	2
4350	2
4351	2
4352	2
4353	2
4354	2
4355	2
4356	2
4357	2
4358	2
4359	2
4360	2
4361	2
4362	2
4363	2
4364	2
4365	2
4366	2
4367	2
4368	2
4369	2
4370	2
4371	2
4372	2
4373	2
4374	2
4375	2
4376	2
4377	2
4378	2
4379	2
4380	2
4381	2
4382	2
4383	2
4384	2
4385	2
4386	2
4387	2
4388	2
4389	2
4390	2
4391	2
4392	2
4393	2
4394	2
4395	2
4396	2
4397	2
4398	2
4399	2
4400	2
4401	2
4402	2
4403	2
4404	2
4405	2
4406	2
4407	2
4408	2
4409	2
4410	2
4411	2
4412	2
4413	2
4414	2
4415	2
4416	2
4417	2
4418	2
4419	2
4420	2
4421	2
4422	2
4423	2
4424	2
4425	2
4426	2
4427	2
4428	2
4429	2
4430	2
4431	2
4432	2
4433	2
4434	2
4435	2
4436	2
4437	2
4438	2
4439	2
4440	2
4441	2
4442	2
4443	2
4444	2
4445	2
4446	2
4447	2
4448	2
4449	2
4450	2
4451	2
4452	2
4453	2
4454	2
4455	2
4456	2
4457	2
4458	2
4459	2
4460	2
4461	2
4462	2
4463	2
4464	2
4465	2
4466	2
4467	2
4468	2
4469	2
4470	2
4471	2
4472	2
4473	2
4474	2
4475	2
4476	2
4477	2
4478	2
4479	2
4480	2
4481	2
4482	2
4483	2
4484	2
4485	2
4486	2
4487	2
4488	2
4489	2
4490	2
4491	2
4492	2
4493	2
4494	2
4495	2
4496	2
4497	3
4498	3
4499	3
4500	3
4501	3
4502	3
4503	3
4504	3
4505	3
4506	3
4507	3
4508	3
4509	3
4510	3
4511	3
4512	3
4513	3
4514	3
4515	3
4516	3
4517	3
4518	3
4519	3
4520	3
4521	3
4522	3
4523	3
4524	3
4525	3
4526	3
4527	3
4528	3
4529	3
4530	3
4531	3
4532	3
4533	3
4534	3
4535	3
4536	3
4537	3
4538	3
4539	3
4540	3
4541	3
4542	3
4543	3
4544	3
4545	3
4546	3
4547	3
4548	3
4549	3
4550	3
4551	3
4552	3
4553	3
4554	3
4555	3
4556	3
4557	3
4558	3
4559	3
4560	3
4561	3
4562	3
4563	3
4564	3
4565	3
4566	3
4567	3
4568	3
4569	3
4570	3
4571	3
4572	3
4573	3
4574	3
4575	3
4576	3
4577	3
4578	3
4579	3
4580	3
4581	3
4582	3
4583	3
4584	3
4585	3
4586	3
4587	3
4588	3
4589	3
4590	3
4591	3
4592	3
4593	3
4594	3
4595	3
4596	3
4597	3
4598	3
4599	3
4600	3
4601	3
4602	3
4603	3
4604	3
4605	3
4606	3
4607	3
4608	3
4609	3
4610	3
4611	3
4612	3
4613	3
4614	3
4615	3
4616	3
4617	3
4618	3
4619	3
4620	3
4621	3
4622	3
4623	3
4624	3
4625	3
4626	3
4627	3
4628	3
4629	3
4630	3
4631	3
4632	3
4633	3
4634	3
4635	3
4636	3
4637	3
4638	3
4639	3
4640	3
4641	3
4642	3
4643	3
4644	3
4645	3
4646	3
4647	3
4648	3
4649	3
4650	3
4651	3
4652	3
4653	3
4654	3
4655	3
4656	3
4657	3
4658	3
4659	3
4660	3
4661	3
4662	3
4663	3
4664	3
4665	3
4666	3
4667	3
4668	3
4669	3
4670	3
4671	3
4672	3
4673	3
4674	3
4675	3
4676	3
4677	3
4678	3
4679	3
4680	3
4681	3
4682	3
4683	3
4684	3
4685	3
4686	3
4687	3
4688	3
4689	3
4690	3
4691	3
4692	3
4693	3
4694	3
4695	3
4696	3
4697	3
4698	3
4699	3
4700	3
4701	3
4702	3
4703	3
4704	3
4705	3
4706	3
4707	3
4708	3
4709	3
4710	3
4711	3
4712	3
4713	3
4714	3
4715	3
4716	3
4717	3
4718	3
4719	3
4720	3
4721	3
4722	3
4723	3
4724	3
4725	3
4726	3
4727	3
4728	3
4729	3
4730	3
4731	3
4732	3
4733	3
4734	3
4735	3
4736	3
4737	3
4738	3
4739	3
4740	3
4741	3
4742	3
4743	3
4744	3
4745	3
4746	3
4747	3
4748	3
4749	3
4750	3
4751	3
4752	3
4753	3
4754	3
4755	3
4756	3
4757	3
4758	3
4759	3
4760	3
4761	3
4762	3
4763	3
4764	3
4765	3
4766	3
4767	3
4768	3
4769	3
4770	3
4771	3
4772	3
4773	3
4774	3
4775	3
4776	3
4777	3
4778	3
4779	3
4780	3
4781	3
4782	3
4783	3
4784	3
4785	3
4786	3
4787	3
4788	3
4789	3
4790	3
4791	3
4792	3
4793	3
4794	3
4795	3
4796	3
4797	3
4798	3
4799	3
4800	3
4801	3
4802	3
4803	3
4804	3
4805	3
4806	3
4807	3
4808	3
4809	3
4810	3
4811	3
4812	3
4813	3
4814	3
4815	3
4816	3
4817	3
4818	3
4819	3
4820	3
4821	3
4822	3
4823	3
4824	3
4825	3
4826	3
4827	3
4828	3
4829	3
4830	3
4831	3
4832	3
4833	3
4834	3
4835	3
4836	3
4837	3
4838	3
4839	3
4840	3
4841	3
4842	3
4843	3
4844	3
4845	3
4846	3
4847	3
4848	3
4849	3
4850	3
4851	3
4852	3
4853	3
4854	3
4855	3
4856	3
4857	3
4858	3
4859	3
4860	3
4861	3
4862	3
4863	3
4864	3
4865	3
4866	3
4867	3
4868	3
4869	3
4870	3
4871	3
4872	3
4873	3
4874	3
4875	3
4876	3
4877	3
4878	3
4879	3
4880	3
4881	3
4882	3
4883	3
4884	3
4885	3
4886	3
4887	3
4888	3
4889	3
4890	3
4891	3
4892	3
4893	3
4894	3
4895	3
4896	3
4897	3
4898	3
4899	3
4900	3
4901	3
4902	3
4903	3
4904	3
4905	3
4906	3
4907	3
4908	3
4909	3
4910	3
4911	3
4912	3
4913	3
4914	3
4915	3
4916	3
4917	3
4918	3
4919	3
4920	3
4921	3
4922	3
4923	3
4924	3
4925	3
4926	3
4927	3
4928	3
4929	3
4930	3
4931	3
4932	3
4933	3
4934	3
4935	3
4936	3
4937	3
4938	3
4939	3
4940	3
4941	3
4942	3
4943	3
4944	3
4945	3
4946	3
4947	3
4948	3
4949	3
4950	3
4951	3
4952	3
4953	3
4954	3
4955	3
4956	3
4957	3
4958	3
4959	3
4960	3
4961	3
4962	3
4963	3
4964	3
4965	3
4966	3
4967	3
4968	3
4969	3
4970	3
4971	3
4972	3
4973	3
4974	3
4975	3
4976	3
4977	3
4978	3
4979	3
4980	3
4981	3
4982	3
4983	3
4984	3
4985	3
4986	3
4987	3
4988	3
4989	3
4990	3
4991	3
4992	3
4993	3
4994	3
4995	3
4996	3
4997	3
4998	3
4999	3
5000	3
5001	3
5002	3
5003	3
5004	3
5005	3
5006	3
5007	3
5008	3
5009	3
5010	3
5011	3
5012	3
5013	3
5014	3
5015	3
5016	3
5017	3
5018	3
5019	3
5020	3
5021	3
5022	3
5023	3
5024	3
5025	3
5026	3
5027	3
5028	3
5029	3
5030	3
5031	3
5032	3
5033	3
5034	3
5035	3
5036	3
5037	3
5038	3
5039	3
5040	3
5041	3
5042	3
5043	3
5044	3
5045	3
5046	3
5047	3
5048	3
5049	3
5050	3
5051	3
5052	3
5053	3
5054	3
5055	3
5056	3
5057	3
5058	3
5059	3
5060	3
5061	3
5062	3
5063	3
5064	3
5065	3
5066	3
5067	3
5068	3
5069	3
5070	3
5071	3
5072	3
5073	3
5074	3
5075	3
5076	3
5077	3
5078	3
5079	3
5080	3
5081	3
5082	3
5083	3
5084	3
5085	3
5086	3
5087	3
5088	3
5089	3
5090	3
5091	3
5092	3
5093	3
5094	3
5095	3
5096	3
5097	3
5098	3
5099	3
5100	3
5101	3
5102	3
5103	3
5104	3
5105	3
5106	3
5107	3
5108	3
5109	3
5110	3
5111	3
5112	3
5113	3
5114	3
5115	3
5116	3
5117	-1000
5118	-1000
5119	-1000
5120	-1000
5121	-1000
5122	-1000
5123	-1000
5124	-1000
5125	-1000
5126	-1000
5127	-1000
5128	-1000
5129	-1000
5130	-1000
5131	-1000
5132	-1000
5133	-1000
5134	-1000
5135	-1000
5136	-1000
5137	-1000
5138	-1000
5139	-1000
5140	-1000
5141	-1000
5142	-1000
5143	-1000
5144	-1000
5145	-1000
5146	-1000
5147	-1000
5148	-1000
5149	-1000
5150	-1000
5151	-1000
5152	-1000
5153	-1000
5154	-1000
5155	-1000
5156	-1000
5157	-1000
5158	-1000
5159	-1000
5160	-1000
5161	-1000
5162	-1000
5163	-1000
5164	-1000
5165	-1000
5166	-1000
5167	-1000
5168	-1000
5169	-1000
5170	-1000
5171	-1000
5172	-1000
5173	-1000
5174	-1000
5175	-1000
5176	-1000
5177	-1000
5178	-1000
5179	-1000
5180	-1000
5181	-1000
5182	-1000
5183	-1000
5184	-1000
5185	-1000
5186	-1000
5187	-1000
5188	-1000
5189	-1000
5190	-1000
5191	-1000
5192	-1000
5193	-1000
5194	-1000
5195	-1000
5196	-1000
5197	-1000
5198	-1000
5199	-1000
5200	-1000
5201	-1000
5202	-1000
5203	-1000
5204	-1000
5205	-1000
5206	-1000
5207	-1000
5208	-1000
5209	-1000
5210	-1000
5211	-1000
5212	-1000
5213	-1000
5214	-1000
5215	-1000
5216	-1000
5217	-1000
5218	-1000
5219	-1000
5220	-1000
5221	-1000
5222	-1000
5223	-1000
5224	-1000
5225	-1000
5226	-1000
5227	-1000
5228	-1000
5229	-1000
5230	-1000
5231	-1000
5232	-1000
5233	-1000
5234	-1000
5235	-1000
5236	-1000
5237	-1000
5238	-1000
5239	-1000
5240	-1000
5241	-1000
5242	-1000
5243	-1000
5244	-1000
5245	-1000
5246	-1000
5247	-1000
5248	-1000
5249	-1000
5250	-1000
5251	-1000
5252	-1000
5253	-1000
5254	-1000
5255	-1000
5256	-1000
5257	-1000
5258	-1000
5259	-1000
5260	-1000
5261	-1000
5262	-1000
5263	-1000
5264	-1000
5265	-1000
5266	-1000
5267	-1000
5268	-1000
5269	-1000
5270	-1000
5271	-1000
5272	-1000
5273	-1000
5274	-1000
5275	-1000
5276	-1000
5277	-1000
5278	-1000
5279	-1000
5280	-1000
5281	-1000
5282	-1000
5283	-1000
5284	-1000
5285	-1000
5286	-1000
5287	-1000
5288	-1000
5289	-1000
5290	-1000
5291	-1000
5292	-1000
5293	-1000
5294	-1000
5295	-1000
5296	-1000
5297	-1000
5298	-1000
5299	-1000
5300	-1000
5301	-1000
5302	-1000
5303	-1000
5304	-1000
5305	-1000
5306	-1000
5307	-1000
5308	-1000
5309	-1000
5310	-1000
5311	-1000
5312	-1000
5313	-1000
5314	-1000
5315	-1000
5316	-1000
5317	-1000
5318	-1000
5319	-1000
5320	-1000
5321	-1000
5322	-1000
5323	-1000
5324	-1000
5325	-1000
5326	-1000
5327	-1000
5328	-1000
5329	-1000
5330	-1000
5331	-1000
5332	-1000
5333	-1000
5334	-1000
5335	-1000
5336	-1000
5337	-1000
5338	-1000
5339	-1000
5340	-1000
5341	-1000
5342	-1000
5343	-1000
5344	-1000
5345	-1000
5346	-1000
5347	-1000
5348	-1000
5349	-1000
5350	-1000
5351	-1000
5352	-1000
5353	-1000
5354	-1000
5355	-1000
5356	-1000
5357	-1000
5358	-1000
5359	-1000
5360	-1000
5361	-1000
5362	-1000
5363	-1000
5364	-1000
5365	-1000
5366	-1000
5367	-1000
5368	-1000
5369	-1000
5370	-1000
5371	-1000
5372	-1000
5373	-1000
5374	-1000
5375	-1000
5376	-1000
5377	-1000
5378	-1000
5379	-1000
5380	-1000
5381	-1000
5382	-1000
5383	-1000
5384	-1000
5385	-1000
5386	-1000
5387	-1000
5388	-1000
5389	-1000
5390	-1000
5391	-1000
5392	-1000
5393	-1000
5394	-1000
5395	-1000
5396	-1000
5397	-1000
5398	-1000
5399	-1000
5400	-1000
5401	-1000
5402	-1000
5403	-1000
5404	-1000
5405	-1000
5406	-1000
5407	-1000
5408	-1000
5409	-1000
5410	-1000
5411	-1000
5412	-1000
5413	-1000
5414	-1000
5415	-1000
5416	-1000
5417	-1000
5418	-1000
5419	-1000
5420	-1000
5421	-1000
5422	-1000
5423	-1000
5424	-1000
5425	-1000
5426	-1000
5427	-1000
5428	-1000
5429	-1000
5430	-1000
5431	-1000
5432	-1000
5433	-1000
5434	-1000
5435	-1000
5436	-1000
5437	-1000
5438	-1000
5439	-1000
5440	-1000
5441	-1000
5442	-1000
5443	-1000
5444	-1000
5445	-1000
5446	-1000
5447	-1000
5448	-1000
5449	-1000
5450	-1000
5451	-1000
5452	-1000
5453	-1000
5454	-1000
5455	-1000
5456	-1000
5457	-1000
5458	-1000
5459	-1000
5460	-1000
5461	-1000
5462	-1000
5463	-1000
5464	-1000
5465	-1000
5466	-1000
5467	-1000
5468	-1000
5469	-1000
5470	-1000
5471	-1000
5472	-1000
5473	-1000
5474	-1000
5475	-1000
5476	-1000
5477	-1000
5478	-1000
5479	-1000
5480	-1000
5481	-1000
5482	-1000
5483	-1000
5484	-1000
5485	-1000
5486	-1000
5487	-1000
5488	-1000
5489	-1000
5490	-1000
5491	-1000
5492	-1000
5493	-1000
5494	-1000
5495	-1000
5496	-1000
5497	-1000
5498	-1000
5499	-1000
5500	-1000
5501	-1000
5502	-1000
5503	-1000
5504	-1000
5505	-1000
5506	-1000
5507	-1000
5508	-1000
5509	-1000
5510	-1000
5511	-1000
5512	-1000
5513	-1000
5514	-1000
5515	-1000
5516	-1000
5517	-1000
5518	-1000
5519	-1000
5520	-1000
5521	-1000
5522	-1000
5523	-1000
5524	-1000
5525	-1000
5526	-1000
5527	-1000
5528	-1000
5529	-1000
5530	-1000
5531	-1000
5532	-1000
5533	-1000
5534	-1000
5535	-1000
