0	-1000
1	-1000
2	-1000
3	-1000
4	-1000
5	-1000
6	-1000
7	-1000
8	-1000
9	-1000
10	-1000
11	-1000
12	-1000
13	-1000
14	-1000
15	-1000
16	-1000
17	-1000
18	-1000
19	-1000
20	-1000
21	-1000
22	-1000
23	-1000
24	-1000
25	-1000
26	-1000
27	-1000
28	-1000
29	-1000
30	-1000
31	-1000
32	-1000
33	-1000
34	-1000
35	-1000
36	-1000
37	-1000
38	-1000
39	-1000
40	-1000
41	-1000
42	-1000
43	-1000
44	-1000
45	-1000
46	-1000
47	-1000
48	-1000
49	-1000
50	-1000
51	-1000
52	-1000
53	-1000
54	-1000
55	-1000
56	-1000
57	-1000
58	-1000
59	-1000
60	-1000
61	-1000
62	-1000
63	-1000
64	-1000
65	-1000
66	-1000
67	-1000
68	-1000
69	-1000
70	-1000
71	-1000
72	-1000
73	-1000
74	-1000
75	-1000
76	-1000
77	-1000
78	-1000
79	-1000
80	-1000
81	-1000
82	-1000
83	-1000
84	-1000
85	-1000
86	-1000
87	-1000
88	-1000
89	-1000
90	-1000
91	-1000
92	-1000
93	-1000
94	-1000
95	-1000
96	-1000
97	-1000
98	-1000
99	-1000
100	-1000
101	-1000
102	-1000
103	-1000
104	-1000
105	-1000
106	-1000
107	-1000
108	-1000
109	-1000
110	-1000
111	-1000
112	-1000
113	-1000
114	-1000
115	-1000
116	-1000
117	-1000
118	-1000
119	-1000
120	-1000
121	-1000
122	-1000
123	-1000
124	-1000
125	-1000
126	-1000
127	-1000
128	-1000
129	-1000
130	-1000
131	-1000
132	-1000
133	-1000
134	-1000
135	-1000
136	-1000
137	-1000
138	-1000
139	-1000
140	-1000
141	-1000
142	-1000
143	-1000
144	-1000
145	-1000
146	-1000
147	-1000
148	-1000
149	-1000
150	-1000
151	-1000
152	-1000
153	-1000
154	-1000
155	-1000
156	-1000
157	-1000
158	-1000
159	-1000
160	-1000
161	-1000
162	-1000
163	-1000
164	-1000
165	-1000
166	-1000
167	-1000
168	-1000
169	-1000
170	-1000
171	-1000
172	-1000
173	-1000
174	-1000
175	-1000
176	-1000
177	-1000
178	-1000
179	-1000
180	-1000
181	-1000
182	-1000
183	-1000
184	-1000
185	-1000
186	-1000
187	-1000
188	-1000
189	-1000
190	-1000
191	-1000
192	-1000
193	-1000
194	-1000
195	-1000
196	-1000
197	-1000
198	-1000
199	-1000
200	-1000
201	-1000
202	-1000
203	-1000
204	-1000
205	-1000
206	-1000
207	-1000
208	1
209	1
210	1
211	1
212	1
213	1
214	1
215	1
216	1
217	1
218	1
219	1
220	1
221	1
222	1
223	1
224	1
225	1
226	1
227	1
228	1
229	1
230	1
231	1
232	1
233	1
234	1
235	1
236	1
237	1
238	1
239	1
240	1
241	1
242	1
243	1
244	1
245	1
246	1
247	1
248	1
249	1
250	1
251	1
252	1
253	1
254	1
255	1
256	1
257	1
258	1
259	1
260	1
261	1
262	1
263	1
264	1
265	1
266	1
267	1
268	1
269	1
270	1
271	1
272	1
273	1
274	1
275	1
276	1
277	1
278	1
279	1
280	1
281	1
282	1
283	1
284	1
285	1
286	1
287	1
288	1
289	1
290	1
291	1
292	1
293	1
294	1
295	1
296	1
297	1
298	1
299	1
300	1
301	1
302	1
303	1
304	1
305	1
306	1
307	1
308	1
309	1
310	1
311	1
312	1
313	1
314	1
315	1
316	1
317	1
318	1
319	1
320	1
321	1
322	1
323	1
324	1
325	1
326	1
327	1
328	1
329	1
330	1
331	1
332	1
333	1
334	1
335	1
336	1
337	1
338	1
339	1
340	1
341	1
342	1
343	1
344	1
345	1
346	1
347	1
348	1
349	1
350	1
351	1
352	1
353	1
354	1
355	1
356	1
357	1
358	1
359	1
360	1
361	1
362	1
363	1
364	1
365	1
366	1
367	1
368	1
369	1
370	1
371	1
372	1
373	1
374	1
375	1
376	1
377	1
378	1
379	1
380	1
381	1
382	1
383	1
384	1
385	1
386	1
387	1
388	1
389	1
390	1
391	1
392	1
393	1
394	1
395	1
396	1
397	1
398	1
399	1
400	1
401	1
402	1
403	1
404	1
405	1
406	1
407	1
408	1
409	1
410	1
411	1
412	1
413	1
414	1
415	1
416	1
417	1
418	1
419	1
420	1
421	1
422	1
423	1
424	1
425	1
426	-1000
427	-1000
428	-1000
429	-1000
430	-1000
431	-1000
432	-1000
433	-1000
434	-1000
435	-1000
436	-1000
437	-1000
438	-1000
439	-1000
440	-1000
441	-1000
442	-1000
443	-1000
444	-1000
445	-1000
446	-1000
447	-1000
448	-1000
449	-1000
450	-1000
451	-1000
452	-1000
453	-1000
454	-1000
455	-1000
456	-1000
457	-1000
458	-1000
459	-1000
460	-1000
461	-1000
462	-1000
463	-1000
464	-1000
465	-1000
466	-1000
467	-1000
468	-1000
469	-1000
470	-1000
471	-1000
472	-1000
473	-1000
474	-1000
475	-1000
476	-1000
477	-1000
478	-1000
479	-1000
480	-1000
481	-1000
482	-1000
483	-1000
484	-1000
485	-1000
486	-1000
487	-1000
488	-1000
489	-1000
490	-1000
491	-1000
492	-1000
493	-1000
494	-1000
495	-1000
496	-1000
497	-1000
498	-1000
499	-1000
500	-1000
501	-1000
502	-1000
503	-1000
504	-1000
505	-1000
506	-1000
507	-1000
508	-1000
509	-1000
510	-1000
511	-1000
512	-1000
513	-1000
514	-1000
515	-1000
516	-1000
517	-1000
518	-1000
519	-1000
520	-1000
521	-1000
522	-1000
523	-1000
524	-1000
525	-1000
526	-1000
527	-1000
528	-1000
529	-1000
530	2
531	2
532	2
533	2
534	2
535	2
536	2
537	2
538	2
539	2
540	2
541	2
542	2
543	2
544	2
545	2
546	2
547	2
548	2
549	2
550	2
551	2
552	2
553	2
554	2
555	2
556	2
557	2
558	2
559	2
560	2
561	2
562	2
563	2
564	2
565	2
566	2
567	2
568	2
569	2
570	2
571	2
572	2
573	2
574	2
575	2
576	2
577	2
578	2
579	2
580	2
581	2
582	2
583	2
584	2
585	2
586	2
587	2
588	2
589	2
590	2
591	2
592	2
593	2
594	2
595	2
596	2
597	2
598	2
599	2
600	2
601	2
602	2
603	2
604	2
605	2
606	2
607	2
608	2
609	2
610	2
611	2
612	2
613	2
614	2
615	2
616	2
617	2
618	2
619	2
620	2
621	2
622	2
623	2
624	2
625	2
626	2
627	2
628	2
629	2
630	2
631	2
632	2
633	2
634	2
635	2
636	2
637	2
638	2
639	2
640	2
641	2
642	2
643	2
644	2
645	2
646	2
647	2
648	2
649	2
650	2
651	2
652	2
653	2
654	2
655	2
656	2
657	2
658	2
659	2
660	2
661	2
662	2
663	2
664	2
665	2
666	2
667	2
668	2
669	2
670	2
671	2
672	2
673	2
674	2
675	2
676	2
677	2
678	2
679	2
680	2
681	2
682	2
683	2
684	2
685	2
686	2
687	2
688	2
689	2
690	2
691	2
692	2
693	2
694	2
695	2
696	2
697	2
698	2
699	2
700	2
701	2
702	2
703	2
704	2
705	2
706	2
707	2
708	2
709	2
710	2
711	2
712	2
713	2
714	2
715	2
716	-1000
717	-1000
718	-1000
719	-1000
720	-1000
721	-1000
722	-1000
723	-1000
724	-1000
725	-1000
726	-1000
727	-1000
728	-1000
729	-1000
730	-1000
731	-1000
732	-1000
733	-1000
734	-1000
735	-1000
736	-1000
737	-1000
738	-1000
739	-1000
740	-1000
741	-1000
742	-1000
743	-1000
744	-1000
745	-1000
746	-1000
747	-1000
748	-1000
749	-1000
750	-1000
751	-1000
752	-1000
753	-1000
754	-1000
755	-1000
756	-1000
757	-1000
758	-1000
759	-1000
760	-1000
761	-1000
762	-1000
763	-1000
764	-1000
765	-1000
766	-1000
767	-1000
768	-1000
769	-1000
770	-1000
771	-1000
772	-1000
773	-1000
774	-1000
775	-1000
776	-1000
777	-1000
778	-1000
779	-1000
780	-1000
781	-1000
782	-1000
783	-1000
784	-1000
785	-1000
786	-1000
787	-1000
788	-1000
789	-1000
790	-1000
791	-1000
792	-1000
793	-1000
794	-1000
795	-1000
796	-1000
797	-1000
798	-1000
799	-1000
800	-1000
801	-1000
802	-1000
803	-1000
804	-1000
805	-1000
806	-1000
807	-1000
808	-1000
809	-1000
810	-1000
811	-1000
812	-1000
813	-1000
814	-1000
815	-1000
816	-1000
817	-1000
818	-1000
819	-1000
820	-1000
821	-1000
822	-1000
823	-1000
824	-1000
825	-1000
826	-1000
827	-1000
828	-1000
829	-1000
830	-1000
831	-1000
832	-1000
833	-1000
834	-1000
835	-1000
836	-1000
837	-1000
838	-1000
839	-1000
840	-1000
841	-1000
842	-1000
843	-1000
844	-1000
845	-1000
846	-1000
847	-1000
848	-1000
849	-1000
850	-1000
851	-1000
852	-1000
853	-1000
854	-1000
855	-1000
856	-1000
857	-1000
858	-1000
859	-1000
860	-1000
861	-1000
862	-1000
863	-1000
864	-1000
865	-1000
866	-1000
867	-1000
868	-1000
869	-1000
870	-1000
871	-1000
872	-1000
873	-1000
874	-1000
875	-1000
876	-1000
877	-1000
878	-1000
879	-1000
880	-1000
881	-1000
882	-1000
883	-1000
884	-1000
885	-1000
886	-1000
887	-1000
888	-1000
889	-1000
890	-1000
891	-1000
892	-1000
893	-1000
894	-1000
895	-1000
896	-1000
897	-1000
898	-1000
899	-1000
900	-1000
901	-1000
902	-1000
903	-1000
904	-1000
905	-1000
906	-1000
907	-1000
908	-1000
909	-1000
910	-1000
911	-1000
912	-1000
913	-1000
914	-1000
915	-1000
916	-1000
917	-1000
918	-1000
919	-1000
920	-1000
921	-1000
922	-1000
923	-1000
924	-1000
925	-1000
926	-1000
927	-1000
928	-1000
929	-1000
930	-1000
931	-1000
932	-1000
933	-1000
934	-1000
935	-1000
936	-1000
937	-1000
938	-1000
939	-1000
940	-1000
941	-1000
942	-1000
943	-1000
944	-1000
945	-1000
946	-1000
947	-1000
948	-1000
949	-1000
950	-1000
951	-1000
952	-1000
953	-1000
954	-1000
955	-1000
956	-1000
957	-1000
958	-1000
959	-1000
960	-1000
961	-1000
962	-1000
963	-1000
964	-1000
965	-1000
966	-1000
967	-1000
968	-1000
969	-1000
970	-1000
971	-1000
972	-1000
973	-1000
974	-1000
975	-1000
976	-1000
977	-1000
978	-1000
979	-1000
980	-1000
981	-1000
982	-1000
983	-1000
984	-1000
985	-1000
986	-1000
987	-1000
988	-1000
989	-1000
990	-1000
991	-1000
992	-1000
993	-1000
994	-1000
995	-1000
996	-1000
997	-1000
998	-1000
999	-1000
1000	-1000
1001	-1000
1002	-1000
1003	-1000
1004	-1000
1005	-1000
1006	-1000
1007	-1000
1008	-1000
1009	-1000
1010	-1000
1011	-1000
1012	-1000
1013	-1000
1014	-1000
1015	-1000
1016	-1000
1017	-1000
1018	-1000
1019	-1000
1020	-1000
1021	-1000
1022	-1000
1023	-1000
1024	-1000
1025	-1000
1026	-1000
1027	-1000
1028	7
1029	7
1030	7
1031	7
1032	7
1033	7
1034	7
1035	7
1036	7
1037	7
1038	7
1039	7
1040	7
1041	7
1042	7
1043	7
1044	7
1045	7
1046	7
1047	7
1048	7
1049	7
1050	7
1051	7
1052	7
1053	7
1054	7
1055	7
1056	7
1057	7
1058	7
1059	7
1060	7
1061	7
1062	7
1063	7
1064	7
1065	7
1066	7
1067	7
1068	7
1069	7
1070	7
1071	7
1072	7
1073	7
1074	7
1075	7
1076	7
1077	7
1078	7
1079	7
1080	7
1081	7
1082	7
1083	7
1084	7
1085	7
1086	7
1087	7
1088	7
1089	7
1090	7
1091	7
1092	7
1093	7
1094	7
1095	7
1096	7
1097	7
1098	7
1099	7
1100	7
1101	7
1102	7
1103	7
1104	7
1105	7
1106	7
1107	7
1108	7
1109	7
1110	7
1111	7
1112	7
1113	7
1114	7
1115	7
1116	7
1117	7
1118	7
1119	7
1120	7
1121	7
1122	7
1123	7
1124	7
1125	7
1126	7
1127	7
1128	7
1129	7
1130	7
1131	7
1132	7
1133	7
1134	7
1135	7
1136	7
1137	7
1138	7
1139	7
1140	7
1141	7
1142	7
1143	7
1144	7
1145	7
1146	7
1147	7
1148	7
1149	7
1150	7
1151	7
1152	7
1153	7
1154	7
1155	7
1156	7
1157	7
1158	7
1159	7
1160	7
1161	7
1162	7
1163	7
1164	7
1165	7
1166	7
1167	7
1168	7
1169	7
1170	7
1171	7
1172	7
1173	7
1174	7
1175	7
1176	7
1177	7
1178	7
1179	7
1180	7
1181	7
1182	7
1183	7
1184	7
1185	7
1186	7
1187	7
1188	7
1189	7
1190	7
1191	7
1192	7
1193	7
1194	7
1195	7
1196	7
1197	7
1198	7
1199	7
1200	7
1201	7
1202	7
1203	7
1204	7
1205	7
1206	7
1207	7
1208	7
1209	7
1210	7
1211	7
1212	7
1213	7
1214	7
1215	7
1216	7
1217	7
1218	7
1219	7
1220	7
1221	7
1222	7
1223	7
1224	7
1225	7
1226	7
1227	7
1228	7
1229	7
1230	7
1231	7
1232	7
1233	7
1234	7
1235	7
1236	7
1237	7
1238	7
1239	7
1240	7
1241	7
1242	7
1243	7
1244	7
1245	7
1246	7
1247	7
1248	7
1249	7
1250	7
1251	7
1252	7
1253	7
1254	7
1255	7
1256	7
1257	7
1258	7
1259	7
1260	7
1261	7
1262	7
1263	7
1264	7
1265	7
1266	7
1267	7
1268	7
1269	7
1270	7
1271	7
1272	7
1273	7
1274	7
1275	7
1276	7
1277	7
1278	7
1279	7
1280	7
1281	7
1282	7
1283	7
1284	7
1285	7
1286	7
1287	7
1288	7
1289	7
1290	7
1291	7
1292	7
1293	7
1294	7
1295	7
1296	7
1297	7
1298	7
1299	7
1300	7
1301	7
1302	7
1303	7
1304	7
1305	7
1306	7
1307	7
1308	7
1309	7
1310	7
1311	7
1312	7
1313	7
1314	7
1315	7
1316	7
1317	7
1318	7
1319	7
1320	7
1321	7
1322	7
1323	7
1324	7
1325	7
1326	7
1327	7
1328	7
1329	7
1330	7
1331	7
1332	7
1333	7
1334	7
1335	7
1336	7
1337	7
1338	7
1339	7
1340	7
1341	7
1342	7
1343	7
1344	7
1345	7
1346	7
1347	7
1348	7
1349	7
1350	7
1351	7
1352	7
1353	7
1354	7
1355	7
1356	7
1357	7
1358	7
1359	7
1360	7
1361	7
1362	7
1363	7
1364	7
1365	7
1366	7
1367	7
1368	7
1369	7
1370	7
1371	7
1372	7
1373	7
1374	7
1375	7
1376	7
1377	7
1378	7
1379	-1000
1380	-1000
1381	-1000
1382	-1000
1383	-1000
1384	-1000
1385	-1000
1386	-1000
1387	-1000
1388	-1000
1389	-1000
1390	-1000
1391	-1000
1392	-1000
1393	-1000
1394	-1000
1395	-1000
1396	-1000
1397	-1000
1398	-1000
1399	-1000
1400	-1000
1401	-1000
1402	-1000
1403	2
1404	2
1405	2
1406	2
1407	2
1408	2
1409	2
1410	2
1411	2
1412	2
1413	2
1414	2
1415	2
1416	2
1417	2
1418	2
1419	2
1420	2
1421	2
1422	2
1423	2
1424	2
1425	2
1426	2
1427	2
1428	2
1429	2
1430	2
1431	2
1432	2
1433	2
1434	2
1435	2
1436	2
1437	2
1438	2
1439	2
1440	2
1441	2
1442	2
1443	2
1444	2
1445	2
1446	2
1447	2
1448	2
1449	2
1450	2
1451	2
1452	2
1453	2
1454	2
1455	2
1456	2
1457	2
1458	2
1459	2
1460	2
1461	2
1462	2
1463	2
1464	2
1465	2
1466	2
1467	2
1468	2
1469	2
1470	2
1471	2
1472	2
1473	2
1474	2
1475	2
1476	2
1477	2
1478	2
1479	2
1480	2
1481	2
1482	2
1483	2
1484	2
1485	2
1486	2
1487	2
1488	2
1489	2
1490	2
1491	2
1492	2
1493	2
1494	2
1495	2
1496	2
1497	2
1498	2
1499	2
1500	2
1501	2
1502	2
1503	2
1504	2
1505	2
1506	2
1507	2
1508	2
1509	2
1510	2
1511	2
1512	2
1513	2
1514	2
1515	2
1516	2
1517	2
1518	2
1519	2
1520	2
1521	2
1522	2
1523	2
1524	2
1525	2
1526	2
1527	2
1528	2
1529	2
1530	2
1531	2
1532	2
1533	2
1534	2
1535	2
1536	2
1537	2
1538	2
1539	2
1540	2
1541	2
1542	2
1543	2
1544	2
1545	2
1546	2
1547	2
1548	2
1549	2
1550	2
1551	2
1552	2
1553	2
1554	2
1555	2
1556	2
1557	2
1558	2
1559	2
1560	2
1561	2
1562	2
1563	2
1564	2
1565	2
1566	2
1567	2
1568	2
1569	2
1570	2
1571	2
1572	2
1573	2
1574	2
1575	2
1576	2
1577	2
1578	2
1579	2
1580	2
1581	2
1582	2
1583	2
1584	2
1585	2
1586	2
1587	2
1588	2
1589	2
1590	2
1591	2
1592	2
1593	2
1594	2
1595	2
1596	2
1597	2
1598	2
1599	2
1600	2
1601	2
1602	2
1603	2
1604	2
1605	2
1606	2
1607	2
1608	2
1609	2
1610	2
1611	2
1612	2
1613	2
1614	2
1615	2
1616	2
1617	2
1618	2
1619	2
1620	2
1621	2
1622	2
1623	2
1624	2
1625	2
1626	2
1627	2
1628	2
1629	2
1630	2
1631	2
1632	2
1633	2
1634	2
1635	2
1636	2
1637	2
1638	2
1639	2
1640	2
1641	2
1642	2
1643	2
1644	2
1645	2
1646	2
1647	2
1648	2
1649	2
1650	2
1651	2
1652	2
1653	2
1654	2
1655	2
1656	2
1657	2
1658	2
1659	2
1660	2
1661	2
1662	2
1663	2
1664	2
1665	2
1666	2
1667	2
1668	2
1669	2
1670	2
1671	2
1672	2
1673	2
1674	2
1675	2
1676	2
1677	2
1678	2
1679	2
1680	2
1681	2
1682	2
1683	2
1684	2
1685	2
1686	2
1687	2
1688	2
1689	2
1690	-1000
1691	-1000
1692	-1000
1693	-1000
1694	-1000
1695	-1000
1696	-1000
1697	-1000
1698	-1000
1699	-1000
1700	-1000
1701	-1000
1702	-1000
1703	-1000
1704	-1000
1705	-1000
1706	-1000
1707	-1000
1708	-1000
1709	-1000
1710	-1000
1711	-1000
1712	-1000
1713	-1000
1714	-1000
1715	-1000
1716	-1000
1717	-1000
1718	-1000
1719	-1000
1720	-1000
1721	-1000
1722	-1000
1723	-1000
1724	-1000
1725	-1000
1726	-1000
1727	-1000
1728	-1000
1729	-1000
1730	-1000
1731	-1000
1732	-1000
1733	-1000
1734	-1000
1735	-1000
1736	-1000
1737	-1000
1738	-1000
1739	-1000
1740	-1000
1741	-1000
1742	-1000
1743	-1000
1744	-1000
1745	-1000
1746	-1000
1747	-1000
1748	-1000
1749	-1000
1750	-1000
1751	-1000
1752	-1000
1753	-1000
1754	-1000
1755	-1000
1756	-1000
1757	-1000
1758	-1000
1759	-1000
1760	-1000
1761	-1000
1762	-1000
1763	-1000
1764	-1000
1765	-1000
1766	-1000
1767	-1000
1768	-1000
1769	-1000
1770	-1000
1771	-1000
1772	-1000
1773	-1000
1774	-1000
1775	-1000
1776	-1000
1777	-1000
1778	-1000
1779	-1000
1780	-1000
1781	-1000
1782	-1000
1783	-1000
1784	-1000
1785	-1000
1786	-1000
1787	-1000
1788	-1000
1789	-1000
1790	-1000
1791	-1000
1792	-1000
1793	-1000
1794	-1000
1795	-1000
1796	-1000
1797	-1000
1798	-1000
1799	-1000
1800	-1000
1801	-1000
1802	-1000
1803	-1000
1804	-1000
1805	-1000
1806	-1000
1807	-1000
1808	-1000
1809	-1000
1810	-1000
1811	-1000
1812	-1000
1813	-1000
1814	-1000
1815	-1000
1816	-1000
1817	-1000
1818	-1000
1819	-1000
1820	-1000
1821	-1000
1822	-1000
1823	-1000
1824	-1000
1825	-1000
1826	-1000
1827	-1000
1828	-1000
1829	-1000
1830	-1000
1831	-1000
1832	-1000
1833	-1000
1834	-1000
1835	-1000
1836	-1000
1837	-1000
1838	-1000
1839	-1000
1840	-1000
1841	-1000
1842	-1000
1843	-1000
1844	-1000
1845	-1000
1846	-1000
1847	-1000
1848	-1000
1849	-1000
1850	-1000
1851	-1000
1852	-1000
1853	-1000
1854	-1000
1855	-1000
1856	-1000
1857	-1000
1858	-1000
1859	-1000
1860	-1000
1861	-1000
1862	-1000
1863	-1000
1864	-1000
1865	-1000
1866	-1000
1867	-1000
1868	-1000
1869	-1000
1870	-1000
1871	-1000
1872	-1000
1873	-1000
1874	-1000
1875	-1000
1876	-1000
1877	-1000
1878	-1000
1879	-1000
1880	-1000
1881	-1000
1882	-1000
1883	-1000
1884	-1000
1885	-1000
1886	-1000
1887	-1000
1888	-1000
1889	-1000
1890	-1000
1891	-1000
1892	-1000
1893	-1000
1894	-1000
1895	-1000
1896	-1000
1897	-1000
1898	-1000
1899	-1000
1900	-1000
1901	-1000
1902	-1000
1903	-1000
1904	-1000
1905	-1000
1906	-1000
1907	-1000
1908	-1000
1909	-1000
1910	-1000
1911	-1000
1912	-1000
1913	-1000
1914	-1000
1915	-1000
1916	-1000
1917	-1000
1918	-1000
1919	-1000
1920	-1000
1921	-1000
1922	-1000
1923	-1000
1924	-1000
1925	-1000
1926	-1000
1927	-1000
1928	-1000
1929	-1000
1930	-1000
1931	-1000
1932	-1000
1933	-1000
1934	-1000
1935	-1000
1936	-1000
1937	-1000
1938	-1000
1939	-1000
1940	-1000
1941	-1000
1942	-1000
1943	-1000
1944	-1000
1945	-1000
1946	-1000
1947	-1000
1948	-1000
1949	-1000
1950	-1000
1951	-1000
1952	-1000
1953	-1000
1954	-1000
1955	-1000
1956	-1000
1957	-1000
1958	-1000
1959	-1000
1960	-1000
1961	-1000
1962	-1000
1963	-1000
1964	-1000
1965	-1000
1966	-1000
1967	-1000
1968	-1000
1969	-1000
1970	-1000
1971	-1000
1972	-1000
1973	-1000
1974	-1000
1975	-1000
1976	-1000
1977	-1000
1978	-1000
1979	-1000
1980	-1000
1981	-1000
1982	-1000
1983	-1000
1984	-1000
1985	-1000
1986	-1000
1987	-1000
1988	-1000
1989	-1000
1990	-1000
1991	-1000
1992	-1000
1993	-1000
1994	-1000
1995	-1000
1996	-1000
1997	-1000
1998	-1000
1999	-1000
2000	-1000
2001	-1000
2002	-1000
2003	-1000
2004	-1000
2005	-1000
2006	-1000
2007	-1000
2008	-1000
2009	-1000
2010	-1000
2011	-1000
2012	-1000
2013	-1000
2014	-1000
2015	-1000
2016	-1000
2017	-1000
2018	-1000
2019	-1000
2020	-1000
2021	-1000
2022	-1000
2023	-1000
2024	-1000
2025	-1000
2026	-1000
2027	-1000
2028	-1000
2029	-1000
2030	-1000
2031	-1000
2032	-1000
2033	-1000
2034	-1000
2035	-1000
2036	-1000
2037	-1000
2038	-1000
2039	-1000
2040	-1000
2041	-1000
2042	-1000
2043	-1000
2044	-1000
2045	-1000
2046	-1000
2047	-1000
2048	-1000
2049	-1000
2050	-1000
2051	-1000
2052	-1000
2053	-1000
2054	-1000
2055	-1000
2056	-1000
2057	-1000
2058	-1000
2059	-1000
2060	-1000
2061	-1000
2062	-1000
2063	-1000
2064	-1000
2065	-1000
2066	-1000
2067	-1000
2068	-1000
2069	-1000
2070	-1000
2071	-1000
2072	-1000
2073	-1000
2074	-1000
2075	-1000
2076	-1000
2077	-1000
2078	-1000
2079	-1000
2080	-1000
2081	-1000
2082	-1000
2083	-1000
2084	-1000
2085	-1000
2086	-1000
2087	-1000
2088	-1000
2089	-1000
2090	-1000
2091	-1000
2092	-1000
2093	-1000
2094	-1000
2095	-1000
2096	-1000
2097	-1000
2098	-1000
2099	-1000
2100	-1000
2101	-1000
2102	-1000
2103	-1000
2104	-1000
2105	-1000
2106	-1000
2107	-1000
2108	-1000
2109	-1000
2110	-1000
2111	-1000
2112	-1000
2113	-1000
2114	-1000
2115	-1000
2116	-1000
2117	-1000
2118	-1000
2119	-1000
2120	-1000
2121	-1000
2122	-1000
2123	-1000
2124	-1000
2125	-1000
2126	-1000
2127	-1000
2128	-1000
2129	-1000
2130	-1000
2131	-1000
2132	-1000
2133	-1000
2134	-1000
2135	-1000
2136	-1000
2137	-1000
2138	-1000
2139	-1000
2140	-1000
2141	-1000
2142	-1000
2143	-1000
2144	-1000
2145	-1000
2146	-1000
2147	-1000
2148	-1000
2149	-1000
2150	-1000
2151	-1000
2152	-1000
2153	-1000
2154	-1000
2155	-1000
2156	-1000
2157	-1000
2158	-1000
2159	-1000
2160	-1000
2161	-1000
2162	-1000
2163	-1000
2164	-1000
2165	-1000
2166	-1000
2167	-1000
2168	-1000
2169	-1000
2170	-1000
2171	-1000
2172	-1000
2173	-1000
2174	-1000
2175	-1000
2176	-1000
2177	-1000
2178	-1000
2179	-1000
2180	-1000
2181	-1000
2182	-1000
2183	-1000
2184	-1000
2185	-1000
2186	-1000
2187	-1000
2188	-1000
2189	-1000
2190	-1000
2191	-1000
2192	-1000
2193	-1000
2194	-1000
2195	-1000
2196	-1000
2197	-1000
2198	-1000
2199	-1000
2200	-1000
2201	-1000
2202	-1000
2203	-1000
2204	-1000
2205	-1000
2206	-1000
2207	-1000
2208	-1000
2209	-1000
2210	-1000
2211	-1000
2212	-1000
2213	-1000
2214	-1000
2215	-1000
2216	-1000
2217	-1000
2218	-1000
2219	-1000
2220	-1000
2221	-1000
2222	-1000
2223	-1000
2224	-1000
2225	-1000
2226	-1000
2227	-1000
2228	-1000
2229	-1000
2230	-1000
2231	-1000
2232	-1000
2233	-1000
2234	-1000
2235	-1000
2236	-1000
2237	-1000
2238	-1000
2239	-1000
2240	-1000
2241	-1000
2242	-1000
2243	-1000
2244	-1000
2245	-1000
2246	-1000
2247	-1000
2248	-1000
2249	-1000
2250	-1000
2251	-1000
2252	-1000
2253	-1000
2254	-1000
2255	-1000
2256	-1000
2257	-1000
2258	-1000
2259	-1000
2260	-1000
2261	-1000
2262	-1000
2263	-1000
2264	-1000
2265	-1000
2266	-1000
2267	-1000
2268	-1000
2269	-1000
2270	-1000
2271	-1000
2272	-1000
2273	-1000
2274	-1000
2275	-1000
2276	-1000
2277	-1000
2278	-1000
2279	-1000
2280	-1000
2281	-1000
2282	-1000
2283	-1000
2284	-1000
2285	-1000
2286	-1000
2287	-1000
2288	-1000
2289	-1000
2290	-1000
2291	-1000
2292	-1000
2293	-1000
2294	-1000
2295	-1000
2296	-1000
2297	-1000
2298	-1000
2299	-1000
2300	-1000
2301	-1000
2302	-1000
2303	-1000
2304	-1000
2305	-1000
2306	-1000
2307	-1000
2308	-1000
2309	-1000
2310	-1000
2311	-1000
2312	-1000
2313	-1000
2314	-1000
2315	-1000
2316	-1000
2317	-1000
2318	-1000
2319	-1000
2320	-1000
2321	-1000
2322	-1000
2323	-1000
2324	-1000
2325	-1000
2326	-1000
2327	-1000
2328	-1000
2329	-1000
2330	-1000
2331	-1000
2332	-1000
2333	-1000
2334	-1000
2335	-1000
2336	-1000
2337	-1000
2338	-1000
2339	-1000
2340	-1000
2341	-1000
2342	-1000
2343	-1000
2344	-1000
2345	-1000
2346	-1000
2347	-1000
2348	-1000
2349	-1000
2350	-1000
2351	-1000
2352	-1000
2353	-1000
2354	-1000
2355	-1000
2356	-1000
2357	-1000
2358	-1000
2359	-1000
2360	-1000
2361	-1000
2362	-1000
2363	-1000
2364	-1000
2365	-1000
2366	-1000
2367	-1000
2368	-1000
2369	-1000
2370	-1000
2371	-1000
2372	-1000
2373	-1000
2374	-1000
2375	-1000
2376	-1000
2377	-1000
2378	-1000
2379	-1000
2380	-1000
2381	-1000
2382	-1000
2383	-1000
2384	-1000
2385	-1000
2386	-1000
2387	-1000
2388	-1000
2389	-1000
2390	-1000
2391	-1000
2392	-1000
2393	-1000
2394	-1000
2395	-1000
2396	-1000
2397	-1000
2398	-1000
2399	-1000
2400	-1000
2401	-1000
2402	-1000
2403	-1000
2404	-1000
2405	-1000
2406	-1000
2407	-1000
2408	-1000
2409	-1000
2410	-1000
2411	-1000
2412	-1000
2413	-1000
2414	-1000
2415	-1000
2416	-1000
2417	-1000
2418	-1000
2419	-1000
2420	-1000
2421	-1000
2422	-1000
2423	-1000
2424	-1000
2425	-1000
2426	-1000
2427	-1000
2428	-1000
2429	-1000
2430	-1000
2431	-1000
2432	-1000
2433	-1000
2434	-1000
2435	-1000
2436	-1000
2437	-1000
2438	-1000
2439	-1000
2440	-1000
2441	-1000
2442	-1000
2443	-1000
2444	-1000
2445	-1000
2446	-1000
2447	-1000
2448	-1000
2449	-1000
2450	-1000
2451	-1000
2452	-1000
2453	-1000
2454	-1000
2455	-1000
2456	-1000
2457	-1000
2458	-1000
2459	-1000
2460	-1000
2461	-1000
2462	-1000
2463	-1000
2464	-1000
2465	-1000
2466	-1000
2467	-1000
2468	-1000
2469	-1000
2470	-1000
2471	-1000
2472	-1000
2473	-1000
2474	-1000
2475	-1000
2476	-1000
2477	-1000
2478	-1000
2479	-1000
2480	-1000
2481	-1000
2482	-1000
2483	-1000
2484	-1000
2485	-1000
2486	-1000
2487	-1000
2488	-1000
2489	-1000
2490	-1000
2491	-1000
2492	-1000
2493	-1000
2494	-1000
2495	-1000
2496	-1000
2497	-1000
2498	-1000
2499	-1000
2500	-1000
2501	-1000
2502	-1000
2503	-1000
2504	-1000
2505	-1000
2506	-1000
2507	-1000
2508	-1000
2509	-1000
2510	-1000
2511	-1000
2512	-1000
2513	-1000
2514	-1000
2515	-1000
2516	-1000
2517	-1000
2518	-1000
2519	-1000
2520	-1000
2521	-1000
2522	-1000
2523	-1000
2524	-1000
2525	-1000
2526	-1000
2527	-1000
2528	-1000
2529	-1000
2530	-1000
2531	-1000
2532	-1000
2533	-1000
2534	-1000
2535	-1000
2536	-1000
2537	-1000
2538	-1000
2539	-1000
2540	-1000
2541	-1000
2542	-1000
2543	-1000
2544	-1000
2545	-1000
2546	-1000
2547	-1000
2548	-1000
2549	-1000
2550	-1000
2551	-1000
2552	-1000
2553	-1000
2554	-1000
2555	-1000
2556	-1000
2557	-1000
2558	-1000
2559	-1000
2560	-1000
2561	-1000
2562	-1000
2563	-1000
2564	-1000
2565	-1000
2566	-1000
2567	-1000
2568	-1000
2569	-1000
2570	-1000
2571	-1000
2572	-1000
2573	-1000
2574	-1000
2575	-1000
2576	-1000
2577	-1000
2578	-1000
2579	-1000
2580	-1000
2581	-1000
2582	-1000
2583	-1000
2584	-1000
2585	-1000
2586	-1000
2587	-1000
2588	-1000
2589	-1000
2590	-1000
2591	-1000
2592	-1000
2593	-1000
2594	-1000
2595	-1000
2596	-1000
2597	-1000
2598	-1000
2599	-1000
2600	-1000
2601	-1000
2602	-1000
2603	-1000
2604	-1000
2605	-1000
2606	-1000
2607	-1000
2608	-1000
2609	-1000
2610	-1000
2611	-1000
2612	-1000
2613	-1000
2614	-1000
2615	-1000
2616	-1000
2617	-1000
2618	-1000
2619	-1000
2620	-1000
2621	-1000
2622	-1000
2623	-1000
2624	-1000
2625	-1000
2626	-1000
2627	-1000
2628	-1000
2629	-1000
2630	-1000
2631	-1000
2632	-1000
2633	-1000
2634	-1000
2635	-1000
2636	2
2637	2
2638	2
2639	2
2640	2
2641	2
2642	2
2643	2
2644	2
2645	2
2646	2
2647	2
2648	2
2649	2
2650	2
2651	2
2652	2
2653	2
2654	2
2655	2
2656	-1000
2657	-1000
2658	-1000
2659	-1000
2660	-1000
2661	-1000
2662	-1000
2663	-1000
2664	-1000
2665	-1000
2666	-1000
2667	-1000
2668	-1000
2669	-1000
2670	-1000
2671	-1000
2672	-1000
2673	-1000
2674	-1000
2675	-1000
2676	-1000
2677	-1000
2678	-1000
2679	-1000
2680	3
2681	3
2682	3
2683	3
2684	3
2685	3
2686	3
2687	3
2688	3
2689	3
2690	3
2691	3
2692	3
2693	3
2694	3
2695	3
2696	3
2697	3
2698	3
2699	3
2700	3
2701	3
2702	3
2703	3
2704	3
2705	3
2706	3
2707	3
2708	3
2709	3
2710	3
2711	3
2712	3
2713	3
2714	3
2715	3
2716	3
2717	3
2718	3
2719	3
2720	3
2721	3
2722	3
2723	3
2724	3
2725	3
2726	3
2727	3
2728	3
2729	3
2730	3
2731	3
2732	3
2733	3
2734	3
2735	3
2736	3
2737	3
2738	3
2739	3
2740	3
2741	3
2742	3
2743	3
2744	2
2745	2
2746	2
2747	2
2748	2
2749	2
2750	2
2751	2
2752	2
2753	2
2754	2
2755	2
2756	2
2757	2
2758	2
2759	2
2760	2
2761	2
2762	2
2763	2
2764	2
2765	2
2766	2
2767	2
2768	2
2769	2
2770	2
2771	2
2772	2
2773	2
2774	2
2775	2
2776	2
2777	2
2778	2
2779	2
2780	2
2781	2
2782	2
2783	2
2784	2
2785	2
2786	2
2787	2
2788	2
2789	2
2790	2
2791	2
2792	2
2793	2
2794	2
2795	2
2796	2
2797	2
2798	2
2799	2
2800	2
2801	2
2802	2
2803	2
2804	2
2805	2
2806	2
2807	2
2808	2
2809	2
2810	2
2811	2
2812	2
2813	2
2814	2
2815	2
2816	2
2817	2
2818	2
2819	2
2820	2
2821	2
2822	2
2823	2
2824	2
2825	2
2826	2
2827	2
2828	2
2829	2
2830	2
2831	2
2832	2
2833	2
2834	2
2835	2
2836	2
2837	2
2838	2
2839	2
2840	2
2841	2
2842	2
2843	2
2844	2
2845	2
2846	2
2847	2
2848	2
2849	2
2850	2
2851	2
2852	2
2853	2
2854	2
2855	2
2856	2
2857	2
2858	2
2859	2
2860	2
2861	2
2862	2
2863	2
2864	2
2865	2
2866	2
2867	2
2868	2
2869	2
2870	2
2871	2
2872	2
2873	2
2874	2
2875	2
2876	2
2877	2
2878	2
2879	2
2880	2
2881	2
2882	2
2883	2
2884	2
2885	2
2886	2
2887	2
2888	2
2889	2
2890	2
2891	2
2892	2
2893	2
2894	2
2895	2
2896	2
2897	2
2898	2
2899	2
2900	2
2901	2
2902	2
2903	2
2904	2
2905	2
2906	2
2907	2
2908	2
2909	2
2910	2
2911	2
2912	2
2913	2
2914	2
2915	2
2916	2
2917	2
2918	2
2919	2
2920	2
2921	2
2922	2
2923	2
2924	2
2925	2
2926	2
2927	2
2928	2
2929	2
2930	2
2931	2
2932	2
2933	2
2934	2
2935	2
2936	2
2937	2
2938	2
2939	2
2940	2
2941	2
2942	2
2943	2
2944	2
2945	2
2946	2
2947	2
2948	2
2949	2
2950	2
2951	2
2952	2
2953	2
2954	2
2955	2
2956	2
2957	2
2958	2
2959	2
2960	2
2961	2
2962	2
2963	2
2964	2
2965	2
2966	2
2967	2
2968	2
2969	2
2970	2
2971	2
2972	2
2973	2
2974	2
2975	2
2976	2
2977	2
2978	2
2979	2
2980	2
2981	2
2982	2
2983	2
2984	2
2985	2
2986	2
2987	2
2988	2
2989	2
2990	2
2991	2
2992	2
2993	2
2994	2
2995	2
2996	2
2997	2
2998	2
2999	2
3000	2
3001	2
3002	2
3003	2
3004	2
3005	2
3006	2
3007	2
3008	2
3009	2
3010	2
3011	2
3012	2
3013	2
3014	2
3015	2
3016	2
3017	2
3018	2
3019	2
3020	2
3021	2
3022	2
3023	2
3024	2
3025	2
3026	2
3027	2
3028	2
3029	2
3030	2
3031	2
3032	2
3033	2
3034	2
3035	2
3036	2
3037	2
3038	2
3039	2
3040	2
3041	2
3042	2
3043	2
3044	2
3045	2
3046	2
3047	2
3048	2
3049	2
3050	2
3051	2
3052	2
3053	2
3054	2
3055	2
3056	2
3057	2
3058	2
3059	2
3060	2
3061	2
3062	2
3063	2
3064	2
3065	2
3066	2
3067	2
3068	2
3069	2
3070	2
3071	2
3072	2
3073	2
3074	2
3075	2
3076	2
3077	2
3078	2
3079	2
3080	2
3081	2
3082	2
3083	2
3084	2
3085	2
3086	2
3087	2
3088	2
3089	2
3090	2
3091	2
3092	2
3093	2
3094	2
3095	2
3096	2
3097	2
3098	2
3099	2
3100	2
3101	2
3102	2
3103	2
3104	2
3105	2
3106	2
3107	2
3108	2
3109	2
3110	2
3111	2
3112	2
3113	2
3114	2
3115	2
3116	2
3117	2
3118	2
3119	2
3120	2
3121	2
3122	2
3123	2
3124	2
3125	2
3126	2
3127	2
3128	2
3129	2
3130	2
3131	2
3132	2
3133	2
3134	2
3135	2
3136	2
3137	2
3138	2
3139	2
3140	2
3141	2
3142	2
3143	2
3144	2
3145	2
3146	2
3147	2
3148	2
3149	2
3150	2
3151	2
3152	2
3153	2
3154	2
3155	2
3156	2
3157	2
3158	2
3159	2
3160	2
3161	2
3162	2
3163	2
3164	2
3165	2
3166	2
3167	2
3168	2
3169	2
3170	2
3171	2
3172	2
3173	2
3174	2
3175	2
3176	2
3177	2
3178	2
3179	2
3180	2
3181	2
3182	2
3183	2
3184	2
3185	2
3186	2
3187	2
3188	2
3189	2
3190	2
3191	2
3192	2
3193	2
3194	2
3195	2
3196	2
3197	2
3198	2
3199	2
3200	2
3201	2
3202	2
3203	2
3204	2
3205	2
3206	2
3207	2
3208	2
3209	2
3210	2
3211	2
3212	2
3213	2
3214	2
3215	2
3216	2
3217	2
3218	2
3219	2
3220	2
3221	2
3222	2
3223	2
3224	2
3225	2
3226	2
3227	2
3228	2
3229	2
3230	2
3231	2
3232	2
3233	2
3234	2
3235	2
3236	2
3237	2
3238	2
3239	2
3240	2
3241	2
3242	2
3243	2
3244	2
3245	2
3246	2
3247	2
3248	2
3249	2
3250	2
3251	2
3252	2
3253	2
3254	2
3255	2
3256	2
3257	2
3258	2
3259	2
3260	2
3261	2
3262	2
3263	2
3264	2
3265	2
3266	2
3267	2
3268	2
3269	2
3270	2
3271	2
3272	2
3273	2
3274	2
3275	2
3276	2
3277	2
3278	2
3279	2
3280	2
3281	2
3282	2
3283	2
3284	2
3285	2
3286	2
3287	2
3288	2
3289	2
3290	2
3291	2
3292	2
3293	2
3294	2
3295	2
3296	2
3297	2
3298	2
3299	2
3300	2
3301	2
3302	2
3303	2
3304	2
3305	2
3306	2
3307	2
3308	2
3309	2
3310	2
3311	2
3312	2
3313	2
3314	2
3315	2
3316	2
3317	2
3318	2
3319	2
3320	2
3321	2
3322	2
3323	2
3324	2
3325	2
3326	2
3327	2
3328	2
3329	2
3330	2
3331	2
3332	2
3333	2
3334	2
3335	2
3336	2
3337	2
3338	2
3339	2
3340	2
3341	2
3342	2
3343	2
3344	2
3345	2
3346	2
3347	2
3348	2
3349	2
3350	2
3351	2
3352	2
3353	2
3354	2
3355	2
3356	2
3357	2
3358	2
3359	2
3360	2
3361	2
3362	2
3363	2
3364	2
3365	2
3366	2
3367	2
3368	2
3369	2
3370	2
3371	2
3372	2
3373	2
3374	2
3375	2
3376	2
3377	2
3378	2
3379	2
3380	2
3381	2
3382	2
3383	2
3384	2
3385	2
3386	2
3387	2
3388	2
3389	2
3390	2
3391	2
3392	2
3393	2
3394	2
3395	2
3396	2
3397	2
3398	2
3399	2
3400	2
3401	2
3402	2
3403	2
3404	2
3405	2
3406	2
3407	2
3408	2
3409	2
3410	2
3411	2
3412	2
3413	2
3414	2
3415	2
3416	2
3417	2
3418	2
3419	2
3420	2
3421	2
3422	2
3423	2
3424	2
3425	2
3426	2
3427	2
3428	2
3429	2
3430	2
3431	2
3432	2
3433	2
3434	2
3435	2
3436	2
3437	2
3438	2
3439	2
3440	2
3441	2
3442	2
3443	2
3444	2
3445	2
3446	2
3447	2
3448	2
3449	2
3450	2
3451	2
3452	2
3453	2
3454	2
3455	2
3456	2
3457	2
3458	2
3459	2
3460	2
3461	2
3462	2
3463	2
3464	2
3465	2
3466	2
3467	2
3468	2
3469	2
3470	2
3471	2
3472	2
3473	2
3474	2
3475	2
3476	2
3477	2
3478	2
3479	2
3480	2
3481	2
3482	2
3483	2
3484	2
3485	2
3486	2
3487	2
3488	2
3489	2
3490	2
3491	2
3492	2
3493	2
3494	2
3495	2
3496	2
3497	2
3498	2
3499	2
3500	2
3501	2
3502	2
3503	2
3504	2
3505	2
3506	2
3507	2
3508	2
3509	2
3510	2
3511	2
3512	2
3513	2
3514	2
3515	2
3516	2
3517	2
3518	2
3519	2
3520	2
3521	2
3522	2
3523	2
3524	2
3525	2
3526	2
3527	2
3528	2
3529	2
3530	2
3531	2
3532	2
3533	2
3534	2
3535	2
3536	2
3537	2
3538	2
3539	2
3540	2
3541	2
3542	2
3543	2
3544	2
3545	2
3546	2
3547	2
3548	2
3549	2
3550	2
3551	2
3552	2
3553	2
3554	2
3555	2
3556	2
3557	2
3558	2
3559	2
3560	2
3561	2
3562	2
3563	2
3564	2
3565	2
3566	2
3567	2
3568	2
3569	2
3570	2
3571	2
3572	2
3573	2
3574	2
3575	2
3576	2
3577	2
3578	2
3579	2
3580	2
3581	2
3582	2
3583	2
3584	2
3585	2
3586	2
3587	2
3588	2
3589	2
3590	2
3591	2
3592	2
3593	2
3594	2
3595	2
3596	2
3597	2
3598	2
3599	2
3600	2
3601	2
3602	2
3603	2
3604	2
3605	2
3606	2
3607	2
3608	2
3609	2
3610	2
3611	2
3612	2
3613	2
3614	2
3615	2
3616	2
3617	2
3618	2
3619	2
3620	2
3621	2
3622	2
3623	2
3624	2
3625	2
3626	2
3627	2
3628	2
3629	2
3630	2
3631	2
3632	2
3633	2
3634	2
3635	2
3636	2
3637	2
3638	2
3639	2
3640	2
3641	2
3642	2
3643	2
3644	2
3645	2
3646	2
3647	2
3648	2
3649	2
3650	2
3651	2
3652	2
3653	2
3654	2
3655	2
3656	2
3657	2
3658	2
3659	2
3660	2
3661	2
3662	2
3663	2
3664	2
3665	2
3666	2
3667	2
3668	2
3669	2
3670	2
3671	2
3672	2
3673	2
3674	2
3675	2
3676	2
3677	2
3678	2
3679	2
3680	2
3681	2
3682	2
3683	2
3684	2
3685	2
3686	2
3687	2
3688	2
3689	2
3690	2
3691	2
3692	2
3693	2
3694	2
3695	2
3696	2
3697	2
3698	2
3699	2
3700	2
3701	2
3702	2
3703	2
3704	2
3705	2
3706	2
3707	2
3708	2
3709	2
3710	2
3711	2
3712	2
3713	2
3714	2
3715	2
3716	2
3717	2
3718	2
3719	2
3720	2
3721	2
3722	2
3723	2
3724	2
3725	2
3726	2
3727	2
3728	2
3729	2
3730	2
3731	2
3732	2
3733	2
3734	2
3735	2
3736	2
3737	2
3738	2
3739	2
3740	2
3741	2
3742	2
3743	2
3744	2
3745	2
3746	2
3747	2
3748	2
3749	2
3750	2
3751	2
3752	2
3753	2
3754	2
3755	2
3756	2
3757	2
3758	2
3759	2
3760	2
3761	2
3762	2
3763	2
3764	2
3765	2
3766	2
3767	2
3768	2
3769	2
3770	2
3771	2
3772	2
3773	2
3774	2
3775	2
3776	2
3777	2
3778	2
3779	2
3780	2
3781	2
3782	2
3783	2
3784	2
3785	2
3786	2
3787	2
3788	2
3789	2
3790	2
3791	2
3792	2
3793	2
3794	2
3795	2
3796	2
3797	2
3798	2
3799	2
3800	2
3801	2
3802	2
3803	2
3804	2
3805	2
3806	2
3807	2
3808	2
3809	2
3810	2
3811	2
3812	2
3813	2
3814	2
3815	2
3816	2
3817	2
3818	2
3819	2
3820	2
3821	2
3822	2
3823	2
3824	2
3825	2
3826	2
3827	2
3828	2
3829	2
3830	2
3831	2
3832	2
3833	2
3834	2
3835	3
3836	3
3837	3
3838	3
3839	3
3840	3
3841	3
3842	3
3843	3
3844	3
3845	3
3846	3
3847	3
3848	3
3849	3
3850	3
3851	3
3852	3
3853	3
3854	3
3855	3
3856	3
3857	3
3858	3
3859	3
3860	3
3861	3
3862	3
3863	3
3864	3
3865	3
3866	3
3867	3
3868	3
3869	3
3870	3
3871	3
3872	3
3873	3
3874	3
3875	3
3876	3
3877	3
3878	3
3879	3
3880	3
3881	3
3882	3
3883	3
3884	3
3885	3
3886	3
3887	3
3888	3
3889	3
3890	3
3891	3
3892	3
3893	3
3894	3
3895	3
3896	3
3897	3
3898	3
3899	3
3900	3
3901	3
3902	3
3903	3
3904	3
3905	3
3906	3
3907	3
3908	3
3909	3
3910	3
3911	3
3912	3
3913	3
3914	3
3915	3
3916	3
3917	3
3918	3
3919	3
3920	3
3921	3
3922	3
3923	3
3924	3
3925	3
3926	3
3927	3
3928	3
3929	3
3930	3
3931	3
3932	3
3933	3
3934	3
3935	3
3936	3
3937	3
3938	3
3939	3
3940	3
3941	3
3942	3
3943	3
3944	3
3945	3
3946	3
3947	3
3948	3
3949	3
3950	3
3951	3
3952	3
3953	3
3954	3
3955	3
3956	3
3957	3
3958	3
3959	3
3960	3
3961	3
3962	3
3963	3
3964	3
3965	3
3966	3
3967	3
3968	3
3969	3
3970	3
3971	3
3972	3
3973	3
3974	3
3975	3
3976	3
3977	3
3978	3
3979	3
3980	3
3981	3
3982	3
3983	3
3984	3
3985	3
3986	3
3987	3
3988	3
3989	3
3990	3
3991	3
3992	3
3993	3
3994	3
3995	3
3996	3
3997	3
3998	3
3999	3
4000	3
4001	3
4002	3
4003	3
4004	3
4005	3
4006	3
4007	3
4008	3
4009	3
4010	3
4011	3
4012	3
4013	3
4014	3
4015	3
4016	3
4017	3
4018	3
4019	3
4020	3
4021	3
4022	3
4023	3
4024	3
4025	3
4026	3
4027	3
4028	3
4029	3
4030	3
4031	3
4032	3
4033	3
4034	3
4035	3
4036	3
4037	3
4038	3
4039	3
4040	3
4041	3
4042	3
4043	3
4044	3
4045	3
4046	3
4047	3
4048	3
4049	3
4050	3
4051	3
4052	3
4053	3
4054	3
4055	3
4056	3
4057	3
4058	3
4059	3
4060	3
4061	3
4062	3
4063	3
4064	3
4065	3
4066	3
4067	3
4068	3
4069	3
4070	3
4071	3
4072	3
4073	3
4074	3
4075	3
4076	3
4077	3
4078	3
4079	3
4080	3
4081	3
4082	3
4083	3
4084	3
4085	3
4086	3
4087	3
4088	3
4089	3
4090	3
4091	3
4092	3
4093	3
4094	3
4095	3
4096	3
4097	3
4098	3
4099	3
4100	3
4101	3
4102	3
4103	3
4104	3
4105	3
4106	3
4107	3
4108	3
4109	3
4110	3
4111	3
4112	3
4113	3
4114	3
4115	3
4116	3
4117	3
4118	3
4119	3
4120	3
4121	3
4122	3
4123	3
4124	3
4125	3
4126	3
4127	3
4128	3
4129	3
4130	3
4131	3
4132	3
4133	3
4134	3
4135	3
4136	3
4137	3
4138	3
4139	3
4140	3
4141	3
4142	3
4143	3
4144	3
4145	3
4146	3
4147	3
4148	3
4149	3
4150	3
4151	3
4152	3
4153	3
4154	3
4155	3
4156	3
4157	3
4158	3
4159	3
4160	3
4161	3
4162	3
4163	3
4164	3
4165	3
4166	3
4167	3
4168	3
4169	3
4170	3
4171	3
4172	3
4173	3
4174	3
4175	3
4176	3
4177	3
4178	3
4179	3
4180	3
4181	3
4182	3
4183	3
4184	3
4185	3
4186	3
4187	3
4188	3
4189	3
4190	3
4191	3
4192	3
4193	3
4194	3
4195	3
4196	3
4197	3
4198	3
4199	3
4200	3
4201	3
4202	3
4203	3
4204	3
4205	3
4206	3
4207	3
4208	3
4209	3
4210	3
4211	3
4212	3
4213	3
4214	3
4215	3
4216	3
4217	3
4218	3
4219	3
4220	3
4221	3
4222	3
4223	3
4224	3
4225	3
4226	3
4227	3
4228	3
4229	3
4230	3
4231	3
4232	3
4233	3
4234	3
4235	3
4236	3
4237	3
4238	3
4239	3
4240	3
4241	3
4242	3
4243	3
4244	3
4245	3
4246	3
4247	3
4248	3
4249	3
4250	3
4251	3
4252	3
4253	3
4254	3
4255	3
4256	3
4257	3
4258	3
4259	3
4260	3
4261	3
4262	3
4263	3
4264	3
4265	3
4266	3
4267	3
4268	3
4269	3
4270	3
4271	3
4272	3
4273	3
4274	3
4275	3
4276	3
4277	3
4278	3
4279	3
4280	3
4281	3
4282	3
4283	3
4284	3
4285	3
4286	3
4287	3
4288	3
4289	3
4290	3
4291	3
4292	3
4293	3
4294	3
4295	3
4296	3
4297	3
4298	3
4299	3
4300	3
4301	3
4302	3
4303	3
4304	3
4305	3
4306	3
4307	3
4308	3
4309	3
4310	3
4311	3
4312	3
4313	3
4314	3
4315	3
4316	3
4317	3
4318	3
4319	3
4320	3
4321	3
4322	3
4323	3
4324	3
4325	3
4326	3
4327	3
4328	3
4329	3
4330	3
4331	3
4332	3
4333	3
4334	3
4335	3
4336	3
4337	-1000
4338	-1000
4339	-1000
4340	-1000
4341	-1000
4342	-1000
4343	-1000
4344	-1000
4345	-1000
4346	-1000
4347	-1000
4348	-1000
4349	-1000
4350	-1000
4351	-1000
4352	-1000
4353	-1000
4354	-1000
4355	-1000
4356	-1000
4357	-1000
4358	-1000
4359	-1000
4360	-1000
4361	-1000
4362	-1000
4363	-1000
4364	-1000
4365	-1000
4366	-1000
4367	-1000
4368	-1000
4369	-1000
4370	-1000
4371	-1000
4372	-1000
4373	-1000
4374	-1000
4375	-1000
4376	-1000
4377	-1000
4378	-1000
4379	-1000
4380	-1000
4381	-1000
4382	-1000
4383	-1000
4384	-1000
4385	-1000
4386	-1000
4387	-1000
4388	-1000
4389	-1000
4390	-1000
4391	-1000
4392	-1000
4393	-1000
4394	-1000
4395	-1000
4396	-1000
4397	-1000
4398	-1000
4399	-1000
4400	-1000
4401	-1000
4402	-1000
4403	-1000
4404	-1000
4405	-1000
4406	-1000
4407	-1000
4408	-1000
4409	-1000
4410	-1000
4411	-1000
4412	-1000
4413	-1000
4414	-1000
4415	-1000
4416	-1000
4417	-1000
4418	-1000
4419	-1000
4420	-1000
4421	-1000
4422	-1000
4423	-1000
4424	-1000
4425	-1000
4426	-1000
4427	-1000
4428	-1000
4429	-1000
4430	-1000
4431	-1000
4432	-1000
4433	-1000
4434	-1000
4435	-1000
4436	-1000
4437	-1000
4438	-1000
4439	-1000
4440	-1000
4441	-1000
4442	-1000
4443	-1000
4444	-1000
4445	-1000
4446	-1000
4447	-1000
4448	-1000
4449	-1000
4450	-1000
4451	-1000
4452	-1000
4453	-1000
4454	-1000
4455	-1000
4456	-1000
4457	-1000
4458	-1000
4459	-1000
4460	-1000
4461	-1000
4462	-1000
4463	-1000
4464	-1000
4465	-1000
4466	-1000
4467	-1000
4468	-1000
4469	-1000
4470	-1000
4471	-1000
4472	-1000
4473	-1000
4474	-1000
4475	-1000
4476	-1000
4477	-1000
4478	-1000
4479	-1000
4480	-1000
4481	-1000
4482	-1000
4483	-1000
4484	-1000
4485	-1000
4486	-1000
4487	-1000
4488	-1000
4489	-1000
4490	-1000
4491	-1000
4492	-1000
4493	-1000
4494	-1000
4495	-1000
4496	-1000
4497	-1000
4498	-1000
4499	-1000
4500	-1000
4501	-1000
4502	-1000
4503	-1000
4504	-1000
4505	-1000
4506	-1000
4507	-1000
4508	-1000
4509	-1000
4510	-1000
4511	-1000
4512	-1000
4513	-1000
4514	-1000
4515	-1000
4516	-1000
4517	-1000
4518	-1000
4519	-1000
4520	-1000
4521	-1000
4522	-1000
4523	-1000
4524	-1000
4525	-1000
4526	-1000
4527	-1000
4528	-1000
4529	-1000
4530	-1000
4531	-1000
4532	-1000
4533	-1000
4534	-1000
4535	-1000
4536	-1000
4537	-1000
4538	-1000
4539	-1000
4540	-1000
4541	-1000
4542	-1000
4543	-1000
4544	-1000
4545	-1000
4546	-1000
4547	-1000
4548	-1000
4549	-1000
4550	-1000
4551	-1000
4552	-1000
4553	-1000
4554	-1000
4555	-1000
4556	-1000
4557	-1000
4558	-1000
4559	-1000
4560	-1000
4561	-1000
4562	-1000
4563	-1000
4564	-1000
4565	-1000
4566	-1000
4567	-1000
4568	-1000
4569	-1000
4570	-1000
4571	-1000
4572	-1000
4573	-1000
4574	-1000
4575	-1000
4576	-1000
4577	-1000
4578	-1000
4579	-1000
4580	-1000
4581	-1000
4582	-1000
4583	-1000
4584	-1000
4585	-1000
4586	-1000
4587	-1000
4588	-1000
4589	-1000
4590	-1000
4591	-1000
4592	-1000
4593	-1000
4594	-1000
4595	-1000
4596	-1000
4597	-1000
4598	-1000
4599	-1000
4600	-1000
4601	-1000
4602	-1000
4603	-1000
4604	-1000
4605	-1000
4606	-1000
4607	-1000
4608	-1000
4609	-1000
4610	-1000
4611	-1000
4612	-1000
4613	-1000
4614	-1000
4615	-1000
4616	-1000
4617	-1000
4618	-1000
4619	-1000
4620	-1000
4621	-1000
4622	-1000
4623	-1000
4624	-1000
4625	-1000
4626	-1000
4627	-1000
4628	-1000
4629	-1000
4630	-1000
4631	-1000
4632	-1000
4633	-1000
4634	-1000
4635	-1000
4636	-1000
4637	-1000
4638	-1000
4639	-1000
4640	-1000
4641	-1000
4642	-1000
4643	-1000
4644	-1000
4645	-1000
4646	-1000
4647	-1000
4648	-1000
4649	-1000
4650	-1000
4651	-1000
4652	-1000
4653	-1000
4654	-1000
4655	-1000
4656	-1000
4657	-1000
4658	-1000
4659	-1000
4660	-1000
4661	-1000
4662	-1000
4663	-1000
4664	-1000
4665	-1000
4666	-1000
4667	-1000
4668	-1000
4669	-1000
4670	-1000
4671	-1000
4672	-1000
4673	-1000
4674	-1000
4675	-1000
4676	-1000
4677	-1000
4678	-1000
4679	-1000
4680	-1000
4681	-1000
4682	-1000
4683	-1000
4684	-1000
4685	-1000
4686	-1000
4687	-1000
4688	-1000
4689	-1000
4690	-1000
4691	-1000
4692	-1000
4693	-1000
4694	-1000
4695	-1000
4696	-1000
4697	-1000
4698	-1000
4699	-1000
4700	-1000
4701	-1000
4702	-1000
4703	-1000
4704	-1000
4705	-1000
4706	-1000
4707	-1000
4708	-1000
4709	-1000
4710	-1000
4711	-1000
4712	-1000
4713	-1000
4714	-1000
4715	-1000
4716	-1000
4717	-1000
4718	-1000
4719	-1000
4720	-1000
4721	-1000
4722	-1000
4723	-1000
4724	-1000
4725	-1000
4726	-1000
4727	-1000
4728	-1000
4729	-1000
4730	-1000
4731	-1000
4732	-1000
4733	-1000
4734	-1000
4735	-1000
4736	-1000
4737	-1000
4738	-1000
4739	-1000
4740	-1000
4741	-1000
4742	-1000
4743	-1000
4744	-1000
4745	-1000
4746	-1000
4747	-1000
4748	-1000
4749	-1000
4750	-1000
4751	-1000
4752	-1000
4753	-1000
4754	-1000
4755	-1000
4756	-1000
4757	-1000
4758	-1000
4759	-1000
4760	-1000
4761	-1000
4762	-1000
4763	-1000
4764	-1000
4765	-1000
4766	-1000
4767	-1000
4768	-1000
4769	-1000
4770	-1000
4771	-1000
4772	-1000
4773	-1000
4774	-1000
4775	-1000
4776	-1000
4777	-1000
4778	-1000
4779	-1000
4780	-1000
4781	-1000
4782	-1000
4783	-1000
4784	-1000
4785	-1000
4786	-1000
4787	-1000
4788	-1000
4789	-1000
4790	-1000
4791	-1000
4792	-1000
4793	-1000
4794	-1000
4795	-1000
4796	-1000
4797	-1000
4798	-1000
4799	-1000
4800	-1000
4801	-1000
4802	-1000
4803	-1000
4804	-1000
4805	-1000
4806	-1000
4807	-1000
4808	-1000
4809	-1000
4810	-1000
4811	-1000
4812	-1000
4813	-1000
4814	-1000
4815	-1000
4816	-1000
4817	-1000
4818	-1000
4819	-1000
4820	-1000
4821	-1000
4822	-1000
4823	-1000
4824	-1000
4825	-1000
4826	-1000
4827	-1000
4828	-1000
4829	-1000
4830	-1000
4831	-1000
4832	-1000
4833	-1000
4834	-1000
4835	-1000
4836	-1000
4837	-1000
4838	-1000
4839	-1000
4840	-1000
4841	-1000
4842	-1000
4843	-1000
4844	-1000
4845	-1000
4846	-1000
4847	-1000
4848	-1000
4849	-1000
4850	-1000
4851	-1000
4852	-1000
4853	-1000
4854	-1000
4855	-1000
4856	-1000
4857	-1000
4858	-1000
4859	-1000
4860	-1000
4861	-1000
4862	-1000
4863	-1000
4864	-1000
4865	-1000
4866	-1000
4867	-1000
4868	-1000
4869	-1000
4870	-1000
4871	-1000
4872	-1000
4873	-1000
4874	-1000
4875	-1000
4876	-1000
4877	-1000
4878	-1000
4879	-1000
4880	-1000
4881	-1000
4882	-1000
4883	-1000
4884	-1000
4885	-1000
4886	-1000
4887	-1000
4888	-1000
4889	-1000
4890	-1000
4891	-1000
4892	-1000
4893	-1000
4894	-1000
4895	-1000
4896	-1000
4897	-1000
4898	-1000
4899	-1000
4900	-1000
4901	-1000
4902	-1000
4903	-1000
4904	-1000
4905	-1000
4906	-1000
4907	-1000
4908	-1000
4909	-1000
4910	-1000
4911	-1000
4912	-1000
4913	-1000
4914	-1000
4915	-1000
4916	-1000
4917	-1000
4918	-1000
4919	-1000
4920	-1000
4921	-1000
4922	-1000
4923	-1000
4924	-1000
4925	-1000
4926	-1000
4927	-1000
4928	-1000
4929	-1000
4930	-1000
4931	-1000
4932	-1000
4933	-1000
4934	-1000
4935	-1000
4936	-1000
4937	-1000
4938	-1000
4939	-1000
4940	-1000
4941	-1000
4942	-1000
4943	-1000
4944	-1000
4945	-1000
4946	-1000
4947	-1000
4948	-1000
4949	-1000
4950	-1000
4951	-1000
4952	-1000
4953	-1000
4954	-1000
4955	-1000
4956	-1000
4957	-1000
4958	-1000
4959	-1000
4960	-1000
4961	-1000
4962	-1000
4963	-1000
4964	-1000
4965	-1000
4966	-1000
4967	-1000
4968	-1000
4969	-1000
4970	-1000
4971	-1000
4972	-1000
4973	-1000
4974	-1000
4975	-1000
4976	-1000
4977	-1000
4978	-1000
4979	-1000
4980	-1000
4981	-1000
4982	-1000
4983	-1000
4984	-1000
4985	-1000
4986	-1000
4987	-1000
4988	-1000
4989	-1000
4990	-1000
4991	-1000
4992	-1000
4993	-1000
4994	-1000
4995	-1000
4996	-1000
4997	-1000
4998	-1000
4999	-1000
5000	-1000
5001	-1000
5002	-1000
5003	-1000
5004	-1000
5005	-1000
5006	-1000
5007	-1000
5008	-1000
5009	-1000
5010	-1000
5011	-1000
5012	-1000
5013	-1000
5014	-1000
5015	-1000
5016	-1000
5017	-1000
5018	-1000
5019	-1000
5020	-1000
5021	-1000
5022	-1000
5023	-1000
5024	-1000
5025	-1000
5026	-1000
5027	-1000
5028	-1000
5029	-1000
5030	-1000
5031	-1000
5032	-1000
5033	-1000
5034	-1000
5035	-1000
5036	-1000
5037	-1000
5038	-1000
5039	-1000
5040	-1000
5041	-1000
5042	-1000
5043	-1000
5044	-1000
5045	-1000
5046	-1000
5047	-1000
5048	-1000
5049	-1000
5050	-1000
5051	-1000
5052	-1000
5053	-1000
5054	-1000
5055	-1000
5056	-1000
5057	-1000
5058	-1000
5059	-1000
5060	-1000
5061	-1000
5062	-1000
5063	-1000
5064	-1000
5065	-1000
5066	-1000
5067	-1000
5068	-1000
5069	-1000
5070	-1000
5071	-1000
5072	-1000
5073	-1000
5074	-1000
5075	-1000
5076	-1000
5077	-1000
5078	-1000
5079	-1000
5080	-1000
5081	-1000
5082	-1000
5083	-1000
5084	-1000
5085	-1000
5086	-1000
5087	-1000
5088	-1000
5089	-1000
5090	-1000
5091	-1000
5092	-1000
5093	-1000
5094	-1000
5095	-1000
5096	-1000
5097	-1000
5098	-1000
5099	-1000
5100	-1000
5101	-1000
5102	-1000
5103	-1000
5104	-1000
5105	-1000
5106	-1000
5107	-1000
5108	-1000
5109	-1000
5110	-1000
5111	-1000
5112	-1000
5113	-1000
5114	-1000
5115	-1000
5116	-1000
5117	-1000
5118	-1000
5119	-1000
5120	-1000
5121	-1000
5122	-1000
5123	-1000
5124	-1000
5125	-1000
5126	-1000
5127	-1000
5128	-1000
5129	-1000
5130	-1000
5131	-1000
5132	-1000
5133	-1000
5134	-1000
5135	-1000
5136	-1000
5137	-1000
5138	-1000
5139	-1000
5140	-1000
5141	-1000
5142	-1000
5143	-1000
5144	-1000
5145	-1000
5146	-1000
5147	-1000
5148	-1000
5149	-1000
5150	-1000
5151	-1000
5152	-1000
5153	-1000
5154	-1000
5155	-1000
5156	-1000
5157	-1000
5158	-1000
5159	-1000
5160	-1000
5161	-1000
5162	-1000
5163	-1000
5164	-1000
5165	-1000
5166	-1000
5167	-1000
5168	-1000
5169	-1000
5170	-1000
5171	-1000
5172	-1000
5173	-1000
5174	-1000
5175	-1000
5176	-1000
5177	-1000
5178	-1000
5179	-1000
5180	-1000
5181	-1000
5182	-1000
5183	-1000
5184	-1000
5185	-1000
5186	-1000
5187	-1000
5188	-1000
5189	-1000
5190	-1000
