0	-1000
1	-1000
2	-1000
3	-1000
4	-1000
5	-1000
6	-1000
7	-1000
8	-1000
9	-1000
10	-1000
11	-1000
12	-1000
13	-1000
14	-1000
15	-1000
16	-1000
17	-1000
18	-1000
19	-1000
20	-1000
21	-1000
22	-1000
23	-1000
24	-1000
25	-1000
26	-1000
27	-1000
28	-1000
29	-1000
30	-1000
31	-1000
32	-1000
33	-1000
34	-1000
35	-1000
36	-1000
37	-1000
38	-1000
39	-1000
40	-1000
41	-1000
42	-1000
43	-1000
44	-1000
45	-1000
46	-1000
47	-1000
48	-1000
49	-1000
50	-1000
51	-1000
52	-1000
53	-1000
54	-1000
55	-1000
56	-1000
57	-1000
58	-1000
59	-1000
60	-1000
61	-1000
62	-1000
63	-1000
64	-1000
65	-1000
66	-1000
67	-1000
68	-1000
69	-1000
70	-1000
71	-1000
72	-1000
73	-1000
74	-1000
75	-1000
76	-1000
77	-1000
78	-1000
79	-1000
80	-1000
81	-1000
82	-1000
83	-1000
84	-1000
85	-1000
86	-1000
87	-1000
88	-1000
89	-1000
90	-1000
91	-1000
92	-1000
93	-1000
94	-1000
95	-1000
96	-1000
97	-1000
98	-1000
99	-1000
100	-1000
101	-1000
102	-1000
103	-1000
104	-1000
105	-1000
106	-1000
107	-1000
108	-1000
109	-1000
110	-1000
111	-1000
112	-1000
113	-1000
114	-1000
115	-1000
116	-1000
117	-1000
118	-1000
119	-1000
120	-1000
121	-1000
122	-1000
123	-1000
124	-1000
125	-1000
126	-1000
127	-1000
128	-1000
129	-1000
130	-1000
131	-1000
132	-1000
133	-1000
134	-1000
135	-1000
136	-1000
137	-1000
138	-1000
139	-1000
140	-1000
141	-1000
142	-1000
143	-1000
144	-1000
145	-1000
146	-1000
147	-1000
148	-1000
149	-1000
150	-1000
151	-1000
152	-1000
153	-1000
154	-1000
155	-1000
156	-1000
157	-1000
158	-1000
159	-1000
160	-1000
161	-1000
162	-1000
163	-1000
164	-1000
165	-1000
166	-1000
167	-1000
168	-1000
169	-1000
170	-1000
171	-1000
172	-1000
173	-1000
174	-1000
175	-1000
176	-1000
177	-1000
178	-1000
179	-1000
180	-1000
181	-1000
182	-1000
183	-1000
184	-1000
185	-1000
186	-1000
187	-1000
188	-1000
189	-1000
190	-1000
191	-1000
192	-1000
193	-1000
194	-1000
195	-1000
196	-1000
197	-1000
198	-1000
199	-1000
200	-1000
201	-1000
202	-1000
203	-1000
204	-1000
205	-1000
206	-1000
207	-1000
208	-1000
209	-1000
210	-1000
211	-1000
212	-1000
213	-1000
214	-1000
215	-1000
216	-1000
217	-1000
218	-1000
219	-1000
220	-1000
221	-1000
222	-1000
223	-1000
224	-1000
225	-1000
226	-1000
227	-1000
228	-1000
229	-1000
230	-1000
231	-1000
232	-1000
233	-1000
234	-1000
235	-1000
236	-1000
237	-1000
238	-1000
239	-1000
240	-1000
241	-1000
242	-1000
243	-1000
244	-1000
245	-1000
246	-1000
247	-1000
248	-1000
249	-1000
250	-1000
251	-1000
252	-1000
253	-1000
254	-1000
255	-1000
256	-1000
257	-1000
258	-1000
259	-1000
260	-1000
261	-1000
262	-1000
263	-1000
264	-1000
265	-1000
266	-1000
267	-1000
268	-1000
269	-1000
270	-1000
271	-1000
272	-1000
273	-1000
274	-1000
275	-1000
276	-1000
277	-1000
278	-1000
279	-1000
280	-1000
281	-1000
282	-1000
283	-1000
284	-1000
285	-1000
286	-1000
287	-1000
288	-1000
289	-1000
290	-1000
291	-1000
292	-1000
293	-1000
294	-1000
295	-1000
296	-1000
297	-1000
298	-1000
299	-1000
300	-1000
301	-1000
302	-1000
303	-1000
304	-1000
305	-1000
306	-1000
307	-1000
308	-1000
309	-1000
310	-1000
311	-1000
312	-1000
313	-1000
314	-1000
315	-1000
316	-1000
317	-1000
318	-1000
319	-1000
320	-1000
321	-1000
322	-1000
323	-1000
324	-1000
325	-1000
326	-1000
327	-1000
328	-1000
329	-1000
330	-1000
331	-1000
332	-1000
333	-1000
334	-1000
335	-1000
336	-1000
337	-1000
338	-1000
339	-1000
340	-1000
341	-1000
342	-1000
343	-1000
344	-1000
345	-1000
346	-1000
347	-1000
348	-1000
349	-1000
350	-1000
351	-1000
352	-1000
353	-1000
354	-1000
355	-1000
356	-1000
357	-1000
358	-1000
359	-1000
360	-1000
361	-1000
362	-1000
363	-1000
364	-1000
365	-1000
366	-1000
367	-1000
368	-1000
369	-1000
370	-1000
371	-1000
372	-1000
373	-1000
374	-1000
375	-1000
376	-1000
377	-1000
378	-1000
379	-1000
380	-1000
381	-1000
382	-1000
383	-1000
384	-1000
385	-1000
386	-1000
387	-1000
388	-1000
389	-1000
390	-1000
391	-1000
392	-1000
393	-1000
394	-1000
395	-1000
396	-1000
397	-1000
398	-1000
399	-1000
400	-1000
401	-1000
402	-1000
403	-1000
404	-1000
405	-1000
406	-1000
407	-1000
408	-1000
409	-1000
410	-1000
411	-1000
412	-1000
413	-1000
414	-1000
415	-1000
416	-1000
417	-1000
418	-1000
419	-1000
420	-1000
421	-1000
422	-1000
423	-1000
424	-1000
425	-1000
426	-1000
427	-1000
428	-1000
429	-1000
430	-1000
431	-1000
432	-1000
433	-1000
434	-1000
435	-1000
436	-1000
437	-1000
438	-1000
439	-1000
440	-1000
441	-1000
442	-1000
443	-1000
444	-1000
445	-1000
446	-1000
447	-1000
448	-1000
449	-1000
450	-1000
451	-1000
452	-1000
453	-1000
454	-1000
455	-1000
456	-1000
457	-1000
458	-1000
459	-1000
460	-1000
461	-1000
462	-1000
463	-1000
464	-1000
465	-1000
466	-1000
467	-1000
468	-1000
469	-1000
470	-1000
471	-1000
472	-1000
473	-1000
474	-1000
475	-1000
476	-1000
477	-1000
478	-1000
479	-1000
480	-1000
481	-1000
482	-1000
483	-1000
484	-1000
485	-1000
486	-1000
487	-1000
488	-1000
489	-1000
490	-1000
491	-1000
492	-1000
493	-1000
494	-1000
495	-1000
496	-1000
497	-1000
498	-1000
499	-1000
500	-1000
501	-1000
502	-1000
503	-1000
504	-1000
505	-1000
506	-1000
507	-1000
508	-1000
509	-1000
510	-1000
511	-1000
512	-1000
513	-1000
514	-1000
515	-1000
516	-1000
517	-1000
518	-1000
519	-1000
520	-1000
521	-1000
522	-1000
523	-1000
524	-1000
525	-1000
526	-1000
527	-1000
528	-1000
529	-1000
530	-1000
531	-1000
532	-1000
533	-1000
534	-1000
535	-1000
536	-1000
537	-1000
538	-1000
539	-1000
540	-1000
541	-1000
542	-1000
543	-1000
544	-1000
545	-1000
546	-1000
547	-1000
548	-1000
549	-1000
550	-1000
551	-1000
552	-1000
553	-1000
554	-1000
555	-1000
556	-1000
557	-1000
558	-1000
559	-1000
560	-1000
561	-1000
562	-1000
563	-1000
564	-1000
565	-1000
566	-1000
567	-1000
568	-1000
569	-1000
570	-1000
571	-1000
572	-1000
573	-1000
574	-1000
575	-1000
576	-1000
577	-1000
578	-1000
579	-1000
580	-1000
581	-1000
582	-1000
583	-1000
584	-1000
585	-1000
586	-1000
587	-1000
588	-1000
589	-1000
590	-1000
591	-1000
592	-1000
593	-1000
594	-1000
595	-1000
596	-1000
597	-1000
598	-1000
599	-1000
600	-1000
601	-1000
602	-1000
603	-1000
604	-1000
605	-1000
606	-1000
607	-1000
608	-1000
609	-1000
610	-1000
611	-1000
612	-1000
613	-1000
614	-1000
615	-1000
616	-1000
617	-1000
618	-1000
619	-1000
620	-1000
621	-1000
622	-1000
623	-1000
624	-1000
625	-1000
626	-1000
627	-1000
628	-1000
629	-1000
630	-1000
631	-1000
632	-1000
633	-1000
634	-1000
635	-1000
636	-1000
637	-1000
638	-1000
639	-1000
640	-1000
641	-1000
642	-1000
643	-1000
644	-1000
645	-1000
646	-1000
647	-1000
648	-1000
649	-1000
650	-1000
651	-1000
652	-1000
653	-1000
654	-1000
655	-1000
656	-1000
657	-1000
658	-1000
659	-1000
660	-1000
661	-1000
662	-1000
663	-1000
664	-1000
665	-1000
666	-1000
667	-1000
668	-1000
669	-1000
670	-1000
671	-1000
672	-1000
673	-1000
674	-1000
675	-1000
676	-1000
677	-1000
678	-1000
679	-1000
680	-1000
681	-1000
682	-1000
683	-1000
684	-1000
685	-1000
686	-1000
687	-1000
688	-1000
689	-1000
690	-1000
691	-1000
692	-1000
693	-1000
694	-1000
695	-1000
696	-1000
697	-1000
698	-1000
699	-1000
700	-1000
701	-1000
702	-1000
703	-1000
704	-1000
705	-1000
706	-1000
707	-1000
708	-1000
709	-1000
710	-1000
711	-1000
712	-1000
713	-1000
714	-1000
715	-1000
716	-1000
717	-1000
718	-1000
719	-1000
720	-1000
721	-1000
722	-1000
723	-1000
724	-1000
725	-1000
726	-1000
727	-1000
728	-1000
729	-1000
730	-1000
731	-1000
732	-1000
733	-1000
734	-1000
735	-1000
736	-1000
737	-1000
738	-1000
739	-1000
740	-1000
741	-1000
742	-1000
743	-1000
744	-1000
745	-1000
746	-1000
747	-1000
748	-1000
749	-1000
750	-1000
751	-1000
752	-1000
753	-1000
754	-1000
755	-1000
756	-1000
757	-1000
758	-1000
759	-1000
760	-1000
761	-1000
762	-1000
763	-1000
764	-1000
765	-1000
766	-1000
767	-1000
768	-1000
769	-1000
770	-1000
771	-1000
772	-1000
773	-1000
774	-1000
775	-1000
776	-1000
777	-1000
778	-1000
779	-1000
780	-1000
781	-1000
782	-1000
783	-1000
784	-1000
785	-1000
786	-1000
787	-1000
788	-1000
789	-1000
790	-1000
791	-1000
792	-1000
793	-1000
794	-1000
795	-1000
796	-1000
797	-1000
798	-1000
799	-1000
800	-1000
801	-1000
802	-1000
803	-1000
804	-1000
805	-1000
806	-1000
807	-1000
808	-1000
809	-1000
810	-1000
811	-1000
812	-1000
813	-1000
814	-1000
815	-1000
816	-1000
817	-1000
818	-1000
819	-1000
820	-1000
821	-1000
822	-1000
823	-1000
824	-1000
825	-1000
826	-1000
827	-1000
828	-1000
829	-1000
830	-1000
831	-1000
832	-1000
833	-1000
834	-1000
835	-1000
836	-1000
837	-1000
838	-1000
839	-1000
840	-1000
841	-1000
842	-1000
843	-1000
844	-1000
845	-1000
846	-1000
847	-1000
848	-1000
849	-1000
850	-1000
851	-1000
852	-1000
853	-1000
854	-1000
855	-1000
856	-1000
857	-1000
858	-1000
859	-1000
860	-1000
861	-1000
862	-1000
863	-1000
864	-1000
865	-1000
866	-1000
867	-1000
868	-1000
869	-1000
870	-1000
871	-1000
872	-1000
873	-1000
874	-1000
875	-1000
876	-1000
877	-1000
878	-1000
879	-1000
880	-1000
881	-1000
882	-1000
883	-1000
884	-1000
885	-1000
886	-1000
887	-1000
888	-1000
889	-1000
890	-1000
891	-1000
892	-1000
893	-1000
894	-1000
895	-1000
896	-1000
897	-1000
898	-1000
899	-1000
900	-1000
901	-1000
902	-1000
903	-1000
904	-1000
905	-1000
906	-1000
907	-1000
908	-1000
909	-1000
910	-1000
911	-1000
912	-1000
913	-1000
914	-1000
915	-1000
916	-1000
917	-1000
918	-1000
919	-1000
920	-1000
921	-1000
922	-1000
923	-1000
924	-1000
925	-1000
926	-1000
927	-1000
928	-1000
929	-1000
930	-1000
931	-1000
932	-1000
933	-1000
934	-1000
935	-1000
936	-1000
937	-1000
938	-1000
939	-1000
940	-1000
941	-1000
942	-1000
943	-1000
944	-1000
945	-1000
946	-1000
947	-1000
948	-1000
949	-1000
950	-1000
951	-1000
952	-1000
953	-1000
954	-1000
955	-1000
956	-1000
957	-1000
958	-1000
959	-1000
960	-1000
961	-1000
962	-1000
963	-1000
964	-1000
965	-1000
966	-1000
967	-1000
968	-1000
969	-1000
970	-1000
971	-1000
972	-1000
973	-1000
974	-1000
975	-1000
976	-1000
977	-1000
978	-1000
979	-1000
980	-1000
981	-1000
982	-1000
983	-1000
984	-1000
985	-1000
986	-1000
987	-1000
988	-1000
989	-1000
990	-1000
991	-1000
992	-1000
993	-1000
994	-1000
995	-1000
996	-1000
997	-1000
998	-1000
999	-1000
1000	-1000
1001	-1000
1002	-1000
1003	-1000
1004	-1000
1005	-1000
1006	-1000
1007	-1000
1008	-1000
1009	-1000
1010	-1000
1011	-1000
1012	-1000
1013	-1000
1014	-1000
1015	-1000
1016	-1000
1017	-1000
1018	-1000
1019	-1000
1020	-1000
1021	-1000
1022	-1000
1023	-1000
1024	-1000
1025	-1000
1026	-1000
1027	-1000
1028	-1000
1029	-1000
1030	-1000
1031	-1000
1032	-1000
1033	-1000
1034	-1000
1035	-1000
1036	-1000
1037	-1000
1038	-1000
1039	-1000
1040	-1000
1041	-1000
1042	-1000
1043	-1000
1044	-1000
1045	-1000
1046	-1000
1047	-1000
1048	-1000
1049	-1000
1050	-1000
1051	-1000
1052	-1000
1053	-1000
1054	-1000
1055	-1000
1056	-1000
1057	-1000
1058	-1000
1059	-1000
1060	-1000
1061	-1000
1062	-1000
1063	-1000
1064	-1000
1065	-1000
1066	-1000
1067	-1000
1068	-1000
1069	-1000
1070	-1000
1071	-1000
1072	-1000
1073	-1000
1074	-1000
1075	-1000
1076	-1000
1077	6
1078	6
1079	6
1080	6
1081	6
1082	6
1083	6
1084	6
1085	6
1086	6
1087	6
1088	6
1089	6
1090	6
1091	6
1092	6
1093	6
1094	6
1095	6
1096	6
1097	6
1098	6
1099	6
1100	6
1101	6
1102	6
1103	6
1104	6
1105	6
1106	6
1107	6
1108	6
1109	6
1110	6
1111	6
1112	6
1113	6
1114	6
1115	6
1116	6
1117	6
1118	6
1119	6
1120	6
1121	6
1122	6
1123	6
1124	6
1125	6
1126	6
1127	6
1128	6
1129	6
1130	6
1131	6
1132	6
1133	6
1134	6
1135	6
1136	6
1137	6
1138	6
1139	6
1140	6
1141	6
1142	6
1143	6
1144	6
1145	6
1146	6
1147	6
1148	6
1149	6
1150	6
1151	6
1152	6
1153	6
1154	6
1155	6
1156	6
1157	6
1158	6
1159	6
1160	6
1161	6
1162	6
1163	6
1164	6
1165	6
1166	6
1167	6
1168	6
1169	6
1170	6
1171	6
1172	6
1173	6
1174	6
1175	6
1176	6
1177	6
1178	6
1179	6
1180	6
1181	6
1182	6
1183	6
1184	6
1185	6
1186	6
1187	6
1188	6
1189	6
1190	6
1191	6
1192	6
1193	6
1194	6
1195	6
1196	6
1197	6
1198	6
1199	6
1200	6
1201	6
1202	6
1203	6
1204	6
1205	6
1206	6
1207	6
1208	6
1209	6
1210	6
1211	6
1212	6
1213	6
1214	6
1215	6
1216	6
1217	6
1218	6
1219	6
1220	6
1221	6
1222	6
1223	6
1224	6
1225	6
1226	6
1227	6
1228	6
1229	6
1230	6
1231	6
1232	6
1233	6
1234	6
1235	6
1236	6
1237	6
1238	6
1239	6
1240	6
1241	6
1242	6
1243	6
1244	6
1245	6
1246	6
1247	6
1248	6
1249	6
1250	6
1251	6
1252	6
1253	6
1254	6
1255	6
1256	6
1257	6
1258	6
1259	6
1260	6
1261	6
1262	6
1263	6
1264	6
1265	6
1266	6
1267	6
1268	6
1269	6
1270	6
1271	6
1272	6
1273	6
1274	6
1275	6
1276	6
1277	6
1278	6
1279	6
1280	6
1281	6
1282	6
1283	6
1284	6
1285	6
1286	6
1287	6
1288	6
1289	6
1290	6
1291	6
1292	6
1293	6
1294	6
1295	6
1296	6
1297	6
1298	6
1299	6
1300	6
1301	6
1302	6
1303	6
1304	6
1305	6
1306	6
1307	6
1308	6
1309	6
1310	6
1311	6
1312	6
1313	6
1314	6
1315	6
1316	6
1317	6
1318	6
1319	6
1320	6
1321	6
1322	6
1323	6
1324	6
1325	6
1326	6
1327	6
1328	6
1329	6
1330	6
1331	6
1332	6
1333	6
1334	6
1335	6
1336	6
1337	6
1338	6
1339	6
1340	6
1341	6
1342	6
1343	6
1344	6
1345	6
1346	6
1347	6
1348	6
1349	6
1350	6
1351	6
1352	6
1353	6
1354	6
1355	6
1356	6
1357	6
1358	6
1359	6
1360	6
1361	6
1362	6
1363	6
1364	6
1365	6
1366	6
1367	6
1368	6
1369	6
1370	6
1371	6
1372	6
1373	6
1374	6
1375	6
1376	6
1377	6
1378	6
1379	6
1380	6
1381	6
1382	6
1383	6
1384	6
1385	6
1386	6
1387	6
1388	6
1389	6
1390	6
1391	6
1392	6
1393	6
1394	6
1395	6
1396	6
1397	6
1398	6
1399	6
1400	6
1401	6
1402	6
1403	6
1404	6
1405	6
1406	6
1407	6
1408	6
1409	6
1410	6
1411	6
1412	6
1413	6
1414	6
1415	6
1416	6
1417	6
1418	6
1419	6
1420	6
1421	6
1422	6
1423	6
1424	6
1425	6
1426	6
1427	6
1428	6
1429	6
1430	6
1431	6
1432	6
1433	6
1434	6
1435	6
1436	6
1437	6
1438	6
1439	6
1440	6
1441	6
1442	6
1443	6
1444	6
1445	6
1446	6
1447	6
1448	6
1449	6
1450	6
1451	6
1452	6
1453	6
1454	6
1455	6
1456	6
1457	6
1458	6
1459	6
1460	6
1461	6
1462	6
1463	6
1464	6
1465	6
1466	6
1467	6
1468	6
1469	6
1470	6
1471	6
1472	6
1473	6
1474	6
1475	6
1476	6
1477	6
1478	6
1479	6
1480	6
1481	6
1482	6
1483	6
1484	6
1485	6
1486	6
1487	6
1488	6
1489	6
1490	6
1491	6
1492	6
1493	6
1494	6
1495	6
1496	6
1497	6
1498	6
1499	6
1500	6
1501	6
1502	6
1503	6
1504	6
1505	6
1506	6
1507	6
1508	6
1509	6
1510	6
1511	6
1512	6
1513	6
1514	6
1515	6
1516	6
1517	6
1518	6
1519	6
1520	6
1521	6
1522	6
1523	6
1524	6
1525	6
1526	6
1527	6
1528	6
1529	6
1530	6
1531	6
1532	6
1533	6
1534	6
1535	6
1536	6
1537	6
1538	6
1539	6
1540	6
1541	6
1542	6
1543	6
1544	6
1545	6
1546	6
1547	6
1548	6
1549	6
1550	6
1551	6
1552	6
1553	6
1554	6
1555	6
1556	6
1557	6
1558	6
1559	6
1560	6
1561	6
1562	6
1563	6
1564	6
1565	6
1566	6
1567	6
1568	6
1569	6
1570	6
1571	6
1572	6
1573	6
1574	6
1575	6
1576	6
1577	6
1578	6
1579	6
1580	6
1581	6
1582	6
1583	6
1584	6
1585	6
1586	6
1587	6
1588	6
1589	6
1590	6
1591	6
1592	6
1593	6
1594	6
1595	6
1596	6
1597	6
1598	6
1599	6
1600	6
1601	6
1602	6
1603	6
1604	6
1605	6
1606	6
1607	6
1608	6
1609	6
1610	6
1611	6
1612	6
1613	6
1614	6
1615	6
1616	6
1617	6
1618	6
1619	6
1620	6
1621	6
1622	6
1623	6
1624	6
1625	6
1626	6
1627	6
1628	6
1629	6
1630	6
1631	6
1632	6
1633	6
1634	6
1635	6
1636	6
1637	6
1638	6
1639	6
1640	6
1641	6
1642	6
1643	6
1644	6
1645	6
1646	6
1647	6
1648	6
1649	6
1650	6
1651	6
1652	6
1653	6
1654	6
1655	6
1656	6
1657	6
1658	6
1659	6
1660	6
1661	6
1662	6
1663	6
1664	6
1665	6
1666	6
1667	6
1668	6
1669	6
1670	6
1671	6
1672	6
1673	6
1674	6
1675	6
1676	6
1677	6
1678	6
1679	6
1680	6
1681	6
1682	6
1683	6
1684	6
1685	6
1686	6
1687	6
1688	6
1689	6
1690	6
1691	6
1692	6
1693	6
1694	6
1695	6
1696	6
1697	6
1698	6
1699	6
1700	6
1701	6
1702	6
1703	6
1704	6
1705	6
1706	6
1707	6
1708	6
1709	6
1710	6
1711	6
1712	6
1713	6
1714	6
1715	6
1716	6
1717	6
1718	6
1719	6
1720	6
1721	6
1722	6
1723	6
1724	6
1725	6
1726	6
1727	6
1728	6
1729	6
1730	6
1731	6
1732	6
1733	6
1734	6
1735	6
1736	6
1737	6
1738	6
1739	6
1740	6
1741	6
1742	6
1743	6
1744	6
1745	6
1746	6
1747	6
1748	6
1749	6
1750	6
1751	6
1752	6
1753	6
1754	6
1755	6
1756	6
1757	6
1758	6
1759	6
1760	6
1761	6
1762	6
1763	6
1764	6
1765	6
1766	6
1767	6
1768	6
1769	6
1770	6
1771	6
1772	6
1773	6
1774	6
1775	6
1776	6
1777	6
1778	6
1779	6
1780	6
1781	6
1782	6
1783	6
1784	6
1785	6
1786	6
1787	6
1788	6
1789	6
1790	6
1791	6
1792	6
1793	6
1794	6
1795	6
1796	6
1797	6
1798	6
1799	6
1800	6
1801	6
1802	6
1803	6
1804	6
1805	6
1806	6
1807	6
1808	6
1809	6
1810	6
1811	6
1812	6
1813	6
1814	6
1815	6
1816	6
1817	6
1818	6
1819	6
1820	6
1821	6
1822	6
1823	6
1824	6
1825	6
1826	6
1827	6
1828	6
1829	6
1830	6
1831	6
1832	6
1833	6
1834	6
1835	6
1836	6
1837	6
1838	6
1839	6
1840	6
1841	6
1842	6
1843	6
1844	6
1845	6
1846	6
1847	6
1848	6
1849	6
1850	6
1851	6
1852	6
1853	6
1854	6
1855	6
1856	6
1857	6
1858	6
1859	6
1860	6
1861	6
1862	6
1863	6
1864	6
1865	6
1866	6
1867	6
1868	6
1869	6
1870	6
1871	6
1872	6
1873	6
1874	6
1875	6
1876	6
1877	6
1878	6
1879	6
1880	6
1881	6
1882	6
1883	6
1884	6
1885	6
1886	6
1887	6
1888	6
1889	6
1890	6
1891	6
1892	6
1893	6
1894	6
1895	6
1896	6
1897	6
1898	6
1899	6
1900	6
1901	6
1902	6
1903	6
1904	6
1905	6
1906	6
1907	6
1908	6
1909	6
1910	6
1911	6
1912	6
1913	6
1914	6
1915	6
1916	6
1917	6
1918	6
1919	6
1920	6
1921	6
1922	6
1923	6
1924	6
1925	6
1926	6
1927	6
1928	6
1929	6
1930	6
1931	6
1932	6
1933	6
1934	6
1935	6
1936	6
1937	6
1938	6
1939	6
1940	6
1941	6
1942	6
1943	6
1944	6
1945	6
1946	6
1947	6
1948	6
1949	6
1950	6
1951	6
1952	6
1953	6
1954	6
1955	6
1956	6
1957	6
1958	6
1959	6
1960	6
1961	6
1962	6
1963	6
1964	6
1965	6
1966	6
1967	6
1968	6
1969	6
1970	6
1971	6
1972	6
1973	6
1974	6
1975	6
1976	6
1977	6
1978	6
1979	6
1980	6
1981	6
1982	6
1983	6
1984	6
1985	6
1986	6
1987	6
1988	6
1989	6
1990	6
1991	6
1992	6
1993	6
1994	6
1995	6
1996	6
1997	6
1998	6
1999	6
2000	6
2001	6
2002	6
2003	6
2004	6
2005	6
2006	6
2007	6
2008	6
2009	6
2010	6
2011	6
2012	6
2013	6
2014	6
2015	6
2016	6
2017	6
2018	6
2019	6
2020	6
2021	6
2022	6
2023	6
2024	6
2025	6
2026	6
2027	6
2028	6
2029	6
2030	6
2031	6
2032	6
2033	6
2034	6
2035	6
2036	6
2037	6
2038	6
2039	6
2040	6
2041	6
2042	6
2043	6
2044	6
2045	6
2046	6
2047	6
2048	6
2049	6
2050	6
2051	6
2052	6
2053	6
2054	6
2055	6
2056	6
2057	6
2058	6
2059	6
2060	6
2061	6
2062	6
2063	6
2064	6
2065	6
2066	6
2067	6
2068	6
2069	6
2070	6
2071	6
2072	6
2073	6
2074	6
2075	6
2076	6
2077	6
2078	6
2079	6
2080	6
2081	6
2082	6
2083	6
2084	6
2085	6
2086	6
2087	6
2088	6
2089	6
2090	6
2091	6
2092	6
2093	6
2094	6
2095	6
2096	6
2097	6
2098	6
2099	6
2100	6
2101	6
2102	6
2103	6
2104	6
2105	6
2106	6
2107	6
2108	6
2109	6
2110	6
2111	6
2112	6
2113	6
2114	6
2115	6
2116	6
2117	6
2118	6
2119	6
2120	6
2121	6
2122	6
2123	6
2124	6
2125	6
2126	6
2127	6
2128	6
2129	6
2130	6
2131	6
2132	6
2133	6
2134	6
2135	6
2136	6
2137	6
2138	6
2139	6
2140	6
2141	6
2142	6
2143	6
2144	6
2145	6
2146	6
2147	6
2148	6
2149	6
2150	6
2151	6
2152	6
2153	6
2154	6
2155	6
2156	6
2157	6
2158	6
2159	6
2160	6
2161	6
2162	6
2163	6
2164	6
2165	6
2166	6
2167	6
2168	6
2169	6
2170	6
2171	6
2172	6
2173	6
2174	6
2175	6
2176	6
2177	6
2178	6
2179	6
2180	6
2181	6
2182	6
2183	6
2184	6
2185	6
2186	6
2187	6
2188	6
2189	6
2190	6
2191	6
2192	6
2193	6
2194	6
2195	6
2196	6
2197	6
2198	6
2199	6
2200	6
2201	6
2202	6
2203	6
2204	6
2205	6
2206	6
2207	6
2208	6
2209	6
2210	6
2211	6
2212	6
2213	6
2214	6
2215	6
2216	6
2217	6
2218	6
2219	6
2220	6
2221	6
2222	6
2223	6
2224	6
2225	6
2226	6
2227	6
2228	6
2229	6
2230	6
2231	6
2232	6
2233	6
2234	6
2235	6
2236	6
2237	6
2238	6
2239	6
2240	6
2241	6
2242	6
2243	6
2244	6
2245	6
2246	6
2247	6
2248	6
2249	6
2250	6
2251	6
2252	6
2253	6
2254	6
2255	6
2256	6
2257	6
2258	6
2259	6
2260	6
2261	6
2262	6
2263	6
2264	6
2265	6
2266	6
2267	6
2268	6
2269	6
2270	6
2271	6
2272	6
2273	6
2274	6
2275	6
2276	6
2277	6
2278	6
2279	6
2280	6
2281	6
2282	6
2283	6
2284	6
2285	6
2286	6
2287	6
2288	6
2289	6
2290	6
2291	6
2292	6
2293	6
2294	6
2295	6
2296	6
2297	6
2298	6
2299	6
2300	6
2301	6
2302	6
2303	6
2304	6
2305	6
2306	6
2307	6
2308	6
2309	6
2310	6
2311	6
2312	6
2313	6
2314	6
2315	6
2316	6
2317	6
2318	6
2319	6
2320	6
2321	6
2322	6
2323	6
2324	6
2325	6
2326	6
2327	6
2328	6
2329	6
2330	6
2331	6
2332	6
2333	6
2334	6
2335	6
2336	6
2337	6
2338	6
2339	6
2340	6
2341	6
2342	6
2343	6
2344	6
2345	6
2346	6
2347	6
2348	6
2349	6
2350	6
2351	6
2352	6
2353	6
2354	6
2355	6
2356	6
2357	6
2358	6
2359	6
2360	6
2361	6
2362	6
2363	6
2364	6
2365	6
2366	6
2367	6
2368	6
2369	6
2370	6
2371	6
2372	6
2373	6
2374	6
2375	6
2376	6
2377	6
2378	6
2379	6
2380	6
2381	6
2382	6
2383	6
2384	6
2385	6
2386	6
2387	6
2388	6
2389	6
2390	6
2391	6
2392	6
2393	6
2394	6
2395	6
2396	6
2397	6
2398	6
2399	6
2400	6
2401	6
2402	6
2403	6
2404	6
2405	6
2406	6
2407	6
2408	6
2409	6
2410	6
2411	6
2412	6
2413	6
2414	6
2415	6
2416	6
2417	6
2418	6
2419	6
2420	6
2421	6
2422	6
2423	6
2424	6
2425	6
2426	6
2427	6
2428	6
2429	6
2430	6
2431	6
2432	6
2433	6
2434	6
2435	6
2436	6
2437	6
2438	6
2439	6
2440	6
2441	6
2442	6
2443	6
2444	6
2445	6
2446	6
2447	6
2448	6
2449	6
2450	6
2451	6
2452	6
2453	6
2454	6
2455	6
2456	6
2457	6
2458	6
2459	6
2460	6
2461	6
2462	6
2463	6
2464	6
2465	6
2466	6
2467	6
2468	6
2469	6
2470	6
2471	6
2472	6
2473	6
2474	6
2475	6
2476	6
2477	6
2478	6
2479	6
2480	6
2481	6
2482	6
2483	6
2484	6
2485	6
2486	6
2487	6
2488	6
2489	6
2490	6
2491	6
2492	6
2493	6
2494	6
2495	6
2496	6
2497	6
2498	6
2499	6
2500	6
2501	6
2502	6
2503	6
2504	6
2505	6
2506	6
2507	6
2508	6
2509	6
2510	6
2511	6
2512	6
2513	6
2514	6
2515	6
2516	6
2517	6
2518	6
2519	6
2520	6
2521	6
2522	6
2523	6
2524	6
2525	6
2526	6
2527	6
2528	6
2529	6
2530	6
2531	6
2532	6
2533	6
2534	6
2535	6
2536	6
2537	6
2538	6
2539	6
2540	6
2541	6
2542	6
2543	6
2544	6
2545	6
2546	6
2547	6
2548	6
2549	6
2550	6
2551	6
2552	6
2553	6
2554	6
2555	6
2556	6
2557	6
2558	6
2559	6
2560	6
2561	6
2562	6
2563	6
2564	6
2565	6
2566	6
2567	6
2568	6
2569	6
2570	6
2571	6
2572	6
2573	6
2574	6
2575	6
2576	6
2577	6
2578	6
2579	6
2580	6
2581	6
2582	6
2583	6
2584	6
2585	6
2586	6
2587	6
2588	6
2589	6
2590	6
2591	6
2592	6
2593	6
2594	6
2595	6
2596	6
2597	6
2598	6
2599	6
2600	6
2601	6
2602	6
2603	6
2604	6
2605	6
2606	6
2607	6
2608	6
2609	6
2610	6
2611	6
2612	6
2613	6
2614	6
2615	6
2616	6
2617	6
2618	6
2619	6
2620	6
2621	6
2622	6
2623	6
2624	6
2625	6
2626	6
2627	6
2628	6
2629	6
2630	6
2631	6
2632	6
2633	6
2634	6
2635	6
2636	6
2637	6
2638	6
2639	6
2640	6
2641	6
2642	6
2643	6
2644	6
2645	6
2646	6
2647	6
2648	6
2649	6
2650	6
2651	6
2652	6
2653	6
2654	6
2655	6
2656	6
2657	6
2658	6
2659	6
2660	6
2661	6
2662	6
2663	6
2664	6
2665	6
2666	6
2667	6
2668	6
2669	6
2670	6
2671	6
2672	6
2673	6
2674	6
2675	6
2676	6
2677	6
2678	6
2679	6
2680	6
2681	6
2682	6
2683	6
2684	6
2685	6
2686	6
2687	6
2688	6
2689	6
2690	6
2691	6
2692	6
2693	6
2694	6
2695	6
2696	6
2697	6
2698	6
2699	6
2700	6
2701	6
2702	6
2703	6
2704	6
2705	6
2706	6
2707	6
2708	6
2709	6
2710	6
2711	6
2712	6
2713	6
2714	6
2715	6
2716	6
2717	6
2718	6
2719	6
2720	6
2721	6
2722	6
2723	6
2724	6
2725	6
2726	6
2727	6
2728	6
2729	6
2730	6
2731	6
2732	6
2733	6
2734	6
2735	6
2736	6
2737	6
2738	6
2739	6
2740	6
2741	6
2742	6
2743	6
2744	6
2745	6
2746	6
2747	6
2748	6
2749	6
2750	6
2751	6
2752	6
2753	6
2754	6
2755	6
2756	6
2757	6
2758	6
2759	6
2760	6
2761	6
2762	6
2763	6
2764	6
2765	6
2766	6
2767	6
2768	6
2769	6
2770	6
2771	6
2772	6
2773	6
2774	6
2775	6
2776	6
2777	6
2778	6
2779	6
2780	6
2781	6
2782	6
2783	6
2784	6
2785	6
2786	6
2787	6
2788	6
2789	6
2790	6
2791	6
2792	6
2793	6
2794	6
2795	6
2796	6
2797	6
2798	6
2799	6
2800	6
2801	6
2802	6
2803	6
2804	6
2805	6
2806	6
2807	6
2808	6
2809	6
2810	6
2811	6
2812	6
2813	6
2814	6
2815	6
2816	6
2817	6
2818	6
2819	6
2820	6
2821	6
2822	6
2823	6
2824	6
2825	6
2826	6
2827	6
2828	6
2829	6
2830	6
2831	6
2832	6
2833	6
2834	6
2835	6
2836	6
2837	6
2838	6
2839	6
2840	6
2841	6
2842	6
2843	6
2844	6
2845	6
2846	6
2847	6
2848	6
2849	6
2850	6
2851	6
2852	6
2853	6
2854	6
2855	6
2856	6
2857	6
2858	6
2859	6
2860	6
2861	6
2862	6
2863	6
2864	6
2865	6
2866	6
2867	6
2868	6
2869	6
2870	6
2871	6
2872	6
2873	6
2874	6
2875	6
2876	6
2877	6
2878	6
2879	6
2880	6
2881	6
2882	6
2883	6
2884	6
2885	6
2886	6
2887	6
2888	6
2889	6
2890	6
2891	6
2892	6
2893	6
2894	6
2895	6
2896	6
2897	6
2898	6
2899	6
2900	6
2901	6
2902	6
2903	6
2904	6
2905	6
2906	6
2907	6
2908	6
2909	6
2910	6
2911	6
2912	6
2913	6
2914	6
2915	6
2916	6
2917	6
2918	6
2919	6
2920	6
2921	6
2922	6
2923	6
2924	6
2925	6
2926	6
2927	6
2928	6
2929	6
2930	6
2931	6
2932	6
2933	6
2934	6
2935	6
2936	6
2937	6
2938	6
2939	6
2940	6
2941	6
2942	6
2943	6
2944	6
2945	6
2946	6
2947	6
2948	6
2949	6
2950	6
2951	6
2952	6
2953	6
2954	6
2955	6
2956	6
2957	6
2958	6
2959	6
2960	6
2961	6
2962	6
2963	6
2964	6
2965	6
2966	6
2967	6
2968	6
2969	6
2970	6
2971	6
2972	6
2973	6
2974	6
2975	6
2976	6
2977	6
2978	6
2979	6
2980	6
2981	6
2982	6
2983	6
2984	6
2985	6
2986	6
2987	6
2988	6
2989	6
2990	6
2991	6
2992	6
2993	6
2994	6
2995	6
2996	6
2997	6
2998	6
2999	6
3000	6
3001	6
3002	6
3003	6
3004	6
3005	6
3006	6
3007	6
3008	6
3009	6
3010	6
3011	6
3012	6
3013	6
3014	6
3015	6
3016	6
3017	6
3018	6
3019	6
3020	6
3021	6
3022	6
3023	6
3024	6
3025	6
3026	6
3027	6
3028	6
3029	6
3030	6
3031	6
3032	6
3033	6
3034	6
3035	6
3036	6
3037	6
3038	6
3039	6
3040	6
3041	6
3042	6
3043	6
3044	6
3045	6
3046	6
3047	6
3048	6
3049	6
3050	6
3051	6
3052	6
3053	6
3054	6
3055	6
3056	6
3057	6
3058	6
3059	6
3060	6
3061	6
3062	6
3063	6
3064	6
3065	6
3066	6
3067	6
3068	6
3069	6
3070	6
3071	6
3072	6
3073	6
3074	6
3075	6
3076	6
3077	6
3078	6
3079	6
3080	6
3081	6
3082	6
3083	6
3084	6
3085	6
3086	6
3087	6
3088	6
3089	6
3090	6
3091	6
3092	6
3093	6
3094	6
3095	6
3096	6
3097	6
3098	6
3099	6
3100	6
3101	6
3102	6
3103	6
3104	6
3105	6
3106	6
3107	6
3108	6
3109	6
3110	6
3111	6
3112	6
3113	6
3114	6
3115	6
3116	6
3117	6
3118	6
3119	6
3120	6
3121	6
3122	6
3123	6
3124	6
3125	6
3126	6
3127	6
3128	6
3129	6
3130	6
3131	6
3132	6
3133	6
3134	6
3135	6
3136	6
3137	6
3138	6
3139	6
3140	6
3141	6
3142	6
3143	6
3144	6
3145	6
3146	6
3147	6
3148	6
3149	6
3150	6
3151	6
3152	6
3153	6
3154	6
3155	6
3156	6
3157	6
3158	6
3159	6
3160	6
3161	6
3162	6
3163	6
3164	6
3165	6
3166	6
3167	6
3168	6
3169	6
3170	6
3171	6
3172	6
3173	6
3174	6
3175	6
3176	6
3177	6
3178	6
3179	6
3180	6
3181	6
3182	6
3183	6
3184	6
3185	6
3186	6
3187	6
3188	6
3189	6
3190	6
3191	6
3192	6
3193	6
3194	6
3195	6
3196	6
3197	6
3198	6
3199	6
3200	6
3201	6
3202	6
3203	6
3204	6
3205	6
3206	6
3207	6
3208	6
3209	6
3210	6
3211	6
3212	6
3213	6
3214	6
3215	6
3216	6
3217	6
3218	6
3219	6
3220	6
3221	6
3222	6
3223	6
3224	6
3225	6
3226	6
3227	6
3228	6
3229	6
3230	6
3231	6
3232	6
3233	6
3234	6
3235	6
3236	6
3237	6
3238	6
3239	6
3240	6
3241	6
3242	6
3243	6
3244	6
3245	6
3246	6
3247	6
3248	6
3249	6
3250	6
3251	6
3252	6
3253	6
3254	6
3255	6
3256	6
3257	6
3258	6
3259	6
3260	6
3261	6
3262	6
3263	6
3264	6
3265	6
3266	6
3267	6
3268	6
3269	6
3270	6
3271	6
3272	6
3273	6
3274	6
3275	6
3276	6
3277	6
3278	6
3279	6
3280	6
3281	6
3282	6
3283	6
3284	6
3285	6
3286	6
3287	6
3288	6
3289	6
3290	6
3291	6
3292	6
3293	6
3294	6
3295	6
3296	6
3297	6
3298	6
3299	6
3300	6
3301	6
3302	6
3303	6
3304	6
3305	6
3306	6
3307	6
3308	6
3309	6
3310	6
3311	6
3312	6
3313	6
3314	6
3315	6
3316	6
3317	6
3318	6
3319	6
3320	6
3321	6
3322	6
3323	6
3324	6
3325	6
3326	6
3327	6
3328	6
3329	6
3330	6
3331	6
3332	6
3333	6
3334	6
3335	6
3336	6
3337	6
3338	6
3339	6
3340	6
3341	6
3342	6
3343	6
3344	6
3345	-1000
3346	-1000
3347	-1000
3348	-1000
3349	-1000
3350	-1000
3351	-1000
3352	-1000
3353	-1000
3354	-1000
3355	-1000
3356	-1000
3357	-1000
3358	-1000
3359	-1000
3360	-1000
3361	-1000
3362	-1000
3363	-1000
3364	-1000
3365	-1000
3366	-1000
3367	-1000
3368	-1000
3369	-1000
3370	-1000
3371	-1000
3372	-1000
3373	-1000
3374	-1000
3375	-1000
3376	-1000
3377	-1000
3378	-1000
3379	-1000
3380	-1000
3381	-1000
3382	-1000
3383	-1000
3384	-1000
3385	-1000
3386	-1000
3387	-1000
3388	-1000
3389	-1000
3390	-1000
3391	-1000
3392	-1000
3393	-1000
3394	-1000
3395	-1000
3396	-1000
3397	-1000
3398	-1000
3399	-1000
3400	-1000
3401	-1000
3402	-1000
3403	-1000
3404	-1000
3405	-1000
3406	-1000
3407	-1000
3408	-1000
3409	-1000
3410	-1000
3411	-1000
3412	-1000
3413	-1000
3414	-1000
3415	-1000
3416	-1000
3417	-1000
3418	-1000
3419	-1000
3420	-1000
3421	-1000
3422	-1000
3423	-1000
3424	-1000
3425	-1000
3426	-1000
3427	-1000
3428	-1000
3429	-1000
3430	-1000
3431	-1000
3432	-1000
3433	-1000
3434	-1000
3435	-1000
3436	-1000
3437	-1000
3438	-1000
3439	-1000
3440	-1000
3441	-1000
3442	-1000
3443	-1000
3444	-1000
3445	-1000
3446	-1000
3447	-1000
3448	-1000
3449	-1000
3450	-1000
3451	-1000
3452	-1000
3453	-1000
3454	-1000
3455	-1000
3456	-1000
3457	-1000
3458	-1000
3459	-1000
3460	-1000
3461	-1000
3462	-1000
3463	-1000
3464	-1000
3465	-1000
3466	-1000
3467	-1000
3468	-1000
3469	-1000
3470	-1000
3471	-1000
3472	-1000
3473	-1000
3474	-1000
3475	-1000
3476	-1000
3477	-1000
3478	-1000
3479	-1000
3480	-1000
3481	-1000
3482	-1000
3483	-1000
3484	-1000
3485	-1000
3486	-1000
3487	-1000
3488	-1000
3489	-1000
3490	-1000
3491	-1000
3492	-1000
3493	-1000
3494	-1000
3495	8
3496	8
3497	8
3498	8
3499	8
3500	8
3501	8
3502	8
3503	8
3504	8
3505	8
3506	8
3507	8
3508	8
3509	8
3510	8
3511	8
3512	8
3513	8
3514	8
3515	8
3516	8
3517	8
3518	8
3519	8
3520	8
3521	8
3522	8
3523	8
3524	8
3525	8
3526	8
3527	8
3528	8
3529	8
3530	8
3531	8
3532	8
3533	8
3534	8
3535	8
3536	8
3537	8
3538	8
3539	8
3540	8
3541	8
3542	8
3543	8
3544	8
3545	8
3546	8
3547	8
3548	8
3549	8
3550	8
3551	8
3552	8
3553	8
3554	8
3555	8
3556	8
3557	8
3558	8
3559	8
3560	8
3561	8
3562	8
3563	8
3564	8
3565	8
3566	8
3567	8
3568	8
3569	8
3570	8
3571	8
3572	8
3573	8
3574	8
3575	8
3576	8
3577	8
3578	8
3579	8
3580	8
3581	8
3582	8
3583	8
3584	8
3585	8
3586	8
3587	8
3588	8
3589	8
3590	8
3591	8
3592	8
3593	8
3594	8
3595	8
3596	8
3597	8
3598	8
3599	8
3600	8
3601	8
3602	8
3603	8
3604	8
3605	8
3606	8
3607	8
3608	8
3609	8
3610	8
3611	8
3612	8
3613	8
3614	8
3615	8
3616	8
3617	8
3618	8
3619	8
3620	8
3621	8
3622	8
3623	8
3624	8
3625	8
3626	8
3627	8
3628	8
3629	8
3630	8
3631	8
3632	8
3633	8
3634	8
3635	8
3636	8
3637	8
3638	8
3639	8
3640	8
3641	8
3642	8
3643	8
3644	8
3645	8
3646	8
3647	8
3648	8
3649	8
3650	8
3651	8
3652	8
3653	8
3654	8
3655	8
3656	8
3657	8
3658	8
3659	8
3660	8
3661	8
3662	8
3663	8
3664	8
3665	8
3666	8
3667	8
3668	8
3669	8
3670	8
3671	8
3672	8
3673	8
3674	8
3675	8
3676	8
3677	8
3678	8
3679	8
3680	8
3681	8
3682	8
3683	8
3684	8
3685	8
3686	8
3687	8
3688	8
3689	8
3690	8
3691	8
3692	8
3693	8
3694	8
3695	8
3696	8
3697	8
3698	8
3699	8
3700	8
3701	8
3702	8
3703	8
3704	8
3705	8
3706	8
3707	8
3708	8
3709	8
3710	8
3711	8
3712	8
3713	8
3714	8
3715	8
3716	8
3717	8
3718	8
3719	8
3720	8
3721	8
3722	8
3723	8
3724	8
3725	8
3726	8
3727	8
3728	8
3729	8
3730	8
3731	8
3732	8
3733	8
3734	8
3735	8
3736	8
3737	8
3738	8
3739	8
3740	8
3741	8
3742	8
3743	8
3744	8
3745	8
3746	8
3747	8
3748	8
3749	8
3750	8
3751	8
3752	8
3753	8
3754	8
3755	8
3756	8
3757	8
3758	8
3759	8
3760	8
3761	8
3762	8
3763	8
3764	8
3765	8
3766	8
3767	8
3768	8
3769	8
3770	8
3771	8
3772	8
3773	8
3774	8
3775	8
3776	8
3777	8
3778	8
3779	8
3780	8
3781	8
3782	8
3783	8
3784	8
3785	8
3786	8
3787	8
3788	8
3789	8
3790	8
3791	8
3792	8
3793	8
3794	8
3795	8
3796	8
3797	8
3798	8
3799	8
3800	8
3801	8
3802	8
3803	8
3804	8
3805	8
3806	8
3807	8
3808	8
3809	8
3810	8
3811	8
3812	8
3813	8
3814	8
3815	8
3816	8
3817	8
3818	8
3819	8
3820	8
3821	8
3822	8
3823	8
3824	8
3825	8
3826	8
3827	8
3828	8
3829	8
3830	8
3831	8
3832	8
3833	8
3834	8
3835	8
3836	8
3837	8
3838	8
3839	8
3840	8
3841	8
3842	8
3843	8
3844	8
3845	8
3846	8
3847	8
3848	8
3849	8
3850	8
3851	8
3852	8
3853	8
3854	8
3855	8
3856	8
3857	8
3858	8
3859	8
3860	8
3861	8
3862	8
3863	8
3864	8
3865	8
3866	8
3867	8
3868	8
3869	8
3870	8
3871	8
3872	8
3873	8
3874	8
3875	8
3876	8
3877	8
3878	8
3879	8
3880	8
3881	8
3882	8
3883	8
3884	8
3885	8
3886	8
3887	8
3888	8
3889	8
3890	8
3891	8
3892	8
3893	8
3894	8
3895	8
3896	8
3897	8
3898	8
3899	8
3900	8
3901	8
3902	8
3903	8
3904	8
3905	8
3906	8
3907	8
3908	8
3909	8
3910	8
3911	8
3912	8
3913	8
3914	8
3915	8
3916	8
3917	8
3918	8
3919	8
3920	8
3921	8
3922	8
3923	8
3924	8
3925	8
3926	8
3927	8
3928	8
3929	8
3930	8
3931	8
3932	8
3933	8
3934	8
3935	8
3936	8
3937	8
3938	8
3939	8
3940	8
3941	8
3942	8
3943	8
3944	8
3945	8
3946	8
3947	8
3948	8
3949	8
3950	8
3951	8
3952	8
3953	8
3954	8
3955	8
3956	8
3957	8
3958	8
3959	8
3960	8
3961	8
3962	8
3963	8
3964	8
3965	8
3966	8
3967	8
3968	8
3969	8
3970	8
3971	8
3972	8
3973	8
3974	8
3975	8
3976	8
3977	8
3978	8
3979	8
3980	8
3981	8
3982	8
3983	8
3984	8
3985	8
3986	8
3987	8
3988	8
3989	8
3990	8
3991	8
3992	8
3993	8
3994	8
3995	8
3996	8
3997	8
3998	8
3999	8
4000	8
4001	8
4002	8
4003	8
4004	8
4005	8
4006	8
4007	8
4008	8
4009	8
4010	8
4011	8
4012	8
4013	8
4014	8
4015	8
4016	8
4017	8
4018	8
4019	8
4020	8
4021	8
4022	8
4023	8
4024	8
4025	8
4026	8
4027	8
4028	8
4029	8
4030	8
4031	8
4032	8
4033	8
4034	8
4035	8
4036	8
4037	8
4038	8
4039	8
4040	8
4041	8
4042	8
4043	8
4044	8
4045	8
4046	8
4047	8
4048	8
4049	8
4050	8
4051	8
4052	8
4053	8
4054	8
4055	8
4056	8
4057	8
4058	8
4059	8
4060	8
4061	8
4062	8
4063	8
4064	8
4065	8
4066	8
4067	8
4068	8
4069	8
4070	8
4071	8
4072	8
4073	8
4074	8
4075	8
4076	8
4077	8
4078	8
4079	8
4080	8
4081	8
4082	8
4083	8
4084	8
4085	8
4086	8
4087	8
4088	8
4089	8
4090	8
4091	8
4092	8
4093	8
4094	8
4095	8
4096	8
4097	8
4098	8
4099	8
4100	8
4101	8
4102	8
4103	8
4104	8
4105	8
4106	8
4107	8
4108	8
4109	8
4110	8
4111	8
4112	8
4113	8
4114	8
4115	8
4116	8
4117	8
4118	8
4119	8
4120	8
4121	8
4122	8
4123	8
4124	8
4125	8
4126	8
4127	8
4128	8
4129	8
4130	8
4131	8
4132	8
4133	8
4134	8
4135	8
4136	8
4137	8
4138	8
4139	8
4140	8
4141	8
4142	8
4143	8
4144	8
4145	8
4146	8
4147	8
4148	8
4149	8
4150	8
4151	8
4152	8
4153	8
4154	8
4155	8
4156	8
4157	8
4158	8
4159	8
4160	8
4161	8
4162	8
4163	8
4164	8
4165	8
4166	8
4167	8
4168	8
4169	8
4170	8
4171	8
4172	8
4173	8
4174	8
4175	8
4176	8
4177	8
4178	8
4179	8
4180	8
4181	8
4182	8
4183	8
4184	8
4185	8
4186	8
4187	8
4188	8
4189	8
4190	8
4191	8
4192	8
4193	8
4194	8
4195	8
4196	8
4197	8
4198	8
4199	8
4200	8
4201	8
4202	8
4203	8
4204	8
4205	8
4206	8
4207	8
4208	8
4209	8
4210	8
4211	8
4212	8
4213	8
4214	8
4215	8
4216	8
4217	8
4218	8
4219	8
4220	8
4221	8
4222	8
4223	8
4224	8
4225	8
4226	8
4227	8
4228	8
4229	8
4230	8
4231	8
4232	8
4233	8
4234	8
4235	8
4236	8
4237	8
4238	8
4239	8
4240	8
4241	8
4242	8
4243	8
4244	8
4245	8
4246	8
4247	8
4248	8
4249	8
4250	8
4251	8
4252	8
4253	8
4254	8
4255	8
4256	8
4257	8
4258	8
4259	8
4260	8
4261	8
4262	8
4263	8
4264	8
4265	8
4266	8
4267	8
4268	8
4269	8
4270	8
4271	8
4272	8
4273	8
4274	8
4275	8
4276	8
4277	8
4278	8
4279	8
4280	8
4281	8
4282	8
4283	8
4284	8
4285	8
4286	8
4287	8
4288	8
4289	8
4290	8
4291	8
4292	8
4293	8
4294	8
4295	8
4296	8
4297	8
4298	8
4299	8
4300	8
4301	8
4302	8
4303	8
4304	8
4305	8
4306	8
4307	8
4308	8
4309	8
4310	8
4311	8
4312	8
4313	8
4314	8
4315	8
4316	8
4317	8
4318	8
4319	8
4320	8
4321	8
4322	8
4323	8
4324	8
4325	8
4326	8
4327	8
4328	8
4329	8
4330	8
4331	8
4332	8
4333	8
4334	8
4335	8
4336	8
4337	8
4338	8
4339	8
4340	8
4341	8
4342	8
4343	8
4344	8
4345	8
4346	8
4347	8
4348	8
4349	8
4350	8
4351	8
4352	8
4353	8
4354	8
4355	8
4356	8
4357	8
4358	8
4359	8
4360	8
4361	8
4362	8
4363	8
4364	8
4365	8
4366	8
4367	8
4368	8
4369	8
4370	8
4371	8
4372	8
4373	8
4374	8
4375	8
4376	8
4377	8
4378	8
4379	8
4380	8
4381	8
4382	8
4383	8
4384	8
4385	8
4386	8
4387	8
4388	8
4389	8
4390	8
4391	8
4392	8
4393	8
4394	8
4395	8
4396	8
4397	8
4398	8
4399	8
4400	8
4401	8
4402	8
4403	8
4404	8
4405	8
4406	8
4407	8
4408	8
4409	8
4410	8
4411	8
4412	8
4413	8
4414	8
4415	8
4416	8
4417	8
4418	8
4419	8
4420	8
4421	8
4422	8
4423	8
4424	8
4425	8
4426	8
4427	8
4428	8
4429	8
4430	8
4431	8
4432	8
4433	8
4434	8
4435	8
4436	8
4437	8
4438	8
4439	8
4440	8
4441	8
4442	8
4443	8
4444	8
4445	8
4446	8
4447	8
4448	8
4449	8
4450	8
4451	8
4452	8
4453	8
4454	8
4455	8
4456	8
4457	8
4458	8
4459	8
4460	8
4461	8
4462	8
4463	8
4464	8
4465	8
4466	8
4467	8
4468	8
4469	8
4470	8
4471	8
4472	8
4473	8
4474	8
4475	8
4476	8
4477	8
4478	8
4479	8
4480	8
4481	8
4482	8
4483	8
4484	8
4485	8
4486	8
4487	8
4488	8
4489	8
4490	8
4491	8
4492	8
4493	8
4494	8
4495	8
4496	8
4497	8
4498	8
4499	8
4500	8
4501	8
4502	8
4503	8
4504	8
4505	8
4506	8
4507	8
4508	8
4509	8
4510	8
4511	8
4512	8
4513	8
4514	8
4515	8
4516	8
4517	8
4518	8
4519	8
4520	8
4521	8
4522	8
4523	8
4524	8
4525	8
4526	8
4527	8
4528	8
4529	8
4530	8
4531	8
4532	8
4533	8
4534	8
4535	8
4536	8
4537	8
4538	8
4539	8
4540	8
4541	8
4542	8
4543	8
4544	8
4545	8
4546	8
4547	8
4548	8
4549	8
4550	8
4551	8
4552	8
4553	8
4554	8
4555	8
4556	8
4557	8
4558	8
4559	8
4560	8
4561	8
4562	8
4563	8
4564	8
4565	8
4566	8
4567	8
4568	8
4569	8
4570	8
4571	8
4572	8
4573	8
4574	8
4575	8
4576	8
4577	8
4578	8
4579	8
4580	8
4581	8
4582	8
4583	8
4584	8
4585	8
4586	8
4587	8
4588	8
4589	8
4590	8
4591	8
4592	8
4593	8
4594	8
4595	8
4596	8
4597	8
4598	8
4599	8
4600	8
4601	8
4602	8
4603	8
4604	8
4605	8
4606	8
4607	8
4608	8
4609	8
4610	8
4611	8
4612	8
4613	8
4614	8
4615	8
4616	8
4617	8
4618	8
4619	8
4620	8
4621	8
4622	8
4623	8
4624	8
4625	8
4626	8
4627	8
4628	8
4629	8
4630	8
4631	8
4632	8
4633	8
4634	8
4635	8
4636	8
4637	8
4638	8
4639	8
4640	8
4641	8
4642	8
4643	8
4644	8
4645	8
4646	8
4647	8
4648	8
4649	8
4650	8
4651	8
4652	8
4653	8
4654	8
4655	8
4656	8
4657	8
4658	8
4659	8
4660	8
4661	8
4662	8
4663	8
4664	8
4665	8
4666	8
4667	8
4668	8
4669	8
4670	8
4671	8
4672	8
4673	8
4674	8
4675	8
4676	8
4677	8
4678	8
4679	8
4680	8
4681	8
4682	8
4683	8
4684	8
4685	8
4686	8
4687	8
4688	8
4689	8
4690	8
4691	8
4692	8
4693	8
4694	8
4695	8
4696	8
4697	8
4698	8
4699	8
4700	8
4701	8
4702	8
4703	8
4704	8
4705	8
4706	8
4707	8
4708	8
4709	8
4710	8
4711	8
4712	8
4713	8
4714	8
4715	8
4716	8
4717	8
4718	8
4719	8
4720	8
4721	8
4722	8
4723	8
4724	8
4725	8
4726	8
4727	8
4728	8
4729	8
4730	8
4731	8
4732	8
4733	8
4734	8
4735	8
4736	8
4737	8
4738	8
4739	8
4740	8
4741	8
4742	8
4743	8
4744	8
4745	8
4746	8
4747	8
4748	8
4749	8
4750	8
4751	8
4752	8
4753	8
4754	8
4755	8
4756	8
4757	8
4758	8
4759	8
4760	8
4761	8
4762	8
4763	8
4764	8
4765	8
4766	8
4767	8
4768	8
4769	8
4770	8
4771	8
4772	8
4773	8
4774	8
4775	8
4776	8
4777	8
4778	8
4779	8
4780	8
4781	8
4782	8
4783	8
4784	8
4785	8
4786	8
4787	8
4788	8
4789	8
4790	8
4791	8
4792	8
4793	8
4794	8
4795	8
4796	8
4797	8
4798	8
4799	8
4800	8
4801	8
4802	8
4803	8
4804	8
4805	8
4806	8
4807	8
4808	8
4809	8
4810	8
4811	8
4812	8
4813	8
4814	8
4815	8
4816	8
4817	8
4818	8
4819	8
4820	8
4821	8
4822	8
4823	8
4824	8
4825	8
4826	8
4827	8
4828	8
4829	8
4830	8
4831	8
4832	8
4833	8
4834	8
4835	8
4836	8
4837	8
4838	8
4839	8
4840	8
4841	8
4842	8
4843	8
4844	8
4845	8
4846	8
4847	8
4848	8
4849	8
4850	8
4851	8
4852	8
4853	8
4854	8
4855	8
4856	8
4857	8
4858	8
4859	8
4860	8
4861	8
4862	8
4863	8
4864	8
4865	8
4866	8
4867	8
4868	8
4869	8
4870	8
4871	8
4872	8
4873	8
4874	8
4875	8
4876	8
4877	8
4878	8
4879	8
4880	8
4881	8
4882	8
4883	8
4884	8
4885	8
4886	8
4887	8
4888	8
4889	8
4890	8
4891	8
4892	8
4893	8
4894	8
4895	8
4896	8
4897	8
4898	8
4899	8
4900	8
4901	8
4902	8
4903	8
4904	8
4905	8
4906	8
4907	8
4908	8
4909	8
4910	8
4911	8
4912	8
4913	8
4914	8
4915	8
4916	8
4917	8
4918	8
4919	8
4920	8
4921	8
4922	8
4923	8
4924	8
4925	8
4926	8
4927	8
4928	8
4929	8
4930	8
4931	8
4932	8
4933	8
4934	8
4935	8
4936	8
4937	8
4938	8
4939	8
4940	8
4941	8
4942	8
4943	8
4944	8
4945	8
4946	8
4947	8
4948	8
4949	8
4950	8
4951	8
4952	8
4953	8
4954	8
4955	8
4956	8
4957	8
4958	8
4959	8
4960	8
4961	8
4962	8
4963	8
4964	8
4965	8
4966	8
4967	8
4968	8
4969	8
4970	8
4971	8
4972	8
4973	8
4974	8
4975	8
4976	8
4977	8
4978	8
4979	8
4980	8
4981	8
4982	8
4983	8
4984	8
4985	8
4986	8
4987	8
4988	8
4989	8
4990	8
4991	8
4992	8
4993	8
4994	8
4995	8
4996	8
4997	8
4998	8
4999	8
5000	8
5001	8
5002	8
5003	8
5004	8
5005	8
5006	8
5007	8
5008	8
5009	8
5010	8
5011	8
5012	8
5013	8
5014	8
5015	8
5016	8
5017	8
5018	8
5019	8
5020	8
5021	8
5022	8
5023	8
5024	8
5025	8
5026	8
5027	8
5028	8
5029	8
5030	8
5031	8
5032	8
5033	8
5034	8
5035	8
5036	8
5037	8
5038	8
5039	8
5040	8
5041	8
5042	8
5043	8
5044	8
5045	8
5046	8
5047	8
5048	8
5049	8
5050	8
5051	8
5052	8
5053	8
5054	8
5055	8
5056	8
5057	8
5058	8
5059	8
5060	8
5061	8
5062	8
5063	8
5064	8
5065	8
5066	8
5067	8
5068	8
5069	8
5070	8
5071	8
5072	8
5073	8
5074	8
5075	8
5076	8
5077	8
5078	8
5079	8
5080	8
5081	8
5082	8
5083	8
5084	8
5085	8
5086	8
5087	8
5088	8
5089	8
5090	8
5091	8
5092	8
5093	8
5094	8
5095	8
5096	8
5097	8
5098	8
5099	8
5100	8
5101	8
5102	8
5103	8
5104	8
5105	8
5106	8
5107	8
5108	8
5109	8
5110	8
5111	8
5112	8
5113	8
5114	8
5115	8
5116	8
5117	8
5118	8
5119	8
5120	8
5121	8
5122	8
5123	8
5124	8
5125	8
5126	8
5127	8
5128	8
5129	8
5130	8
5131	8
5132	8
5133	8
5134	8
5135	8
5136	8
5137	8
5138	8
5139	8
5140	8
5141	8
5142	8
5143	8
5144	8
5145	8
5146	8
5147	8
5148	8
5149	8
5150	8
5151	8
5152	8
5153	8
5154	8
5155	8
5156	8
5157	8
5158	8
5159	8
5160	8
5161	8
5162	8
5163	8
5164	8
5165	8
5166	8
5167	8
5168	8
5169	8
5170	8
5171	8
5172	8
5173	8
5174	8
5175	8
5176	8
5177	8
5178	8
5179	8
5180	8
5181	8
5182	8
5183	8
5184	8
5185	8
5186	8
5187	8
5188	8
5189	8
5190	8
5191	8
5192	8
5193	8
5194	8
5195	8
5196	8
5197	8
5198	8
5199	8
5200	8
5201	8
5202	8
5203	8
5204	8
5205	8
5206	8
5207	8
5208	8
5209	8
5210	8
5211	8
5212	8
5213	8
5214	8
5215	8
5216	8
5217	8
5218	8
5219	8
5220	8
5221	8
5222	8
5223	8
5224	8
5225	8
5226	8
5227	8
5228	8
5229	8
5230	8
5231	8
5232	8
5233	8
5234	8
5235	8
5236	8
5237	8
5238	8
5239	8
5240	8
5241	8
5242	8
5243	8
5244	8
5245	8
5246	8
5247	8
5248	8
5249	8
5250	8
5251	8
5252	8
5253	8
5254	8
5255	8
5256	8
5257	8
5258	8
5259	8
5260	8
5261	8
5262	8
5263	8
5264	8
5265	8
5266	8
5267	8
5268	8
5269	8
5270	8
5271	8
5272	8
5273	8
5274	8
5275	8
5276	8
5277	8
5278	8
5279	8
5280	8
5281	8
5282	8
5283	8
5284	8
5285	8
5286	8
5287	8
5288	8
5289	8
5290	8
5291	8
5292	8
5293	8
5294	8
5295	8
5296	8
5297	8
5298	8
5299	8
5300	8
5301	8
5302	8
5303	8
5304	8
5305	8
5306	8
5307	8
5308	8
5309	8
5310	8
5311	8
5312	8
5313	8
5314	8
5315	8
5316	8
5317	8
5318	8
5319	8
5320	8
5321	8
5322	8
5323	8
5324	8
5325	8
5326	8
5327	8
5328	8
5329	8
5330	8
5331	8
5332	8
5333	8
5334	8
5335	8
5336	8
5337	8
5338	8
5339	8
5340	8
5341	8
5342	8
5343	8
5344	8
5345	8
5346	8
5347	8
5348	8
5349	8
5350	8
5351	8
5352	8
5353	8
5354	8
5355	8
5356	8
5357	8
5358	8
5359	8
5360	8
5361	8
5362	8
5363	8
5364	8
5365	8
5366	8
5367	8
5368	8
5369	8
5370	8
5371	8
5372	8
5373	8
5374	8
5375	8
5376	8
5377	8
5378	8
5379	8
5380	8
5381	8
5382	8
5383	8
5384	8
5385	8
5386	8
5387	8
5388	8
5389	8
5390	8
5391	8
5392	8
5393	8
5394	8
5395	8
5396	8
5397	8
5398	8
5399	8
5400	8
5401	8
5402	8
5403	8
5404	8
5405	8
5406	8
5407	8
5408	8
5409	8
5410	8
5411	8
5412	8
5413	8
5414	8
5415	8
5416	8
5417	8
5418	8
5419	8
5420	8
5421	8
5422	8
5423	8
5424	8
5425	8
5426	8
5427	8
5428	8
5429	8
5430	8
5431	8
5432	8
5433	8
5434	8
5435	8
5436	8
5437	8
5438	8
5439	8
5440	8
5441	8
5442	8
5443	8
5444	8
5445	8
5446	8
5447	8
5448	8
5449	8
5450	8
5451	8
5452	8
5453	8
5454	8
5455	8
5456	8
5457	8
5458	8
5459	8
5460	8
5461	8
5462	8
5463	8
5464	8
5465	8
5466	8
5467	8
5468	8
5469	8
5470	8
5471	8
5472	8
5473	8
5474	8
5475	8
5476	8
5477	8
5478	8
5479	8
5480	8
5481	8
5482	8
5483	8
5484	8
5485	8
5486	8
5487	8
5488	8
5489	8
5490	8
5491	8
5492	8
5493	-1000
5494	-1000
5495	-1000
5496	-1000
5497	-1000
5498	-1000
5499	-1000
5500	-1000
5501	-1000
5502	-1000
5503	-1000
5504	-1000
5505	-1000
5506	-1000
5507	-1000
5508	-1000
5509	-1000
5510	-1000
5511	-1000
5512	-1000
5513	-1000
5514	-1000
5515	-1000
5516	-1000
5517	-1000
5518	-1000
5519	-1000
5520	-1000
5521	-1000
5522	-1000
5523	-1000
5524	-1000
5525	-1000
5526	-1000
5527	-1000
5528	-1000
5529	-1000
5530	-1000
5531	-1000
5532	-1000
5533	-1000
5534	-1000
5535	-1000
5536	-1000
5537	-1000
5538	-1000
5539	-1000
5540	-1000
5541	-1000
5542	-1000
5543	-1000
5544	-1000
5545	-1000
5546	-1000
5547	-1000
5548	-1000
5549	-1000
5550	-1000
5551	-1000
5552	-1000
5553	-1000
5554	-1000
5555	-1000
5556	-1000
5557	-1000
5558	-1000
5559	-1000
5560	-1000
5561	-1000
5562	-1000
5563	-1000
5564	-1000
5565	-1000
5566	-1000
5567	-1000
5568	-1000
5569	-1000
5570	-1000
5571	-1000
5572	-1000
5573	-1000
5574	-1000
5575	-1000
5576	-1000
5577	-1000
5578	-1000
5579	-1000
5580	-1000
5581	-1000
5582	-1000
5583	-1000
5584	-1000
5585	-1000
5586	-1000
5587	-1000
5588	-1000
5589	-1000
5590	-1000
5591	-1000
5592	-1000
5593	-1000
5594	-1000
5595	-1000
5596	-1000
5597	-1000
5598	-1000
5599	-1000
5600	-1000
5601	-1000
5602	-1000
5603	-1000
5604	-1000
5605	-1000
5606	-1000
5607	-1000
5608	-1000
5609	-1000
5610	-1000
5611	-1000
5612	-1000
5613	-1000
5614	-1000
5615	-1000
5616	-1000
5617	-1000
5618	-1000
5619	-1000
5620	-1000
5621	-1000
5622	-1000
5623	-1000
5624	-1000
5625	-1000
5626	-1000
5627	-1000
5628	-1000
5629	-1000
5630	-1000
5631	-1000
5632	-1000
5633	-1000
5634	-1000
5635	-1000
5636	-1000
5637	-1000
5638	-1000
5639	-1000
5640	-1000
5641	-1000
5642	-1000
5643	-1000
5644	-1000
5645	-1000
5646	-1000
5647	-1000
5648	-1000
5649	-1000
5650	-1000
5651	-1000
5652	-1000
5653	-1000
5654	-1000
5655	-1000
5656	-1000
5657	-1000
5658	-1000
5659	-1000
5660	-1000
5661	-1000
5662	-1000
5663	5
5664	5
5665	5
5666	5
5667	5
5668	5
5669	5
5670	5
5671	5
5672	5
5673	5
5674	5
5675	5
5676	5
5677	5
5678	5
5679	5
5680	5
5681	5
5682	5
5683	5
5684	5
5685	5
5686	5
5687	5
5688	5
5689	5
5690	5
5691	5
5692	5
5693	5
5694	5
5695	5
5696	5
5697	5
5698	5
5699	5
5700	5
5701	5
5702	5
5703	5
5704	5
5705	5
5706	5
5707	5
5708	5
5709	5
5710	5
5711	5
5712	5
5713	5
5714	5
5715	5
5716	5
5717	5
5718	5
5719	5
5720	5
5721	5
5722	5
5723	5
5724	5
5725	5
5726	5
5727	5
5728	5
5729	5
5730	5
5731	5
5732	5
5733	5
5734	5
5735	5
5736	5
5737	5
5738	5
5739	5
5740	5
5741	5
5742	5
5743	5
5744	5
5745	5
5746	5
5747	5
5748	5
5749	5
5750	5
5751	5
5752	5
5753	5
5754	5
5755	5
5756	5
5757	5
5758	5
5759	5
5760	5
5761	5
5762	5
5763	5
5764	5
5765	5
5766	5
5767	5
5768	5
5769	5
5770	5
5771	5
5772	5
5773	5
5774	5
5775	5
5776	5
5777	5
5778	5
5779	5
5780	5
5781	5
5782	5
5783	5
5784	5
5785	5
5786	5
5787	5
5788	5
5789	5
5790	5
5791	5
5792	5
5793	5
5794	5
5795	5
5796	5
5797	5
5798	5
5799	5
5800	5
5801	5
5802	5
5803	5
5804	5
5805	5
5806	5
5807	5
5808	5
5809	5
5810	5
5811	5
5812	5
5813	5
5814	5
5815	5
5816	5
5817	5
5818	5
5819	5
5820	5
5821	5
5822	5
5823	5
5824	5
5825	5
5826	5
5827	5
5828	5
5829	5
5830	5
5831	5
5832	5
5833	5
5834	5
5835	5
5836	5
5837	5
5838	5
5839	5
5840	5
5841	5
5842	5
5843	5
5844	5
5845	5
5846	5
5847	5
5848	5
5849	5
5850	5
5851	5
5852	5
5853	5
5854	5
5855	5
5856	5
5857	5
5858	5
5859	5
5860	5
5861	5
5862	5
5863	5
5864	5
5865	5
5866	5
5867	5
5868	5
5869	5
5870	5
5871	5
5872	5
5873	5
5874	5
5875	5
5876	5
5877	5
5878	5
5879	5
5880	5
5881	5
5882	5
5883	-1000
5884	-1000
5885	-1000
5886	-1000
5887	-1000
5888	-1000
5889	-1000
5890	-1000
5891	-1000
5892	-1000
5893	-1000
5894	-1000
5895	-1000
5896	-1000
5897	-1000
5898	-1000
5899	-1000
5900	-1000
5901	-1000
5902	-1000
5903	-1000
5904	-1000
5905	-1000
5906	-1000
5907	-1000
5908	-1000
5909	-1000
5910	-1000
5911	-1000
5912	-1000
5913	-1000
5914	-1000
5915	-1000
5916	-1000
5917	-1000
5918	-1000
5919	-1000
5920	-1000
5921	-1000
5922	-1000
5923	-1000
5924	-1000
5925	-1000
5926	-1000
5927	-1000
5928	-1000
5929	-1000
5930	-1000
5931	-1000
5932	-1000
5933	-1000
5934	-1000
5935	-1000
5936	-1000
5937	-1000
5938	-1000
5939	-1000
5940	-1000
5941	-1000
5942	-1000
5943	-1000
5944	-1000
5945	-1000
5946	-1000
5947	-1000
5948	-1000
5949	-1000
5950	-1000
5951	-1000
5952	-1000
5953	-1000
5954	-1000
5955	-1000
5956	-1000
5957	-1000
5958	-1000
5959	-1000
5960	-1000
5961	-1000
5962	-1000
5963	-1000
5964	-1000
5965	-1000
5966	-1000
5967	-1000
5968	-1000
5969	-1000
5970	-1000
5971	-1000
5972	-1000
5973	-1000
5974	-1000
5975	-1000
5976	-1000
5977	-1000
5978	-1000
5979	-1000
5980	-1000
5981	-1000
5982	-1000
5983	-1000
5984	-1000
5985	-1000
5986	-1000
5987	-1000
5988	-1000
5989	-1000
5990	-1000
5991	-1000
5992	-1000
5993	-1000
5994	-1000
5995	-1000
5996	-1000
5997	-1000
5998	-1000
5999	-1000
6000	-1000
6001	-1000
6002	-1000
6003	-1000
6004	-1000
6005	-1000
6006	-1000
6007	-1000
6008	-1000
6009	-1000
6010	-1000
6011	-1000
6012	-1000
6013	-1000
6014	-1000
6015	-1000
6016	-1000
6017	-1000
6018	-1000
6019	-1000
6020	-1000
6021	-1000
6022	-1000
6023	-1000
6024	-1000
6025	-1000
6026	-1000
6027	-1000
6028	-1000
6029	-1000
6030	-1000
6031	-1000
6032	-1000
6033	-1000
6034	-1000
6035	-1000
6036	-1000
6037	-1000
6038	-1000
6039	-1000
6040	-1000
6041	-1000
6042	-1000
6043	-1000
6044	-1000
6045	-1000
6046	-1000
6047	-1000
6048	-1000
6049	-1000
6050	-1000
6051	-1000
6052	-1000
6053	-1000
6054	-1000
6055	-1000
6056	-1000
6057	-1000
6058	-1000
6059	-1000
6060	-1000
6061	-1000
6062	-1000
6063	-1000
6064	-1000
6065	-1000
6066	-1000
6067	-1000
6068	-1000
6069	-1000
6070	-1000
6071	-1000
6072	-1000
6073	-1000
6074	-1000
6075	-1000
6076	-1000
6077	-1000
6078	-1000
6079	-1000
6080	-1000
6081	-1000
6082	-1000
6083	-1000
6084	-1000
6085	-1000
6086	-1000
6087	-1000
6088	-1000
6089	-1000
6090	-1000
6091	-1000
6092	-1000
6093	-1000
6094	-1000
6095	-1000
6096	-1000
6097	-1000
6098	-1000
6099	-1000
6100	-1000
6101	-1000
6102	-1000
6103	-1000
6104	-1000
6105	-1000
6106	-1000
6107	-1000
6108	-1000
6109	-1000
6110	-1000
6111	-1000
6112	-1000
6113	-1000
6114	-1000
6115	-1000
6116	-1000
6117	-1000
6118	-1000
6119	-1000
6120	-1000
6121	-1000
6122	-1000
6123	-1000
6124	-1000
6125	-1000
6126	-1000
6127	-1000
6128	-1000
6129	-1000
6130	-1000
6131	-1000
6132	-1000
6133	-1000
6134	-1000
6135	-1000
6136	-1000
6137	-1000
6138	-1000
6139	-1000
6140	-1000
6141	-1000
6142	-1000
6143	-1000
6144	-1000
6145	-1000
6146	-1000
6147	-1000
6148	-1000
6149	-1000
6150	-1000
6151	-1000
6152	-1000
6153	-1000
6154	-1000
6155	-1000
6156	-1000
6157	-1000
6158	-1000
6159	-1000
6160	-1000
6161	-1000
6162	-1000
6163	-1000
6164	-1000
6165	-1000
6166	-1000
6167	-1000
6168	-1000
6169	-1000
6170	-1000
6171	-1000
6172	-1000
6173	-1000
6174	-1000
6175	-1000
6176	-1000
6177	-1000
6178	-1000
6179	-1000
6180	-1000
6181	-1000
6182	-1000
6183	-1000
6184	-1000
6185	-1000
6186	-1000
6187	-1000
6188	-1000
6189	-1000
6190	-1000
6191	-1000
6192	-1000
6193	-1000
6194	-1000
6195	-1000
6196	-1000
6197	-1000
6198	-1000
6199	-1000
6200	-1000
6201	-1000
6202	-1000
6203	-1000
6204	-1000
6205	-1000
6206	-1000
6207	-1000
6208	-1000
6209	-1000
6210	-1000
6211	-1000
6212	-1000
6213	-1000
6214	-1000
6215	-1000
6216	-1000
6217	-1000
6218	-1000
6219	-1000
6220	-1000
6221	-1000
6222	-1000
6223	-1000
6224	-1000
6225	-1000
6226	-1000
6227	-1000
6228	-1000
6229	-1000
6230	-1000
6231	-1000
6232	-1000
6233	-1000
6234	-1000
6235	-1000
6236	-1000
6237	-1000
6238	-1000
6239	-1000
6240	-1000
6241	-1000
6242	-1000
6243	-1000
6244	-1000
6245	-1000
6246	-1000
6247	-1000
6248	-1000
6249	-1000
6250	-1000
6251	-1000
6252	-1000
6253	-1000
6254	-1000
6255	-1000
6256	-1000
6257	-1000
6258	-1000
6259	-1000
6260	-1000
6261	-1000
6262	-1000
6263	-1000
6264	-1000
6265	-1000
6266	-1000
6267	-1000
6268	-1000
6269	-1000
6270	-1000
6271	-1000
6272	-1000
6273	-1000
6274	-1000
6275	-1000
6276	-1000
6277	-1000
6278	-1000
6279	-1000
6280	-1000
6281	-1000
6282	-1000
6283	-1000
6284	-1000
6285	-1000
6286	-1000
6287	-1000
6288	-1000
6289	-1000
6290	-1000
6291	-1000
6292	-1000
6293	-1000
6294	-1000
6295	-1000
6296	-1000
6297	-1000
6298	-1000
6299	-1000
6300	-1000
6301	-1000
6302	-1000
6303	-1000
6304	-1000
6305	-1000
6306	-1000
6307	-1000
6308	-1000
6309	-1000
6310	-1000
6311	-1000
6312	-1000
6313	-1000
6314	-1000
6315	-1000
6316	-1000
6317	-1000
6318	-1000
6319	-1000
6320	-1000
6321	-1000
6322	-1000
6323	-1000
6324	-1000
6325	-1000
6326	-1000
6327	-1000
6328	-1000
6329	-1000
6330	-1000
6331	-1000
6332	-1000
6333	-1000
6334	-1000
6335	-1000
6336	-1000
6337	-1000
6338	-1000
6339	-1000
6340	-1000
6341	-1000
6342	-1000
6343	-1000
6344	-1000
6345	-1000
6346	-1000
6347	-1000
6348	-1000
6349	-1000
6350	-1000
6351	-1000
6352	-1000
6353	-1000
6354	-1000
6355	-1000
6356	-1000
6357	-1000
6358	-1000
6359	-1000
6360	-1000
6361	-1000
6362	-1000
6363	-1000
6364	-1000
6365	-1000
6366	-1000
6367	-1000
6368	-1000
6369	-1000
6370	-1000
6371	-1000
6372	-1000
6373	-1000
6374	-1000
6375	-1000
6376	-1000
6377	-1000
6378	-1000
6379	-1000
6380	-1000
6381	-1000
6382	-1000
6383	-1000
6384	-1000
6385	-1000
6386	-1000
6387	-1000
6388	-1000
6389	-1000
6390	-1000
6391	-1000
6392	-1000
6393	-1000
6394	-1000
6395	-1000
6396	-1000
6397	-1000
6398	-1000
6399	-1000
6400	-1000
6401	-1000
6402	-1000
6403	-1000
6404	-1000
6405	-1000
6406	-1000
6407	-1000
6408	-1000
6409	-1000
6410	-1000
6411	-1000
6412	-1000
6413	-1000
6414	-1000
6415	-1000
6416	-1000
6417	-1000
6418	-1000
6419	-1000
6420	-1000
6421	-1000
6422	-1000
6423	-1000
6424	-1000
6425	-1000
6426	-1000
6427	-1000
6428	-1000
6429	-1000
6430	-1000
6431	-1000
6432	-1000
6433	-1000
6434	-1000
6435	-1000
6436	-1000
6437	-1000
6438	-1000
6439	-1000
6440	-1000
6441	-1000
6442	-1000
6443	-1000
6444	-1000
6445	-1000
6446	-1000
6447	-1000
6448	-1000
6449	-1000
6450	-1000
6451	-1000
6452	-1000
6453	-1000
6454	-1000
6455	-1000
6456	-1000
6457	-1000
6458	-1000
6459	-1000
6460	-1000
6461	-1000
6462	-1000
6463	-1000
6464	-1000
6465	-1000
6466	-1000
6467	-1000
6468	-1000
6469	-1000
6470	-1000
6471	-1000
6472	-1000
6473	-1000
6474	-1000
6475	-1000
6476	-1000
6477	-1000
6478	-1000
6479	-1000
6480	-1000
6481	-1000
6482	-1000
6483	-1000
6484	-1000
6485	-1000
6486	-1000
6487	-1000
6488	-1000
6489	-1000
6490	-1000
6491	-1000
6492	-1000
6493	-1000
6494	-1000
6495	-1000
6496	-1000
6497	-1000
6498	-1000
6499	-1000
6500	-1000
6501	-1000
6502	-1000
6503	-1000
6504	-1000
6505	-1000
6506	-1000
6507	-1000
6508	-1000
6509	-1000
6510	-1000
6511	-1000
6512	-1000
6513	-1000
6514	-1000
6515	-1000
6516	-1000
6517	-1000
6518	-1000
6519	-1000
6520	-1000
6521	-1000
6522	-1000
6523	-1000
6524	-1000
6525	-1000
6526	-1000
6527	-1000
6528	-1000
6529	-1000
6530	-1000
6531	-1000
6532	-1000
6533	-1000
6534	-1000
6535	-1000
6536	-1000
6537	-1000
6538	-1000
6539	-1000
6540	-1000
6541	-1000
6542	-1000
6543	-1000
6544	-1000
6545	-1000
6546	-1000
6547	-1000
6548	-1000
6549	-1000
6550	-1000
6551	-1000
6552	-1000
6553	-1000
6554	-1000
6555	-1000
6556	-1000
6557	-1000
6558	-1000
6559	-1000
6560	-1000
6561	-1000
6562	-1000
6563	-1000
6564	-1000
6565	-1000
6566	-1000
6567	-1000
6568	-1000
6569	-1000
6570	-1000
6571	-1000
6572	-1000
6573	-1000
6574	-1000
6575	-1000
6576	-1000
6577	-1000
6578	-1000
6579	-1000
6580	-1000
6581	-1000
6582	-1000
6583	-1000
6584	-1000
6585	-1000
6586	-1000
6587	-1000
6588	-1000
6589	-1000
6590	-1000
6591	-1000
6592	-1000
6593	-1000
6594	-1000
6595	-1000
6596	-1000
6597	-1000
6598	-1000
6599	-1000
6600	-1000
6601	-1000
6602	-1000
6603	-1000
6604	-1000
6605	-1000
6606	-1000
6607	-1000
6608	-1000
6609	-1000
6610	-1000
6611	-1000
6612	-1000
6613	-1000
6614	-1000
6615	-1000
6616	-1000
6617	-1000
6618	-1000
6619	-1000
6620	-1000
6621	-1000
6622	-1000
6623	-1000
6624	-1000
6625	-1000
6626	-1000
6627	-1000
6628	-1000
6629	-1000
6630	-1000
6631	-1000
6632	-1000
6633	-1000
6634	-1000
6635	-1000
6636	-1000
6637	-1000
6638	-1000
6639	-1000
6640	-1000
6641	-1000
6642	-1000
6643	-1000
6644	-1000
6645	-1000
6646	-1000
6647	-1000
6648	-1000
6649	-1000
6650	-1000
6651	-1000
6652	-1000
6653	-1000
6654	-1000
6655	-1000
6656	-1000
6657	-1000
6658	-1000
6659	-1000
6660	-1000
6661	-1000
6662	-1000
6663	-1000
6664	-1000
6665	-1000
6666	-1000
6667	-1000
6668	-1000
6669	-1000
6670	-1000
6671	-1000
6672	-1000
6673	-1000
6674	-1000
6675	-1000
6676	-1000
6677	-1000
6678	-1000
6679	-1000
6680	-1000
6681	-1000
6682	-1000
6683	-1000
6684	-1000
6685	-1000
6686	-1000
6687	-1000
6688	-1000
6689	-1000
6690	-1000
6691	-1000
6692	-1000
6693	-1000
6694	-1000
6695	-1000
6696	-1000
6697	-1000
6698	-1000
6699	-1000
6700	-1000
6701	-1000
6702	-1000
6703	-1000
6704	-1000
6705	-1000
6706	-1000
6707	-1000
6708	-1000
6709	-1000
6710	-1000
6711	-1000
6712	-1000
6713	-1000
6714	-1000
6715	-1000
6716	-1000
6717	-1000
6718	-1000
6719	-1000
6720	-1000
6721	-1000
6722	-1000
6723	-1000
6724	-1000
6725	-1000
6726	-1000
6727	-1000
6728	-1000
6729	-1000
6730	-1000
6731	-1000
6732	-1000
